year,migback,quintil_oecd,n,mean,mean_lower_confidence,mean_upper_confidence,lower_quartile,boxplot_median,upper_quartile,lower_whisker,upper_whisker,median,median_lower_confidence,median_upper_confidence
1984,kein Migrationshintergrund,1. Quintil,,,,,,,,,,,,
1984,kein Migrationshintergrund,2. Quintil,,,,,,,,,,,,
1984,kein Migrationshintergrund,3. Quintil,,,,,,,,,,,,
1984,kein Migrationshintergrund,4. Quintil,,,,,,,,,,,,
1984,kein Migrationshintergrund,5. Quintil,,,,,,,,,,,,
1984,direkter Migrationshintergrund,1. Quintil,,,,,,,,,,,,
1984,direkter Migrationshintergrund,2. Quintil,,,,,,,,,,,,
1984,direkter Migrationshintergrund,3. Quintil,,,,,,,,,,,,
1984,direkter Migrationshintergrund,4. Quintil,,,,,,,,,,,,
1984,direkter Migrationshintergrund,5. Quintil,,,,,,,,,,,,
1984,indirekter Migrationshintergrund,1. Quintil,,,,,,,,,,,,
1984,indirekter Migrationshintergrund,2. Quintil,,,,,,,,,,,,
1984,indirekter Migrationshintergrund,3. Quintil,,,,,,,,,,,,
1984,indirekter Migrationshintergrund,4. Quintil,,,,,,,,,,,,
1985,kein Migrationshintergrund,1. Quintil,4029,1.0602499923019602,1.0218349020484068,1.0986650825555135,3.5563126423649956,0.0,0.0,8.890781605912489,-5.334468963547494,0.0,0.0,0.0
1985,kein Migrationshintergrund,2. Quintil,2130,0.9395685988432567,0.8873295070524122,0.9918076906341012,2.8975767472595426,0.0,0.0,7.243941868148857,-4.346365120889314,0.0,0.0,0.0
1985,kein Migrationshintergrund,3. Quintil,1050,0.6731751476855565,0.6138420105834677,0.7325082847876454,1.640419780787284,0.0,0.0,4.10104945196821,-2.460629671180926,0.0,0.0,0.0
1985,kein Migrationshintergrund,4. Quintil,436,0.40600677149090453,0.3244913775990983,0.48752216538271076,0.0,0.0,0.0,0.0,0.0,0.0,0.0,0.0
1985,kein Migrationshintergrund,5. Quintil,151,1.0057623518752712,0.7604830117247887,1.2510416920257537,0.0,0.3462164572230914,0.0,6.0,0.0,0.0,0.0,0.0
1985,direkter Migrationshintergrund,1. Quintil,1920,1.7627175663594925,1.6946251449215253,1.8308099877974597,0.0,6.37319310905384,0.0,0.0,0.0,0.0,0.0,0.0
1985,direkter Migrationshintergrund,2. Quintil,653,1.3814328040702986,1.2710707406897521,1.491794867450845,5.076584956024149,0.616169900502819,0.0,12.691462390060373,-7.614877434036224,0.0,0.0,0.0
1985,direkter Migrationshintergrund,3. Quintil,221,0.6734841156120107,0.5437206341768637,0.8032475970471578,0.5445736658708609,0.0,0.0,1.3614341646771522,-0.8168604988062913,0.0,0.0,0.0
1985,direkter Migrationshintergrund,4. Quintil,43,0.12296882613028097,-0.0015466363891572105,0.24748428864971916,0.0,0.0,0.0,0.0,0.0,0.0,0.0,0.0
1985,direkter Migrationshintergrund,5. Quintil,,,,,,,,,,,,
1985,indirekter Migrationshintergrund,1. Quintil,70,0.922608274397345,0.6404278696127821,1.204788679181908,0.0,0.0,0.0,0.0,0.0,0.0,0.0,0.0
1985,indirekter Migrationshintergrund,2. Quintil,30,0.3994592392630295,0.18153478225143738,0.6173836962746216,0.0,1.1082711434393464,0.0,0.0,0.0,0.0,0.0,0.0
1985,indirekter Migrationshintergrund,3. Quintil,,,,,,,,,,,,
1985,indirekter Migrationshintergrund,4. Quintil,,,,,,,,,,,,
1986,kein Migrationshintergrund,1. Quintil,3594,1.1822314205797804,1.1374155526832217,1.227047288476339,0.0,0.0,1.34175955777993,0.0,0.0,0.0,0.0,0.0
1986,kein Migrationshintergrund,2. Quintil,2099,0.9109684534015666,0.8611950382691265,0.9607418685340068,0.0,11.828953053888428,0.0,6.0,0.0,0.0,0.0,0.0
1986,kein Migrationshintergrund,3. Quintil,1127,0.8080736393533385,0.7394429501021366,0.8767043286045405,0.0,0.0,0.0,0.0,0.0,0.0,0.0,0.0
1986,kein Migrationshintergrund,4. Quintil,477,0.5248844284296152,0.4323019764510664,0.6174668804081641,0.0,10.249230697409686,0.0,0.0,0.0,0.0,0.0,0.0
1986,kein Migrationshintergrund,5. Quintil,144,0.6233149258861809,0.46268248177103666,0.7839473700013251,0.0,0.6770151888372062,0.0,0.0,0.0,0.0,0.0,0.0
1986,direkter Migrationshintergrund,1. Quintil,1763,1.91957427010888,1.8420800987899588,1.9970684414278013,0.0,0.9156155820999295,5.1340269668915735,0.0,2.0,0.0,0.0,0.0
1986,direkter Migrationshintergrund,2. Quintil,688,1.2082785110692789,1.1156177584912736,1.300939263647284,0.0,5.26958862326249,0.0,0.0,0.0,0.0,0.0,0.0
1986,direkter Migrationshintergrund,3. Quintil,238,0.7544943139809291,0.6203873531363571,0.8886012748255012,4.769625117465277,0.0,0.0,11.924062793663193,-7.154437676197915,0.0,0.0,0.0
1986,direkter Migrationshintergrund,4. Quintil,37,0.37943534519577415,0.16801439758507433,0.590856292806474,0.0,0.0,0.0,0.0,0.0,0.0,0.0,0.0
1986,direkter Migrationshintergrund,5. Quintil,,,,,,,,,,,,
1986,indirekter Migrationshintergrund,1. Quintil,80,1.260556174527726,0.9367110268773643,1.584401322178088,0.0,0.0,0.0,0.0,0.0,0.0,0.0,0.0
1986,indirekter Migrationshintergrund,2. Quintil,36,1.9541415529794028,1.3148098728767945,2.593473233082011,2.986968527627567,7.2413628028842805,0.0,7.467421319068917,-4.48045279144135,0.0,0.0,0.0
1986,indirekter Migrationshintergrund,3. Quintil,,,,,,,,,,,,
1986,indirekter Migrationshintergrund,4. Quintil,,,,,,,,,,,,
1986,indirekter Migrationshintergrund,5. Quintil,,,,,,,,,,,,
1987,kein Migrationshintergrund,1. Quintil,3186,1.326545935109375,1.2746669858558834,1.3784248843628664,0.0,0.0,0.0,0.0,0.0,0.0,0.0,0.0
1987,kein Migrationshintergrund,2. Quintil,2104,1.0762220915053877,1.0184779045278094,1.133966278482966,0.0,0.0,0.0,0.0,0.0,0.0,0.0,0.0
1987,kein Migrationshintergrund,3. Quintil,1278,0.784201951405726,0.7235136794951804,0.8448902233162716,0.0,0.0,0.0,0.0,0.0,0.0,0.0,0.0
1987,kein Migrationshintergrund,4. Quintil,544,0.7421207205643461,0.6509229742998093,0.8333184668288829,1.3971132188879987,0.0,0.9362784495054881,2.0883653729617646,0.24502629543172227,0.0,0.0,0.0
1987,kein Migrationshintergrund,5. Quintil,204,0.6651430740876939,0.5225836976243057,0.8077024505510821,0.0,0.0,0.0,0.0,0.0,0.0,0.0,0.0
1987,direkter Migrationshintergrund,1. Quintil,1636,2.1238867466690983,2.041444117301785,2.2063293760364115,2.3520681252668996,0.0,0.0,5.880170313167248,-3.528102187900349,0.0,0.0,0.0
1987,direkter Migrationshintergrund,2. Quintil,724,1.1917100923204458,1.1054326818530564,1.2779875027878351,0.0,0.0,0.0,0.0,0.0,0.0,0.0,0.0
1987,direkter Migrationshintergrund,3. Quintil,309,0.8302550203173334,0.6994357408843992,0.9610742997502677,0.6457282999428842,0.0,0.0,1.6143207498572103,-0.9685924499143262,0.0,0.0,0.0
1987,direkter Migrationshintergrund,4. Quintil,50,0.3651623147826056,0.19121102897909842,0.5391136005861128,0.0,4.645266391535023,0.0,0.0,0.0,0.0,0.0,0.0
1987,direkter Migrationshintergrund,5. Quintil,,,,,,,,,,,,
1987,indirekter Migrationshintergrund,1. Quintil,83,1.932463628914881,1.5348344820030873,2.330092775826675,2.1289037734300247,2.501899347389873,4.23671410635744,0.0,4.0,0.0,0.0,0.0
1987,indirekter Migrationshintergrund,2. Quintil,51,1.8279550510505749,1.09087760216473,2.56503249993642,0.0,0.0,0.0,0.0,0.0,0.0,0.0,0.0
1987,indirekter Migrationshintergrund,3. Quintil,,,,,,,,,,,,
1987,indirekter Migrationshintergrund,4. Quintil,,,,,,,,,,,,
1987,indirekter Migrationshintergrund,5. Quintil,,,,,,,,,,,,
1988,kein Migrationshintergrund,1. Quintil,2780,1.3440685958577892,1.2887365697682431,1.3994006219473352,0.0,0.0,0.0,0.0,0.0,0.0,0.0,0.0
1988,kein Migrationshintergrund,2. Quintil,2055,1.1604475513380341,1.1014798066795826,1.2194152959964857,0.0,0.0,0.0,0.0,0.0,0.0,0.0,0.0
1988,kein Migrationshintergrund,3. Quintil,1277,0.8660990537559619,0.798881270373292,0.9333168371386317,0.3214542171468275,0.0,0.0,0.8036355428670687,-0.4821813257202412,0.0,0.0,0.0
1988,kein Migrationshintergrund,4. Quintil,610,0.7467774527138589,0.6525794823239857,0.8409754231037321,5.535922127787156,0.0,7.703696613084682,2.284260399840868,0.0,0.0,0.0,0.0
1988,kein Migrationshintergrund,5. Quintil,226,0.6574267270803544,0.4904532811508719,0.8244001730098369,0.0,7.671856250880666,0.0,0.0,0.0,0.0,0.0,0.0
1988,direkter Migrationshintergrund,1. Quintil,1465,1.9946339778925757,1.9135409593626138,2.0757269964225373,0.0,4.896432674462092,2.0543146273353052,0.0,4.0,0.0,0.0,0.0
1988,direkter Migrationshintergrund,2. Quintil,770,1.255025054501784,1.1611218516403947,1.3489282573631733,0.0,0.0,0.0,4.0,0.0,0.0,0.0,0.0
1988,direkter Migrationshintergrund,3. Quintil,312,1.1089748436625504,0.9342637415448929,1.283685945780208,0.6396469517321143,0.0,0.0,1.5991173793302855,-0.9594704275981714,0.0,0.0,0.0
1988,direkter Migrationshintergrund,4. Quintil,69,1.527998102817402,0.9908882781157811,2.0651079275190227,0.0,1.5403008757407242,0.0,2.0,0.0,0.0,0.0,0.0
1988,direkter Migrationshintergrund,5. Quintil,,,,,,,,,,,,
1988,indirekter Migrationshintergrund,1. Quintil,95,1.4618413525907699,1.1759510442035566,1.7477316609779832,0.0,0.0,8.350022777505915,12.0,0.0,0.0,0.0,0.0
1988,indirekter Migrationshintergrund,2. Quintil,48,2.5932531104634986,1.897072333858386,3.2894338870686113,8.908048377431104,0.0,0.0,22.27012094357776,-13.362072566146656,0.0,0.0,0.0
1988,indirekter Migrationshintergrund,3. Quintil,,,,,,,,,,,,
1988,indirekter Migrationshintergrund,4. Quintil,,,,,,,,,,,,
1988,indirekter Migrationshintergrund,5. Quintil,,,,,,,,,,,,
1989,kein Migrationshintergrund,1. Quintil,2303,1.504962931155289,1.4373134343103366,1.5726124280002414,0.296793893300487,4.10771463453592,0.0,3.0,-0.4451908399507305,0.0,0.0,0.0
1989,kein Migrationshintergrund,2. Quintil,2044,1.3064761860253091,1.2407503981638572,1.372201973886761,0.0,5.653657649440454,0.779167408979242,5.0,1.947918522448105,0.0,0.0,0.0
1989,kein Migrationshintergrund,3. Quintil,1391,0.928134130698953,0.8582653898923341,0.9980028715055719,0.0,0.0,0.0,4.0,0.0,0.0,0.0,0.0
1989,kein Migrationshintergrund,4. Quintil,710,0.7780242860137999,0.6902875289360944,0.8657610430915055,0.0,0.0,8.739419797465292,4.0,0.0,0.0,0.0,0.0
1989,kein Migrationshintergrund,5. Quintil,258,0.7499616102734634,0.5786286360729569,0.92129458447397,0.0,0.0,5.839217911385334,0.0,0.0,0.0,0.0,0.0
1989,direkter Migrationshintergrund,1. Quintil,1412,2.0449823454051073,1.9535618122694174,2.136402878540797,0.2316105787991517,1.000011027062061,1.9984753244772282,0.0,4.0,0.0,0.0,0.0
1989,direkter Migrationshintergrund,2. Quintil,731,1.5329319729388702,1.4307901493622948,1.6350737965154456,0.4544447407042014,4.935237373850669,0.0,1.1361118517605036,-0.6816671110563021,0.0,0.0,0.0
1989,direkter Migrationshintergrund,3. Quintil,312,0.6245160490809146,0.5296597588318726,0.7193723393299567,0.0,0.0,0.6270582223348766,0.0,0.0,0.0,0.0,0.0
1989,direkter Migrationshintergrund,4. Quintil,85,0.5373153142022655,0.3483998899484372,0.7262307384560939,0.0,3.281208496716316,0.0,0.0,0.0,0.0,0.0,0.0
1989,direkter Migrationshintergrund,5. Quintil,,,,,,,,,,,,
1989,indirekter Migrationshintergrund,1. Quintil,111,0.8354442037987985,0.5858446288596018,1.0850437787379952,0.0,0.0,0.0,0.0,0.0,0.0,0.0,0.0
1989,indirekter Migrationshintergrund,2. Quintil,60,3.6848004540170054,2.9089790986509096,4.460621809383101,0.0,0.0,0.4816863844362784,0.0,1.204215961090696,0.0,-2.0,0.0
1989,indirekter Migrationshintergrund,3. Quintil,38,0.06772316679401078,-0.04398490317335954,0.1794312367613811,0.0,0.0,0.0,0.0,0.0,0.0,0.0,0.0
1989,indirekter Migrationshintergrund,4. Quintil,,,,,,,,,,,,
1989,indirekter Migrationshintergrund,5. Quintil,,,,,,,,,,,,
1990,kein Migrationshintergrund,1. Quintil,2074,0.9597538955278558,0.8953864163721243,1.0241213746835873,2.235379949195403,1.7026850612366276,0.0,5.588449872988508,-3.3530699237931048,0.0,0.0,0.0
1990,kein Migrationshintergrund,2. Quintil,1917,0.7104563751811919,0.6537452119903365,0.7671675383720472,0.0,0.0,0.0,0.0,0.0,0.0,0.0,0.0
1990,kein Migrationshintergrund,3. Quintil,1412,0.3002585102420141,0.26148178988259224,0.339035230601436,0.0,0.0,0.0,0.0,0.0,0.0,0.0,0.0
1990,kein Migrationshintergrund,4. Quintil,825,0.3921920738737128,0.32896481791287924,0.45541932983454636,0.0,0.0,0.0,0.0,0.0,0.0,0.0,0.0
1990,kein Migrationshintergrund,5. Quintil,324,0.3150652370551065,0.22098238545889515,0.4091480886513178,0.0,0.0,0.0,0.0,0.0,0.0,0.0,0.0
1990,direkter Migrationshintergrund,1. Quintil,1268,1.3289130757383836,1.2390080544068331,1.418818097069934,0.0,0.0,0.0,0.0,0.0,0.0,0.0,0.0
1990,direkter Migrationshintergrund,2. Quintil,761,0.6167230217389078,0.5284594878636224,0.7049865556141932,0.5221634572338427,0.0,0.0,1.3054086430846068,-0.7832451858507641,0.0,0.0,0.0
1990,direkter Migrationshintergrund,3. Quintil,324,0.1808245089664225,0.13730740266213137,0.2243416152707136,0.0,0.0,0.0,0.0,0.0,0.0,0.0,0.0
1990,direkter Migrationshintergrund,4. Quintil,102,0.1369556062066295,0.07349464610614696,0.20041656630711202,0.0,0.0,0.0,0.0,0.0,0.0,0.0,0.0
1990,direkter Migrationshintergrund,5. Quintil,40,0.05868362398751693,-0.029247741682064156,0.14661498965709802,0.0,0.0,0.0,0.0,0.0,0.0,0.0,0.0
1990,indirekter Migrationshintergrund,1. Quintil,110,1.6174393255714634,1.2065411578842604,2.0283374932586664,0.0,0.0,0.0,0.0,0.0,0.0,0.0,0.0
1990,indirekter Migrationshintergrund,2. Quintil,74,0.26737563075172016,0.13088942266642792,0.40386183883701243,0.0,5.7769142453412865,0.0,0.0,0.0,0.0,0.0,0.0
1990,indirekter Migrationshintergrund,3. Quintil,44,1.099050464848393,0.6033284072060785,1.5947725224907074,7.232118483508889,0.0,7.268141917234043,7.178083332921156,0.0,0.0,0.0,0.0
1990,indirekter Migrationshintergrund,4. Quintil,,,,,,,,,,,,
1990,indirekter Migrationshintergrund,5. Quintil,,,,,,,,,,,,
1991,kein Migrationshintergrund,1. Quintil,,,,,,,,,,,,
1991,kein Migrationshintergrund,2. Quintil,,,,,,,,,,,,
1991,kein Migrationshintergrund,3. Quintil,,,,,,,,,,,,
1991,kein Migrationshintergrund,4. Quintil,,,,,,,,,,,,
1991,kein Migrationshintergrund,5. Quintil,,,,,,,,,,,,
1991,direkter Migrationshintergrund,1. Quintil,,,,,,,,,,,,
1991,direkter Migrationshintergrund,2. Quintil,,,,,,,,,,,,
1991,direkter Migrationshintergrund,3. Quintil,,,,,,,,,,,,
1991,direkter Migrationshintergrund,4. Quintil,,,,,,,,,,,,
1991,direkter Migrationshintergrund,5. Quintil,,,,,,,,,,,,
1991,indirekter Migrationshintergrund,1. Quintil,,,,,,,,,,,,
1991,indirekter Migrationshintergrund,2. Quintil,,,,,,,,,,,,
1991,indirekter Migrationshintergrund,3. Quintil,,,,,,,,,,,,
1991,indirekter Migrationshintergrund,4. Quintil,,,,,,,,,,,,
1991,indirekter Migrationshintergrund,5. Quintil,,,,,,,,,,,,
1992,kein Migrationshintergrund,1. Quintil,3797,1.8909631542782357,1.8307566871641916,1.9511696213922798,0.0,4.204474261720574,6.162811573216493,0.0,2.0,0.0,0.0,0.0
1992,kein Migrationshintergrund,2. Quintil,2692,1.7389611750621299,1.670318644378595,1.8076037057456649,0.0,8.72438550617224,0.11559586458250176,12.0,0.0,0.0,0.0,0.0
1992,kein Migrationshintergrund,3. Quintil,1779,1.3131174329010509,1.2405703069129972,1.3856645588891046,1.1009325425938286,0.0,0.0,2.7523313564845715,-1.6513988138907427,0.0,0.0,0.0
1992,kein Migrationshintergrund,4. Quintil,1414,0.9632669739696267,0.8926315956955895,1.033902352243664,0.0,0.8041436722974675,0.0,0.0,0.0,0.0,0.0,0.0
1992,kein Migrationshintergrund,5. Quintil,543,0.8499564425092988,0.742134123173125,0.9577787618454726,5.845964743426043,0.0,0.0,14.614911858565106,-8.768947115139063,0.0,0.0,0.0
1992,direkter Migrationshintergrund,1. Quintil,955,1.945107715680024,1.8288517220697584,2.0613637092902897,0.0,3.5911128407917396,11.543405946547008,0.0,8.0,0.0,0.0,0.0
1992,direkter Migrationshintergrund,2. Quintil,793,1.87621693322074,1.7546026295114683,1.9978312369300115,16.660122172138955,3.9944707645694617,0.0,41.65030543034739,-24.990183258208432,0.0,0.0,0.0
1992,direkter Migrationshintergrund,3. Quintil,504,1.289745368816934,1.1507020428732044,1.4287886947606636,0.0,0.0,0.0,0.0,0.0,0.0,0.0,0.0
1992,direkter Migrationshintergrund,4. Quintil,224,0.8702541658414633,0.6916176225880502,1.0488907090948765,0.0,0.0,2.706986598591227,15.0,0.0,0.0,0.0,0.0
1992,direkter Migrationshintergrund,5. Quintil,50,0.5762696499359103,0.34702346675122425,0.8055158331205965,0.0,2.5404485147354716,0.0,0.0,0.0,0.0,0.0,0.0
1992,indirekter Migrationshintergrund,1. Quintil,122,1.667234173396234,1.34352408843162,1.9909442583608479,2.0,0.0,0.0,5.0,-3.0,0.0,0.0,0.0
1992,indirekter Migrationshintergrund,2. Quintil,105,0.8527581197478544,0.6548544030512377,1.0506618364444713,0.516638996280949,0.03274473436827385,0.0,1.2915974907023724,-0.7749584944214235,0.0,0.0,0.0
1992,indirekter Migrationshintergrund,3. Quintil,73,1.4070467533556439,0.9969487568116222,1.8171447498996656,0.0,10.42500725614388,0.0,0.0,0.0,0.0,0.0,0.0
1992,indirekter Migrationshintergrund,4. Quintil,,,,,,,,,,,,
1992,indirekter Migrationshintergrund,5. Quintil,,,,,,,,,,,,
1993,kein Migrationshintergrund,1. Quintil,2927,1.8205056910900383,1.7486515007464993,1.8923598814335774,5.636618944824654,4.271869925091071,1.5770538571873332,11.725966576280637,-4.51229377426865,0.0,0.0,0.0
1993,kein Migrationshintergrund,2. Quintil,2748,2.078353491479755,2.0044602093993014,2.1522467735602087,0.0,3.794290214407584,0.0,1.0,0.0,0.0,0.0,0.0
1993,kein Migrationshintergrund,3. Quintil,2146,1.4944750928081196,1.4177861203208004,1.5711640652954388,0.0,5.0506988922822345,0.0,0.0,0.0,0.0,0.0,0.0
1993,kein Migrationshintergrund,4. Quintil,1514,0.9345895031234327,0.8639144711392857,1.0052645351075797,3.0524666054992324,0.0,0.0,7.631166513748081,-4.578699908248849,0.0,0.0,0.0
1993,kein Migrationshintergrund,5. Quintil,691,0.8850311651641954,0.788588439020223,0.9814738913081679,0.0,1.4647018576302184,0.0,0.0,0.0,0.0,0.0,0.0
1993,direkter Migrationshintergrund,1. Quintil,893,1.605372698321637,1.4965374897356805,1.7142079069075935,1.8631454544563977,0.14456059456711223,1.9444997150301049,6.0,2.0665311058906655,0.0,0.0,0.0
1993,direkter Migrationshintergrund,2. Quintil,706,2.1126563509597025,1.9647037190225793,2.2606089828968257,12.0,0.0,0.021438804885057783,29.967841792672413,-17.946402987787355,0.0,0.0,0.0
1993,direkter Migrationshintergrund,3. Quintil,522,1.208169660499803,1.0863181402260107,1.330021180773595,0.41788874539637466,0.0,2.4186378930863857,0.0,2.0,0.0,0.0,0.0
1993,direkter Migrationshintergrund,4. Quintil,257,0.9518807247283759,0.8097598450671931,1.0940016043895588,4.752863571067926,0.8285177636985964,0.47492350975686004,11.169773663034524,-5.941986582209738,0.0,0.0,0.0
1993,direkter Migrationshintergrund,5. Quintil,89,0.15030012423157552,0.08753487739564197,0.21306537106750906,0.0,0.0,0.0,0.0,0.0,0.0,0.0,0.0
1993,indirekter Migrationshintergrund,1. Quintil,140,1.1782649916918562,0.9464399355600033,1.410090047823709,0.0,3.1795397061398365,0.0,0.0,0.0,0.0,0.0,0.0
1993,indirekter Migrationshintergrund,2. Quintil,117,1.475140208818669,1.1330502459769163,1.8172301716604216,8.907076216917417,9.738047113195435,0.0,22.267690542293543,-13.360614325376126,0.0,0.0,0.0
1993,indirekter Migrationshintergrund,3. Quintil,84,0.7444508374884935,0.5251907111439473,0.9637109638330397,0.0,0.0,0.0,0.0,0.0,0.0,0.0,0.0
1993,indirekter Migrationshintergrund,4. Quintil,40,0.050962527116017585,-0.055994572404506913,0.15791962663654208,0.0,0.0,0.0,0.0,0.0,0.0,0.0,0.0
1993,indirekter Migrationshintergrund,5. Quintil,,,,,,,,,,,,
1994,kein Migrationshintergrund,1. Quintil,,,,,,,,,,,,
1994,kein Migrationshintergrund,2. Quintil,,,,,,,,,,,,
1994,kein Migrationshintergrund,3. Quintil,,,,,,,,,,,,
1994,kein Migrationshintergrund,4. Quintil,,,,,,,,,,,,
1994,kein Migrationshintergrund,5. Quintil,,,,,,,,,,,,
1994,direkter Migrationshintergrund,1. Quintil,,,,,,,,,,,,
1994,direkter Migrationshintergrund,2. Quintil,,,,,,,,,,,,
1994,direkter Migrationshintergrund,3. Quintil,,,,,,,,,,,,
1994,direkter Migrationshintergrund,4. Quintil,,,,,,,,,,,,
1994,direkter Migrationshintergrund,5. Quintil,,,,,,,,,,,,
1994,indirekter Migrationshintergrund,1. Quintil,,,,,,,,,,,,
1994,indirekter Migrationshintergrund,2. Quintil,,,,,,,,,,,,
1994,indirekter Migrationshintergrund,3. Quintil,,,,,,,,,,,,
1994,indirekter Migrationshintergrund,4. Quintil,,,,,,,,,,,,
1994,indirekter Migrationshintergrund,5. Quintil,,,,,,,,,,,,
1995,kein Migrationshintergrund,1. Quintil,2152,1.9967936048095747,1.9059169026754228,2.0876703069437266,0.0,0.0,0.0,0.0,0.0,0.0,0.0,0.0
1995,kein Migrationshintergrund,2. Quintil,2679,2.0188626307319195,1.942262766890521,2.0954624945733182,0.0,0.0,0.0,0.0,0.0,0.0,0.0,0.0
1995,kein Migrationshintergrund,3. Quintil,2363,1.607783124738246,1.5349548362308556,1.6806114132456362,9.455379020785692,0.0,0.0,23.63844755196423,-14.183068531178538,0.0,0.0,0.0
1995,kein Migrationshintergrund,4. Quintil,1740,1.2055759836261486,1.131311498254104,1.2798404689981933,6.163632018910453,0.0,0.0,15.409080047276133,-9.24544802836568,0.0,0.0,0.0
1995,kein Migrationshintergrund,5. Quintil,919,0.9108515925633351,0.827623614864153,0.9940795702625173,1.0484748743372947,0.0,1.7390429870527848,0.012622705264059508,0.0,0.0,0.0,0.0
1995,direkter Migrationshintergrund,1. Quintil,997,2.1362259487415973,2.012094003332915,2.2603578941502795,3.1996479899446015,0.0,3.503215781409915,2.7442963027466316,0.0,0.0,0.0,0.0
1995,direkter Migrationshintergrund,2. Quintil,849,1.9311823097577343,1.8050035689981045,2.0573610505173643,2.6476592933734344,0.0,9.389884400570573,3.0,0.0,0.0,0.0,0.0
1995,direkter Migrationshintergrund,3. Quintil,513,0.8370518808024251,0.7369587321290957,0.9371450294757545,0.0,0.0,0.0,0.0,0.0,0.0,0.0,0.0
1995,direkter Migrationshintergrund,4. Quintil,273,0.9110367966898358,0.7551077740961185,1.0669658192835532,0.0,0.0,0.0,0.0,0.0,0.0,0.0,0.0
1995,direkter Migrationshintergrund,5. Quintil,121,1.0020128446049557,0.7018055971473183,1.302220092062593,5.722602319112806,0.0,0.0,14.306505797782014,-8.583903478669209,0.0,0.0,0.0
1995,indirekter Migrationshintergrund,1. Quintil,138,1.31546900135327,1.029349573047508,1.601588429659032,0.0,0.0,0.0,12.0,0.0,0.0,0.0,0.0
1995,indirekter Migrationshintergrund,2. Quintil,144,1.063349579451745,0.8281763668002421,1.2985227921032476,7.978447712582597,0.0,0.0,19.946119281456493,-11.967671568873897,0.0,0.0,0.0
1995,indirekter Migrationshintergrund,3. Quintil,101,0.4821828836505034,0.32101097443408344,0.6433547928669233,0.0,0.0,0.0,1.0,0.0,0.0,0.0,0.0
1995,indirekter Migrationshintergrund,4. Quintil,59,0.4589317276717424,0.14148940352250183,0.776374051820983,0.0,0.0,0.0,0.0,0.0,0.0,0.0,0.0
1995,indirekter Migrationshintergrund,5. Quintil,,,,,,,,,,,,
1996,kein Migrationshintergrund,1. Quintil,,,,,,,,,,,,
1996,kein Migrationshintergrund,2. Quintil,,,,,,,,,,,,
1996,kein Migrationshintergrund,3. Quintil,,,,,,,,,,,,
1996,kein Migrationshintergrund,4. Quintil,,,,,,,,,,,,
1996,kein Migrationshintergrund,5. Quintil,,,,,,,,,,,,
1996,direkter Migrationshintergrund,1. Quintil,,,,,,,,,,,,
1996,direkter Migrationshintergrund,2. Quintil,,,,,,,,,,,,
1996,direkter Migrationshintergrund,3. Quintil,,,,,,,,,,,,
1996,direkter Migrationshintergrund,4. Quintil,,,,,,,,,,,,
1996,direkter Migrationshintergrund,5. Quintil,,,,,,,,,,,,
1996,indirekter Migrationshintergrund,1. Quintil,,,,,,,,,,,,
1996,indirekter Migrationshintergrund,2. Quintil,,,,,,,,,,,,
1996,indirekter Migrationshintergrund,3. Quintil,,,,,,,,,,,,
1996,indirekter Migrationshintergrund,4. Quintil,,,,,,,,,,,,
1996,indirekter Migrationshintergrund,5. Quintil,,,,,,,,,,,,
1997,kein Migrationshintergrund,1. Quintil,1519,1.993244088817277,1.8848807679538626,2.1016074096806916,0.0,0.0,3.054297773942287,0.0,2.0,0.0,0.0,0.0
1997,kein Migrationshintergrund,2. Quintil,2637,2.2631407323846244,2.1772769779501417,2.349004486819107,0.0,0.0,0.0,5.0,0.0,0.0,0.0,0.0
1997,kein Migrationshintergrund,3. Quintil,2578,1.6774371232341472,1.604240230543368,1.7506340159249263,0.0,0.0,0.0,0.0,0.0,0.0,0.0,0.0
1997,kein Migrationshintergrund,4. Quintil,1915,1.2102063175907545,1.1366938517847482,1.2837187833967607,0.7867973418341858,0.0,0.0,1.9669933545854645,-1.1801960127512787,0.0,0.0,0.0
1997,kein Migrationshintergrund,5. Quintil,984,1.0897515602205747,0.9847827847431228,1.1947203356980267,0.0,5.622438890720351,0.0,0.0,0.0,0.0,0.0,0.0
1997,direkter Migrationshintergrund,1. Quintil,761,2.481040864264491,2.320182084068269,2.6418996444607132,2.8518192759927423,2.947622824944254,0.0,7.129548189981856,-4.2777289139891135,0.0,0.0,0.0
1997,direkter Migrationshintergrund,2. Quintil,801,1.8962988535044958,1.7625668214005326,2.030030885608459,0.0,0.46699887712713384,1.8880873870488613,0.0,4.7202184676221535,0.0,0.0,0.0
1997,direkter Migrationshintergrund,3. Quintil,507,1.3699670077261619,1.2081670333031167,1.531766982149207,4.248644403752286,0.0,5.0395151655108155,3.0623382611144927,0.0,0.0,0.0,0.0
1997,direkter Migrationshintergrund,4. Quintil,270,0.8008627413396158,0.6458816463379108,0.9558438363413208,0.0,0.0,7.9161584762994925,0.0,0.0,0.0,0.0,0.0
1997,direkter Migrationshintergrund,5. Quintil,113,0.6250552681126972,0.43892500725221556,0.8111855289731789,0.0,0.0,0.0,0.0,0.0,0.0,0.0,0.0
1997,indirekter Migrationshintergrund,1. Quintil,128,1.8770547539252347,1.452606125160278,2.3015033826901914,0.0,0.0,3.289108695346936,0.0,0.0,0.0,0.0,0.0
1997,indirekter Migrationshintergrund,2. Quintil,165,1.5897122173445786,1.2665247274317264,1.9128997072574307,7.69689757919925,0.0,0.0,19.242243947998126,-11.545346368798874,0.0,0.0,0.0
1997,indirekter Migrationshintergrund,3. Quintil,112,2.347113025621744,1.8611948736619028,2.8330311775815855,0.0,3.967775882280714,0.0,12.0,0.0,0.0,0.0,0.0
1997,indirekter Migrationshintergrund,4. Quintil,71,0.09433557587186091,0.03349918364171084,0.15517196810201098,0.0,0.0,0.0,0.0,0.0,0.0,0.0,0.0
1997,indirekter Migrationshintergrund,5. Quintil,,,,,,,,,,,,
1998,kein Migrationshintergrund,1. Quintil,,,,,,,,,,,,
1998,kein Migrationshintergrund,2. Quintil,,,,,,,,,,,,
1998,kein Migrationshintergrund,3. Quintil,,,,,,,,,,,,
1998,kein Migrationshintergrund,4. Quintil,,,,,,,,,,,,
1998,kein Migrationshintergrund,5. Quintil,,,,,,,,,,,,
1998,direkter Migrationshintergrund,1. Quintil,,,,,,,,,,,,
1998,direkter Migrationshintergrund,2. Quintil,,,,,,,,,,,,
1998,direkter Migrationshintergrund,3. Quintil,,,,,,,,,,,,
1998,direkter Migrationshintergrund,4. Quintil,,,,,,,,,,,,
1998,direkter Migrationshintergrund,5. Quintil,,,,,,,,,,,,
1998,indirekter Migrationshintergrund,1. Quintil,,,,,,,,,,,,
1998,indirekter Migrationshintergrund,2. Quintil,,,,,,,,,,,,
1998,indirekter Migrationshintergrund,3. Quintil,,,,,,,,,,,,
1998,indirekter Migrationshintergrund,4. Quintil,,,,,,,,,,,,
1998,indirekter Migrationshintergrund,5. Quintil,,,,,,,,,,,,
1999,kein Migrationshintergrund,1. Quintil,1524,1.7257944760786728,1.618558308783191,1.8330306433741546,3.2025139148173123,6.0,0.0,8.006284787043281,-4.803770872225968,0.0,0.0,0.0
1999,kein Migrationshintergrund,2. Quintil,2792,1.9616018783439637,1.8821634236934415,2.041040332994486,4.748577493923333,1.0482529118217823,0.0,11.871443734808334,-7.122866240885,0.0,0.0,0.0
1999,kein Migrationshintergrund,3. Quintil,2667,1.7949792327013048,1.7178848287555706,1.872073636647039,0.0,0.0,1.9213381456368153,0.0,4.0,0.0,0.0,0.0
1999,kein Migrationshintergrund,4. Quintil,2341,1.1445973307200163,1.0821260545226636,1.207068606917369,0.0,0.0,5.44375217893167,0.0,0.0,0.0,0.0,0.0
1999,kein Migrationshintergrund,5. Quintil,1376,1.0277648832299946,0.9454786262536815,1.1100511402063076,0.9196375456965612,0.0,0.0,2.299093864241403,-1.3794563185448419,0.0,0.0,0.0
1999,direkter Migrationshintergrund,1. Quintil,577,2.8028822582754658,2.6182698532884396,2.987494663262492,0.0,5.065994484617563,3.6448640355375836,0.0,1.0,0.0,0.0,0.0
1999,direkter Migrationshintergrund,2. Quintil,777,2.1311687287841536,1.9821742742356583,2.280163183332649,2.0820683049276503,0.3027668278037611,2.129087635399136,2.0115393092204217,0.0,0.0,0.0,0.0
1999,direkter Migrationshintergrund,3. Quintil,452,1.0783045697292364,0.9352974964174695,1.2213116430410031,1.8047835851955774,0.0,8.567544624368765,0.0,0.0,0.0,0.0,0.0
1999,direkter Migrationshintergrund,4. Quintil,263,1.1369927250757403,0.9539220699587128,1.320063380192768,6.616497521661527,0.0,0.0,16.541243804153815,-9.92474628249229,0.0,0.0,0.0
1999,direkter Migrationshintergrund,5. Quintil,124,0.43482677269514003,0.2919852667305637,0.5776682786597164,0.0,0.0,0.0,0.0,0.0,0.0,0.0,0.0
1999,indirekter Migrationshintergrund,1. Quintil,135,1.9078320182380113,1.5113644221671547,2.3042996143088676,0.0,0.0,0.0,0.0,0.0,0.0,0.0,0.0
1999,indirekter Migrationshintergrund,2. Quintil,166,2.1835813008319884,1.809679583748924,2.557483017915053,0.0,0.0,0.0,6.0,0.0,0.0,0.0,0.0
1999,indirekter Migrationshintergrund,3. Quintil,137,1.527027752158967,1.1992037491992538,1.8548517551186803,0.0,0.0,0.0,14.0,0.0,0.0,0.0,0.0
1999,indirekter Migrationshintergrund,4. Quintil,86,0.8251297845738217,0.55439144829707,1.0958681208505734,0.9853929756472484,10.790517805993295,0.0,2.463482439118121,-1.4780894634708726,0.0,0.0,0.0
1999,indirekter Migrationshintergrund,5. Quintil,34,0.298881995186787,0.06164018091287851,0.5361238094606955,0.22596801674890135,0.0,0.0,0.5649200418722534,-0.33895202512335204,0.0,0.0,0.0
2000,kein Migrationshintergrund,1. Quintil,,,,,,,,,,,,
2000,kein Migrationshintergrund,2. Quintil,,,,,,,,,,,,
2000,kein Migrationshintergrund,3. Quintil,,,,,,,,,,,,
2000,kein Migrationshintergrund,4. Quintil,,,,,,,,,,,,
2000,kein Migrationshintergrund,5. Quintil,,,,,,,,,,,,
2000,direkter Migrationshintergrund,1. Quintil,,,,,,,,,,,,
2000,direkter Migrationshintergrund,2. Quintil,,,,,,,,,,,,
2000,direkter Migrationshintergrund,3. Quintil,,,,,,,,,,,,
2000,direkter Migrationshintergrund,4. Quintil,,,,,,,,,,,,
2000,direkter Migrationshintergrund,5. Quintil,,,,,,,,,,,,
2000,indirekter Migrationshintergrund,1. Quintil,,,,,,,,,,,,
2000,indirekter Migrationshintergrund,2. Quintil,,,,,,,,,,,,
2000,indirekter Migrationshintergrund,3. Quintil,,,,,,,,,,,,
2000,indirekter Migrationshintergrund,4. Quintil,,,,,,,,,,,,
2000,indirekter Migrationshintergrund,5. Quintil,,,,,,,,,,,,
2001,kein Migrationshintergrund,1. Quintil,2180,1.4277315431954143,1.3474973060610094,1.5079657803298192,0.0,0.0,0.0,0.0,0.0,0.0,0.0,0.0
2001,kein Migrationshintergrund,2. Quintil,3807,1.6429843068583359,1.582004681593588,1.7039639321230837,0.0,0.6832980982165091,0.0,3.0,0.0,0.0,0.0,0.0
2001,kein Migrationshintergrund,3. Quintil,4779,1.6770864962074827,1.6219312215604502,1.7322417708545153,11.126753694743122,1.454343377848434,11.836127009231857,10.062693723010021,0.0,0.0,0.0,0.0
2001,kein Migrationshintergrund,4. Quintil,4334,1.2560953207699264,1.207409332824504,1.3047813087153488,0.0,2.9543067961718124,6.754740120567639,4.0,0.0,0.0,0.0,0.0
2001,kein Migrationshintergrund,5. Quintil,2893,0.9258245031431834,0.8740807236272261,0.9775682826591408,0.0,0.0,1.930186150940206,0.0,0.0,0.0,0.0,0.0
2001,direkter Migrationshintergrund,1. Quintil,727,1.9946204786769175,1.8616221908468353,2.1276187665069997,0.0,1.624360626292556,0.0,0.0,0.0,0.0,0.0,0.0
2001,direkter Migrationshintergrund,2. Quintil,840,2.479752980241221,2.3415510827964456,2.6179548776859964,1.609150532376923,0.5144974304864133,2.2002707917453814,10.0,3.0,0.0,0.0,0.0
2001,direkter Migrationshintergrund,3. Quintil,683,1.5565027032094165,1.4294974110546377,1.6835079953641954,5.20694773362595,0.0,0.9594557677113764,11.57818568249781,-5.411782181160484,0.0,0.0,0.0
2001,direkter Migrationshintergrund,4. Quintil,425,1.573547913592841,1.3640036173623387,1.7830922098233433,0.0,0.0,0.0,0.0,0.0,0.0,0.0,0.0
2001,direkter Migrationshintergrund,5. Quintil,214,1.4999970574377095,1.2322869192540162,1.7677071956214028,5.211154002438046,5.220841344847442,0.0,13.027885006095115,-7.816731003657068,0.0,0.0,0.0
2001,indirekter Migrationshintergrund,1. Quintil,138,1.9738390398025494,1.625188722014629,2.3224893575904697,1.7104898959774193,0.0,0.0,4.276224739943548,-2.565734843966129,0.0,0.0,0.0
2001,indirekter Migrationshintergrund,2. Quintil,190,2.3524509230951165,1.9923897431518827,2.71251210303835,0.0,5.046395101699142,4.2259478245667035,0.0,3.0,0.0,0.0,0.0
2001,indirekter Migrationshintergrund,3. Quintil,180,2.252513501498059,1.8789102610765878,2.6261167419195304,0.0,4.121637006411696,0.0,0.0,0.0,0.0,0.0,0.0
2001,indirekter Migrationshintergrund,4. Quintil,149,1.0281962517565588,0.7228347776082912,1.3335577259048264,0.0,0.0,7.75727724340448,2.0,0.0,0.0,0.0,0.0
2001,indirekter Migrationshintergrund,5. Quintil,68,1.6366202171590447,1.1522238134514748,2.1210166208666146,0.0,6.868772152167022,0.0,13.0,0.0,0.0,0.0,0.0
2002,kein Migrationshintergrund,1. Quintil,,,,,,,,,,,,
2002,kein Migrationshintergrund,2. Quintil,,,,,,,,,,,,
2002,kein Migrationshintergrund,3. Quintil,,,,,,,,,,,,
2002,kein Migrationshintergrund,4. Quintil,,,,,,,,,,,,
2002,kein Migrationshintergrund,5. Quintil,,,,,,,,,,,,
2002,direkter Migrationshintergrund,1. Quintil,,,,,,,,,,,,
2002,direkter Migrationshintergrund,2. Quintil,,,,,,,,,,,,
2002,direkter Migrationshintergrund,3. Quintil,,,,,,,,,,,,
2002,direkter Migrationshintergrund,4. Quintil,,,,,,,,,,,,
2002,direkter Migrationshintergrund,5. Quintil,,,,,,,,,,,,
2002,indirekter Migrationshintergrund,1. Quintil,,,,,,,,,,,,
2002,indirekter Migrationshintergrund,2. Quintil,,,,,,,,,,,,
2002,indirekter Migrationshintergrund,3. Quintil,,,,,,,,,,,,
2002,indirekter Migrationshintergrund,4. Quintil,,,,,,,,,,,,
2002,indirekter Migrationshintergrund,5. Quintil,,,,,,,,,,,,
2003,kein Migrationshintergrund,1. Quintil,1877,1.6603464756224406,1.562983606483854,1.7577093447610272,0.0,0.0,0.0,0.0,0.0,0.0,0.0,0.0
2003,kein Migrationshintergrund,2. Quintil,3056,1.7316026195449405,1.6556500392518205,1.8075551998380606,0.0,0.0,0.0,0.0,0.0,0.0,0.0,0.0
2003,kein Migrationshintergrund,3. Quintil,4019,1.6535696895802994,1.59199460467185,1.7151447744887487,0.2826105654185362,0.9025208563173159,0.0,24.0,-0.42391584812780425,0.0,0.0,0.0
2003,kein Migrationshintergrund,4. Quintil,4468,1.5788967155306068,1.5236810343925273,1.6341123966686864,1.0467110969261437,0.0,0.0,2.6167777423153593,-1.5700666453892156,0.0,0.0,0.0
2003,kein Migrationshintergrund,5. Quintil,5070,1.045570148196463,1.0022938197768567,1.0888464766160693,3.195415298765623,0.0,0.0,7.988538246914057,-4.793122948148435,0.0,0.0,0.0
2003,direkter Migrationshintergrund,1. Quintil,557,1.9466026012075657,1.7846230691206617,2.1085821332944694,0.17835080547934518,0.0,0.0,0.4458770136983629,-0.26752620821901774,0.0,0.0,0.0
2003,direkter Migrationshintergrund,2. Quintil,639,2.182289901927922,2.0234343637923087,2.3411454400635354,7.570024130159595,0.5993380349019549,3.8278724471895895,13.183251654614605,-1.785355077265419,0.0,0.0,0.0
2003,direkter Migrationshintergrund,3. Quintil,628,2.49803769203072,2.3129024294304905,2.6831729546309493,0.0,0.0,4.831822400791782,0.0,0.0,0.0,0.0,0.0
2003,direkter Migrationshintergrund,4. Quintil,447,1.7686277033205695,1.5863257528762993,1.9509296537648397,0.0,2.094388411620571,1.824127063238147,0.0,0.0,0.0,0.0,0.0
2003,direkter Migrationshintergrund,5. Quintil,325,1.3049124428850867,1.1207671938231414,1.489057691947032,2.597187877010232,0.0,3.496234757904297,1.2486175556691343,0.0,0.0,0.0,0.0
2003,indirekter Migrationshintergrund,1. Quintil,120,2.8010677106819646,2.2647008951319365,3.3374345262319927,17.540754614895746,0.0,12.0,25.851886537239366,0.0,0.0,0.0,0.0
2003,indirekter Migrationshintergrund,2. Quintil,131,2.283654247146678,1.9332216273516194,2.634086866941737,0.0,6.579879539866384,0.0,8.0,0.0,0.0,0.0,0.0
2003,indirekter Migrationshintergrund,3. Quintil,191,2.043572325066565,1.7629144932145262,2.3242301569186035,0.0,0.0,4.565359537003154,0.0,0.0,0.0,0.0,0.0
2003,indirekter Migrationshintergrund,4. Quintil,156,1.490936951096463,1.1446600660111568,1.8372138361817691,0.0,0.0,0.0,0.0,0.0,0.0,0.0,0.0
2003,indirekter Migrationshintergrund,5. Quintil,126,2.917650839308805,2.3762312492447064,3.459070429372904,9.748591912238425,0.0,0.0,24.37147978059606,-14.622887868357637,0.0,0.0,0.0
2004,kein Migrationshintergrund,1. Quintil,,,,,,,,,,,,
2004,kein Migrationshintergrund,2. Quintil,,,,,,,,,,,,
2004,kein Migrationshintergrund,3. Quintil,,,,,,,,,,,,
2004,kein Migrationshintergrund,4. Quintil,,,,,,,,,,,,
2004,kein Migrationshintergrund,5. Quintil,,,,,,,,,,,,
2004,direkter Migrationshintergrund,1. Quintil,,,,,,,,,,,,
2004,direkter Migrationshintergrund,2. Quintil,,,,,,,,,,,,
2004,direkter Migrationshintergrund,3. Quintil,,,,,,,,,,,,
2004,direkter Migrationshintergrund,4. Quintil,,,,,,,,,,,,
2004,direkter Migrationshintergrund,5. Quintil,,,,,,,,,,,,
2004,indirekter Migrationshintergrund,1. Quintil,,,,,,,,,,,,
2004,indirekter Migrationshintergrund,2. Quintil,,,,,,,,,,,,
2004,indirekter Migrationshintergrund,3. Quintil,,,,,,,,,,,,
2004,indirekter Migrationshintergrund,4. Quintil,,,,,,,,,,,,
2004,indirekter Migrationshintergrund,5. Quintil,,,,,,,,,,,,
2005,kein Migrationshintergrund,1. Quintil,1728,1.8493392112326166,1.7393616060984602,1.959316816366773,0.0,3.897122009203276,23.14345723377287,0.0,0.0,0.0,0.0,0.0
2005,kein Migrationshintergrund,2. Quintil,2723,1.5668054206278832,1.4876563879019606,1.6459544533538057,0.0,1.2108998223425465,0.0,5.0,0.0,0.0,0.0,0.0
2005,kein Migrationshintergrund,3. Quintil,3685,1.8870286057688563,1.8176815237787234,1.9563756877589893,2.217035053080075,0.0,0.0,5.542587632700188,-3.325552579620113,0.0,0.0,0.0
2005,kein Migrationshintergrund,4. Quintil,4159,1.41907726707907,1.3644919487906795,1.4736625853674603,0.0,0.0,0.0,0.0,0.0,0.0,0.0,0.0
2005,kein Migrationshintergrund,5. Quintil,4946,1.062206730275673,1.0188292171565045,1.1055842433948415,0.0,0.0,0.0,0.0,0.0,0.0,0.0,0.0
2005,direkter Migrationshintergrund,1. Quintil,510,1.5943434106766603,1.4340814750713837,1.7546053462819369,0.0,0.7102303528291634,5.625035984855421,0.0,0.0,0.0,0.0,0.0
2005,direkter Migrationshintergrund,2. Quintil,597,1.9753733749748899,1.8194862354546142,2.1312605144951653,0.0,13.645194999067412,0.0,0.0,0.0,0.0,0.0,0.0
2005,direkter Migrationshintergrund,3. Quintil,479,2.603960151419107,2.4010477910396055,2.806872511798608,0.0,0.0,0.0,0.0,0.0,0.0,0.0,0.0
2005,direkter Migrationshintergrund,4. Quintil,464,1.5853199939025233,1.4140619535938332,1.7565780342112134,11.39447056309585,0.0,0.0,28.48617640773962,-17.091705844643773,0.0,0.0,0.0
2005,direkter Migrationshintergrund,5. Quintil,298,1.4417073615964284,1.2298307201662433,1.6535840030266136,0.0,0.0,0.0,0.0,0.0,0.0,0.0,0.0
2005,indirekter Migrationshintergrund,1. Quintil,143,2.6676983751010646,2.2798447346243615,3.0555520155777676,0.0,0.5660398667346138,1.0,0.0,0.0,0.0,0.0,0.0
2005,indirekter Migrationshintergrund,2. Quintil,150,2.2175264251928293,1.8077205976500486,2.62733225273561,3.2013224839943035,0.0,0.0,8.003306209985759,-4.801983725991455,0.0,0.0,0.0
2005,indirekter Migrationshintergrund,3. Quintil,157,3.2424201076342856,2.7347632860997946,3.7500769291687766,3.879214929560079,4.444734888619679,8.677195810841287,10.0,8.0,0.0,0.0,0.0
2005,indirekter Migrationshintergrund,4. Quintil,174,2.075271262652375,1.747268481843952,2.4032740434607978,3.9290220957456343,0.0,4.475627317608448,3.1091142629514135,4.0,0.0,0.0,0.0
2005,indirekter Migrationshintergrund,5. Quintil,135,1.858051488362329,1.5374907370035251,2.178612239721133,0.0,0.0,0.0,0.0,0.0,0.0,0.0,0.0
2006,kein Migrationshintergrund,1. Quintil,,,,,,,,,,,,
2006,kein Migrationshintergrund,2. Quintil,,,,,,,,,,,,
2006,kein Migrationshintergrund,3. Quintil,,,,,,,,,,,,
2006,kein Migrationshintergrund,4. Quintil,,,,,,,,,,,,
2006,kein Migrationshintergrund,5. Quintil,,,,,,,,,,,,
2006,direkter Migrationshintergrund,1. Quintil,,,,,,,,,,,,
2006,direkter Migrationshintergrund,2. Quintil,,,,,,,,,,,,
2006,direkter Migrationshintergrund,3. Quintil,,,,,,,,,,,,
2006,direkter Migrationshintergrund,4. Quintil,,,,,,,,,,,,
2006,direkter Migrationshintergrund,5. Quintil,,,,,,,,,,,,
2006,indirekter Migrationshintergrund,1. Quintil,,,,,,,,,,,,
2006,indirekter Migrationshintergrund,2. Quintil,,,,,,,,,,,,
2006,indirekter Migrationshintergrund,3. Quintil,,,,,,,,,,,,
2006,indirekter Migrationshintergrund,4. Quintil,,,,,,,,,,,,
2006,indirekter Migrationshintergrund,5. Quintil,,,,,,,,,,,,
2007,kein Migrationshintergrund,1. Quintil,1750,1.5825900039465055,1.4788023788434175,1.6863776290495935,2.628132153876283,9.104481800577444,0.0,6.570330384690708,-3.9421982308144248,0.0,0.0,0.0
2007,kein Migrationshintergrund,2. Quintil,2706,1.778390615545319,1.694020597893183,1.862760633197455,0.0,0.0,0.7839995953121602,0.0,1.9599989882804008,0.0,0.0,0.0
2007,kein Migrationshintergrund,3. Quintil,3689,1.8400090828036362,1.770484327965492,1.9095338376417803,0.46187587785340867,0.0,11.795234358111307,0.0,4.0,0.0,0.0,0.0
2007,kein Migrationshintergrund,4. Quintil,4237,1.4232089634917424,1.3678986779712583,1.4785192490122265,0.0,0.0,0.0,0.0,0.0,0.0,0.0,0.0
2007,kein Migrationshintergrund,5. Quintil,5231,1.0868159391355872,1.0445321762810351,1.1290997019901392,0.0,2.662124803352886,0.0,0.0,0.0,0.0,0.0,0.0
2007,direkter Migrationshintergrund,1. Quintil,420,1.5539907689705166,1.3698493410562282,1.738132196884805,5.809091560109113,0.0,0.0,14.522728900272783,-8.71363734016367,0.0,0.0,0.0
2007,direkter Migrationshintergrund,2. Quintil,503,2.6583400198451277,2.4468797880200093,2.869800251670246,1.3883013455545679,3.473258436005312,0.0,14.0,-2.0824520183318516,0.0,0.0,0.0
2007,direkter Migrationshintergrund,3. Quintil,504,2.1786019057152854,2.0100294099883858,2.347174401442185,7.714608795185386,0.0,3.1292718990013846,14.59261413946139,-3.7487334452746177,0.0,0.0,0.0
2007,direkter Migrationshintergrund,4. Quintil,388,1.4634129953164063,1.2785914544627799,1.6482345361700328,8.426144919833305,0.0,0.0,21.065362299583263,-12.639217379749958,0.0,0.0,0.0
2007,direkter Migrationshintergrund,5. Quintil,304,1.0744491447859021,0.8988930184258851,1.2500052711459193,0.0,0.0,2.885757748795865,0.0,0.0,0.0,0.0,0.0
2007,indirekter Migrationshintergrund,1. Quintil,120,4.374451412817963,3.6807410425839477,5.068161783051978,0.0,11.334683656585199,7.305376777679971,0.0,2.0,0.0,0.0,0.0
2007,indirekter Migrationshintergrund,2. Quintil,133,1.586997252976635,1.2945366074533835,1.8794578984998864,0.0,0.0,8.062407203298868,0.0,0.0,0.0,0.0,0.0
2007,indirekter Migrationshintergrund,3. Quintil,208,3.5521316008769213,3.146964977287497,3.9572982244663457,3.729913590339867,0.0,0.0,9.324783975849668,-5.5948703855098,0.0,0.0,0.0
2007,indirekter Migrationshintergrund,4. Quintil,174,2.3780316244090915,1.982448699073092,2.773614549745091,0.5401681613361511,1.1325764808768515,20.31591350764286,4.0,0.0,0.0,0.0,0.0
2007,indirekter Migrationshintergrund,5. Quintil,142,2.1373205447584542,1.782954016525671,2.4916870729912377,3.7377258990252273,6.489673871046852,0.0,9.344314747563068,-5.606588848537841,0.0,0.0,0.0
2008,kein Migrationshintergrund,1. Quintil,,,,,,,,,,,,
2008,kein Migrationshintergrund,2. Quintil,,,,,,,,,,,,
2008,kein Migrationshintergrund,3. Quintil,,,,,,,,,,,,
2008,kein Migrationshintergrund,4. Quintil,,,,,,,,,,,,
2008,kein Migrationshintergrund,5. Quintil,,,,,,,,,,,,
2008,direkter Migrationshintergrund,1. Quintil,,,,,,,,,,,,
2008,direkter Migrationshintergrund,2. Quintil,,,,,,,,,,,,
2008,direkter Migrationshintergrund,3. Quintil,,,,,,,,,,,,
2008,direkter Migrationshintergrund,4. Quintil,,,,,,,,,,,,
2008,direkter Migrationshintergrund,5. Quintil,,,,,,,,,,,,
2008,indirekter Migrationshintergrund,1. Quintil,,,,,,,,,,,,
2008,indirekter Migrationshintergrund,2. Quintil,,,,,,,,,,,,
2008,indirekter Migrationshintergrund,3. Quintil,,,,,,,,,,,,
2008,indirekter Migrationshintergrund,4. Quintil,,,,,,,,,,,,
2008,indirekter Migrationshintergrund,5. Quintil,,,,,,,,,,,,
2009,kein Migrationshintergrund,1. Quintil,1495,1.2058797078622894,1.1144469770243233,1.2973124387002555,0.0,0.0,0.0,0.0,0.0,0.0,0.0,0.0
2009,kein Migrationshintergrund,2. Quintil,2177,1.4681255559107564,1.3798938310928295,1.5563572807286834,0.0,0.0,3.1651441774820612,0.0,3.0,0.0,0.0,0.0
2009,kein Migrationshintergrund,3. Quintil,3093,1.7694623168184556,1.6913637946702509,1.8475608389666602,0.0,0.0,0.0,0.0,0.0,0.0,0.0,0.0
2009,kein Migrationshintergrund,4. Quintil,3813,1.4438677501766788,1.3853793887770565,1.5023561115763011,0.0,0.0,0.0,0.0,0.0,0.0,0.0,0.0
2009,kein Migrationshintergrund,5. Quintil,5074,1.0829409991106385,1.039201390204585,1.126680608016692,0.0,0.0,0.0,1.0,0.0,0.0,0.0,0.0
2009,direkter Migrationshintergrund,1. Quintil,308,1.8239976062414542,1.597153882879654,2.0508413296032546,8.198872768821497,8.616985245050806,0.0,20.49718192205374,-12.298309153232246,0.0,0.0,0.0
2009,direkter Migrationshintergrund,2. Quintil,378,2.2121989914320572,1.9887675932916897,2.4356303895724247,0.5202340812972666,0.0,0.0,5.0,-0.7803511219458998,0.0,0.0,0.0
2009,direkter Migrationshintergrund,3. Quintil,347,2.029537847045828,1.8148582538847513,2.2442174402069046,0.0,0.0,2.6693824147146357,0.0,0.0,0.0,0.0,0.0
2009,direkter Migrationshintergrund,4. Quintil,363,1.6261406180547293,1.4293409964703194,1.8229402396391392,0.7278604528589747,0.048680380479089846,0.0,9.0,-1.091790679288462,0.0,0.0,0.0
2009,direkter Migrationshintergrund,5. Quintil,263,1.626457293708012,1.4098911060608317,1.8430234813551922,10.0,0.8489636953732462,0.0,25.0,-15.0,0.0,0.0,0.0
2009,indirekter Migrationshintergrund,1. Quintil,104,1.7877600305456551,1.3086347933738605,2.26688526771745,5.594825648537812,11.938770533996742,0.0,13.98706412134453,-8.392238472806717,0.0,0.0,0.0
2009,indirekter Migrationshintergrund,2. Quintil,132,3.211716342901491,2.675724483168604,3.7477082026343784,5.0,0.0,0.0,12.5,-7.5,0.0,0.0,0.0
2009,indirekter Migrationshintergrund,3. Quintil,160,2.832345082523238,2.442062709326629,3.2226274557198473,0.0,0.0,0.0,0.0,0.0,0.0,0.0,0.0
2009,indirekter Migrationshintergrund,4. Quintil,163,2.1859154314493323,1.7776730103634864,2.5941578525351785,0.0,0.0,0.4242632942909522,5.0,1.0606582357273804,0.0,0.0,0.0
2009,indirekter Migrationshintergrund,5. Quintil,147,1.8216866160911802,1.5032627767390994,2.140110455443261,0.0,0.0,5.654264346832932,0.0,0.0,0.0,0.0,0.0
2010,kein Migrationshintergrund,1. Quintil,,,,,,,,,,,,
2010,kein Migrationshintergrund,2. Quintil,,,,,,,,,,,,
2010,kein Migrationshintergrund,3. Quintil,,,,,,,,,,,,
2010,kein Migrationshintergrund,4. Quintil,,,,,,,,,,,,
2010,kein Migrationshintergrund,5. Quintil,,,,,,,,,,,,
2010,direkter Migrationshintergrund,1. Quintil,,,,,,,,,,,,
2010,direkter Migrationshintergrund,2. Quintil,,,,,,,,,,,,
2010,direkter Migrationshintergrund,3. Quintil,,,,,,,,,,,,
2010,direkter Migrationshintergrund,4. Quintil,,,,,,,,,,,,
2010,direkter Migrationshintergrund,5. Quintil,,,,,,,,,,,,
2010,indirekter Migrationshintergrund,1. Quintil,,,,,,,,,,,,
2010,indirekter Migrationshintergrund,2. Quintil,,,,,,,,,,,,
2010,indirekter Migrationshintergrund,3. Quintil,,,,,,,,,,,,
2010,indirekter Migrationshintergrund,4. Quintil,,,,,,,,,,,,
2010,indirekter Migrationshintergrund,5. Quintil,,,,,,,,,,,,
2011,kein Migrationshintergrund,1. Quintil,2440,1.1952899929414924,1.1205995448712693,1.2699804410117155,0.0,0.0,0.0,0.0,0.0,0.0,0.0,0.0
2011,kein Migrationshintergrund,2. Quintil,3732,1.6424433007313912,1.573038841858332,1.7118477596044503,0.0,1.7940656565560613,2.948738228962873,15.0,7.3718455724071825,0.0,0.0,0.0
2011,kein Migrationshintergrund,3. Quintil,4806,1.503452304824954,1.446375941414942,1.560528668234966,20.82967923563666,0.0,0.043481150669298696,52.008976363087704,-31.135815976781746,0.0,0.0,0.0
2011,kein Migrationshintergrund,4. Quintil,5838,1.4592255015166136,1.4112585040791332,1.507192498954094,5.859620940090157,0.0,11.028880999081334,0.0,0.0,0.0,0.0,0.0
2011,kein Migrationshintergrund,5. Quintil,6998,1.1217120378417644,1.0824039312857572,1.1610201443977717,11.238077466403963,6.746196968943752,0.0,28.095193666009905,-16.857116199605944,0.0,0.0,0.0
2011,direkter Migrationshintergrund,1. Quintil,673,2.1942205924816656,2.017753760348119,2.370687424615212,0.0,0.0,4.7259798239564015,2.0,0.0,0.0,0.0,0.0
2011,direkter Migrationshintergrund,2. Quintil,852,2.766444680925895,2.6085086147304315,2.9243807471213588,5.1178079187700405,6.0,0.0,12.794519796925101,-7.676711878155061,0.0,0.0,0.0
2011,direkter Migrationshintergrund,3. Quintil,726,2.058421880500253,1.904012122383803,2.2128316386167035,11.919869912452794,20.393453386767757,2.9742908789750766,25.33823846266937,-10.444077671241498,0.0,0.0,0.0
2011,direkter Migrationshintergrund,4. Quintil,557,2.494654443349935,2.295515924413614,2.693792962286256,0.0,4.454762357323981,1.8858409108270968,0.0,0.0,0.0,0.0,0.0
2011,direkter Migrationshintergrund,5. Quintil,492,2.0566274003020624,1.8813445861728013,2.2319102144313234,1.457482233927724,9.390696735100025,2.909233246652621,0.0,1.0,0.0,0.0,0.0
2011,indirekter Migrationshintergrund,1. Quintil,179,2.950991605619779,2.4879547935838797,3.414028417655678,1.9075835582977305,0.8875293031186278,7.06921644717549,0.0,0.0,0.0,0.0,0.0
2011,indirekter Migrationshintergrund,2. Quintil,259,2.8252725934935072,2.466330341839714,3.1842148451473005,0.0,1.2611055837738998,1.3170456353526576,8.0,3.2926140883816437,0.0,0.0,0.0
2011,indirekter Migrationshintergrund,3. Quintil,260,2.238564261717268,1.9718777379997392,2.505250785434797,0.0,7.154909276601316,0.1369589280560053,7.0,0.34239732014001323,0.0,0.0,0.0
2011,indirekter Migrationshintergrund,4. Quintil,271,2.2010651009905704,1.9139394243921308,2.48819077758901,0.0,0.0,2.3849606073484955,0.0,0.0,0.0,0.0,0.0
2011,indirekter Migrationshintergrund,5. Quintil,287,1.4946637425793605,1.2789080502627905,1.7104194348959305,0.4059108076733159,0.0,1.1502746913102007,0.0,0.0,0.0,0.0,0.0
2012,kein Migrationshintergrund,1. Quintil,696,5.574931633762214,5.334350828987041,5.815512438537386,12.556104061551999,12.392316292301528,5.0015866598528085,23.887880164100785,-6.330189442695977,3.0,2.0,4.0
2012,kein Migrationshintergrund,2. Quintil,1291,6.571668343662343,6.40063876269595,6.742697924628736,0.0,12.0,9.608323669865978,12.0,0.0,5.0,4.0,5.0
2012,kein Migrationshintergrund,3. Quintil,1351,6.46043223456228,6.292187341161909,6.628677127962651,4.7460375041858684,11.801447281865016,4.3642236395529155,7.0,3.0,5.0,5.0,6.0
2012,kein Migrationshintergrund,4. Quintil,1255,6.805380867458718,6.638368374331981,6.972393360585454,8.634133342502793,10.0,2.976829338896092,17.120089347912845,-5.509126666513959,6.0,6.0,7.0
2012,kein Migrationshintergrund,5. Quintil,959,7.9142364324901155,7.734762733371488,8.093710131608743,5.688320484889711,6.813157975038485,1.2530153058743732,12.341278253412717,-5.3999424626486325,8.0,8.0,9.0
2012,direkter Migrationshintergrund,1. Quintil,239,6.5490830083439615,6.179165266882907,6.919000749805016,1.6240717632147148,0.9071603412628537,3.561823957387594,6.0,5.0,5.0,4.0,6.0
2012,direkter Migrationshintergrund,2. Quintil,389,6.922047248700804,6.643740557642689,7.200353939758919,0.12223353822789118,7.2786628950738566,5.76323377881647,1.0,12.0,6.0,4.0,7.0
2012,direkter Migrationshintergrund,3. Quintil,258,7.4460034926573995,7.081887944241715,7.810119041073084,23.095675426513417,6.798980206740072,4.8293409256000785,50.49517717788342,-22.57016082576993,8.0,8.0,10.0
2012,direkter Migrationshintergrund,4. Quintil,138,7.32537537071115,6.878492609553023,7.772258131869277,9.400587156547244,15.5203669672896,7.754615886199004,11.869544062069604,5.285658980676644,7.0,4.0,9.0
2012,direkter Migrationshintergrund,5. Quintil,126,8.566161101215739,8.109296640407537,9.02302556202394,5.5396646202241895,7.783011807447772,10.06997241581918,0.0,5.0,8.0,6.0,9.0
2012,indirekter Migrationshintergrund,1. Quintil,83,4.154237451607317,3.607541797007307,4.7009331062073265,5.20670096114797,2.500503708701737,12.0,0.0,0.0,2.0,1.0,4.0
2012,indirekter Migrationshintergrund,2. Quintil,124,5.545922787902724,4.98278087845347,6.109064697351979,24.0,12.17705006077394,0.29889691748077274,59.551654623778845,-35.25275770629807,4.0,2.0,8.0
2012,indirekter Migrationshintergrund,3. Quintil,111,6.5712940684172,5.94942123862261,7.19316689821179,0.0,7.971258224893816,3.834459094152841,1.0,6.0,6.0,4.0,10.024999999999999
2012,indirekter Migrationshintergrund,4. Quintil,67,8.247799825758548,7.529332912586978,8.96626673893012,4.099494949494938,11.429305185512028,8.863520189839017,8.0,12.0,8.0,4.0,11.0
2012,indirekter Migrationshintergrund,5. Quintil,57,7.576604509117837,6.776458802793703,8.376750215441971,8.309483391629097,7.000406392707791,1.3354719713942769,18.770500521981326,-9.125545158957953,6.0,1.9499999999999886,8.0
2013,kein Migrationshintergrund,1. Quintil,1882,1.370271918016942,1.2764197938100035,1.4641240422238806,4.438260573565752,0.0,0.0,11.09565143391438,-6.657390860348627,0.0,0.0,0.0
2013,kein Migrationshintergrund,2. Quintil,3084,1.43846301766526,1.3658251847170648,1.5111008506134551,0.7659812297816465,0.0,0.0,1.9149530744541163,-1.1489718446724697,0.0,0.0,0.0
2013,kein Migrationshintergrund,3. Quintil,4398,1.5052104709428484,1.4432206537556194,1.5672002881300775,0.0,0.0,0.0,0.0,0.0,0.0,0.0,0.0
2013,kein Migrationshintergrund,4. Quintil,5456,1.446312633828391,1.397207356093234,1.4954179115635478,1.0,7.707419801426977,1.6261268777964197,0.0608096833053704,0.0,0.0,0.0,0.0
2013,kein Migrationshintergrund,5. Quintil,6916,1.1469281002908336,1.1067452115815972,1.18711098900007,11.258039957141163,0.0,0.0,28.145099892852905,-16.887059935711743,0.0,0.0,0.0
2013,direkter Migrationshintergrund,1. Quintil,449,1.375523710316293,1.2116712351290297,1.5393761855035561,0.0,0.0,0.0,18.0,0.0,0.0,0.0,0.0
2013,direkter Migrationshintergrund,2. Quintil,670,2.051676640041391,1.8915708343545332,2.211782445728249,5.082640941281457,0.07200522232032891,0.06180130884398727,24.0,-7.469458139812218,0.0,0.0,0.0
2013,direkter Migrationshintergrund,3. Quintil,661,1.7649743586189952,1.61666777168094,1.9132809455570505,0.0,8.761117728142644,0.3012014306488204,10.0,0.7530035766220509,0.0,0.0,0.0
2013,direkter Migrationshintergrund,4. Quintil,550,1.580590552807982,1.422179769678582,1.739001335937382,1.8580953482091689,4.371560017904487,0.0,4.6452383705229225,-2.7871430223137534,0.0,0.0,0.0
2013,direkter Migrationshintergrund,5. Quintil,468,1.3275110509979402,1.1709132224938394,1.484108879502041,0.6684211802248443,3.5127934716512446,10.0,0.0,12.0,0.0,0.0,0.0
2013,indirekter Migrationshintergrund,1. Quintil,131,3.1487131981616696,2.678714226090892,3.618712170232447,0.0,4.131603249386938,1.9219849263240363,8.0,1.0,0.0,0.0,0.0
2013,indirekter Migrationshintergrund,2. Quintil,237,2.1912741447641104,1.8783764021803209,2.5041718873479,0.0,12.0,7.454700372907141,4.0,6.0,0.0,0.0,0.0
2013,indirekter Migrationshintergrund,3. Quintil,241,2.2089088169261792,1.9135365236824127,2.504281110169946,6.86748040312893,10.829232392119929,5.298784927967608,9.220523615870913,2.9457417152256253,0.0,0.0,0.0
2013,indirekter Migrationshintergrund,4. Quintil,253,2.7340359284947477,2.4146223749305697,3.0534494820589257,2.8864217416896167,3.591342226090517,2.134457075660208,6.0,1.0065100766160953,0.0,0.0,0.0
2013,indirekter Migrationshintergrund,5. Quintil,284,1.6292949246644182,1.4099299150452422,1.848659934283594,5.352200263764915,0.0,4.446786273190344,6.710321249626771,0.0,0.0,0.0,0.0
2014,kein Migrationshintergrund,1. Quintil,,,,,,,,,,,,
2014,kein Migrationshintergrund,2. Quintil,,,,,,,,,,,,
2014,kein Migrationshintergrund,3. Quintil,,,,,,,,,,,,
2014,kein Migrationshintergrund,4. Quintil,,,,,,,,,,,,
2014,kein Migrationshintergrund,5. Quintil,,,,,,,,,,,,
2014,direkter Migrationshintergrund,1. Quintil,,,,,,,,,,,,
2014,direkter Migrationshintergrund,2. Quintil,,,,,,,,,,,,
2014,direkter Migrationshintergrund,3. Quintil,,,,,,,,,,,,
2014,direkter Migrationshintergrund,4. Quintil,,,,,,,,,,,,
2014,direkter Migrationshintergrund,5. Quintil,,,,,,,,,,,,
2014,indirekter Migrationshintergrund,1. Quintil,,,,,,,,,,,,
2014,indirekter Migrationshintergrund,2. Quintil,,,,,,,,,,,,
2014,indirekter Migrationshintergrund,3. Quintil,,,,,,,,,,,,
2014,indirekter Migrationshintergrund,4. Quintil,,,,,,,,,,,,
2014,indirekter Migrationshintergrund,5. Quintil,,,,,,,,,,,,
2015,kein Migrationshintergrund,1. Quintil,1438,1.4793970973356605,1.3600254638662719,1.598768730805049,0.0,0.0,9.30910234959553,0.0,0.0,0.0,0.0,0.0
2015,kein Migrationshintergrund,2. Quintil,2338,1.5244067829257117,1.437006686950123,1.6118068789013005,1.1760962753352082,4.359543381318943,14.699943613806123,0.0,10.0,0.0,0.0,0.0
2015,kein Migrationshintergrund,3. Quintil,3487,1.3721397268069708,1.3079749659689233,1.4363044876450184,0.0,0.0,0.0,0.0,0.0,0.0,0.0,0.0
2015,kein Migrationshintergrund,4. Quintil,5044,1.5344018244364623,1.4782998866681474,1.5905037622047773,0.0,0.0,4.835035400182068,0.0,0.0,0.0,0.0,0.0
2015,kein Migrationshintergrund,5. Quintil,6755,1.2826485523602904,1.2392929390257876,1.3260041656947932,0.0,0.0,3.0476148072135594,0.0,0.0,0.0,0.0,0.0
2015,direkter Migrationshintergrund,1. Quintil,727,1.7562722002598932,1.610507992188523,1.9020364083312633,0.0,0.0,0.0,5.0,0.0,0.0,0.0,0.0
2015,direkter Migrationshintergrund,2. Quintil,954,2.5119465136865062,2.365062897223128,2.6588301301498847,1.2134853191119355,2.9372686632837013,0.0,12.0,-1.8202279786679032,0.0,0.0,0.0
2015,direkter Migrationshintergrund,3. Quintil,1012,1.8526612947116075,1.7257649358797866,1.9795576535434283,0.0,4.613163266825891,0.0,0.0,0.0,0.0,0.0,0.0
2015,direkter Migrationshintergrund,4. Quintil,967,2.331839144552225,2.1819916721434836,2.481686616960966,6.011832121822401,0.0,0.6006545001997633,14.128598554256358,-7.516111932234194,0.0,0.0,0.0
2015,direkter Migrationshintergrund,5. Quintil,755,1.7124111074586386,1.567499428411103,1.857322786506174,0.0,7.655292652552792,0.0,0.0,0.0,0.0,0.0,0.0
2015,indirekter Migrationshintergrund,1. Quintil,212,1.8800229080426498,1.5959734812943214,2.164072334790978,0.0774467897589437,2.5304911351143846,0.0,0.19361697439735925,-0.11617018463841555,0.0,0.0,0.0
2015,indirekter Migrationshintergrund,2. Quintil,300,2.2952982961446207,2.025969696888948,2.5646268954002935,0.0,9.67742391250156,0.0,0.0,0.0,0.0,0.0,0.0
2015,indirekter Migrationshintergrund,3. Quintil,302,2.240792925204797,1.9825350333815932,2.4990508170280012,1.1365361950955064,0.0,0.0,14.0,-1.7048042926432596,0.0,0.0,0.0
2015,indirekter Migrationshintergrund,4. Quintil,358,2.4001035332480494,2.1398349355828863,2.6603721309132125,0.0,3.6658267094932553,0.8157904555802081,2.0,0.0,0.0,0.0,0.0
2015,indirekter Migrationshintergrund,5. Quintil,389,1.761695633371579,1.548518995956154,1.974872270787004,0.0,20.008852922006547,7.013888777856241,10.0,12.0,0.0,0.0,0.0
2016,kein Migrationshintergrund,1. Quintil,,,,,,,,,,,,
2016,kein Migrationshintergrund,2. Quintil,,,,,,,,,,,,
2016,kein Migrationshintergrund,3. Quintil,,,,,,,,,,,,
2016,kein Migrationshintergrund,4. Quintil,,,,,,,,,,,,
2016,kein Migrationshintergrund,5. Quintil,,,,,,,,,,,,
2016,direkter Migrationshintergrund,1. Quintil,,,,,,,,,,,,
2016,direkter Migrationshintergrund,2. Quintil,,,,,,,,,,,,
2016,direkter Migrationshintergrund,3. Quintil,,,,,,,,,,,,
2016,direkter Migrationshintergrund,4. Quintil,,,,,,,,,,,,
2016,direkter Migrationshintergrund,5. Quintil,,,,,,,,,,,,
2016,indirekter Migrationshintergrund,1. Quintil,,,,,,,,,,,,
2016,indirekter Migrationshintergrund,2. Quintil,,,,,,,,,,,,
2016,indirekter Migrationshintergrund,3. Quintil,,,,,,,,,,,,
2016,indirekter Migrationshintergrund,4. Quintil,,,,,,,,,,,,
2016,indirekter Migrationshintergrund,5. Quintil,,,,,,,,,,,,
2017,kein Migrationshintergrund,1. Quintil,1197,1.3198728380430071,1.2085411889008686,1.4312044871851457,1.7401917414673542,11.38731393209813,0.0,4.350479353668385,-2.6102876122010312,0.0,0.0,0.0
2017,kein Migrationshintergrund,2. Quintil,1977,1.7568077381400475,1.6532632635756845,1.8603522127044105,5.813371563629515,0.0,0.0,14.533428909073786,-8.720057345444271,0.0,0.0,0.0
2017,kein Migrationshintergrund,3. Quintil,3358,1.349816824910906,1.2848965649134276,1.4147370849083842,3.0543400912756926,0.0,0.0,7.6358502281892315,-4.581510136913539,0.0,0.0,0.0
2017,kein Migrationshintergrund,4. Quintil,5137,1.62029441668486,1.5647761248183503,1.6758127085513699,2.2364129923667653,0.0,0.0,5.591032480916914,-3.354619488550148,0.0,0.0,0.0
2017,kein Migrationshintergrund,5. Quintil,8462,1.2404330043882257,1.2033404283461815,1.2775255804302699,9.78376424979829,0.0,0.4926654669991241,23.72041242399704,-13.443982707199623,0.0,0.0,0.0
2017,direkter Migrationshintergrund,1. Quintil,683,2.5866264182602663,2.387377819950788,2.7858750165697446,0.03963427475362977,0.0,0.0,0.09908568688407442,-0.05945141213044465,0.0,0.0,0.0
2017,direkter Migrationshintergrund,2. Quintil,892,2.821995393936484,2.669467257728933,2.9745235301440354,0.8257937628250234,0.0,4.827090343671778,0.0,0.0,0.0,0.0,0.0
2017,direkter Migrationshintergrund,3. Quintil,1071,2.073444139699902,1.9532518188645875,2.1936364605352168,5.198253222684402,5.98740634397212,2.284375778329708,9.569069389216443,-2.086440388202333,0.0,0.0,0.0
2017,direkter Migrationshintergrund,4. Quintil,1062,2.1038129249234725,1.974682856329434,2.232942993517511,0.0,10.916728018323766,5.573093756849952,4.0,0.0,0.0,0.0,0.0
2017,direkter Migrationshintergrund,5. Quintil,969,1.7944884594347585,1.6677889412194016,1.9211879776501155,0.0,0.8906554759490494,0.0,4.0,0.0,0.0,0.0,0.0
2017,indirekter Migrationshintergrund,1. Quintil,197,2.643853854045529,2.2480487997888536,3.0396589083022043,0.6069382593087291,0.0,0.0,1.5173456482718228,-0.9104073889630937,0.0,0.0,0.0
2017,indirekter Migrationshintergrund,2. Quintil,264,2.216120332840265,1.9307570261028693,2.5014836395776614,0.0,3.2548101026919842,0.0,0.0,0.0,0.0,0.0,0.0
2017,indirekter Migrationshintergrund,3. Quintil,313,2.1654503459213807,1.91120981061521,2.4196908812275515,0.0,4.435755037125574,3.7689150646014635,5.0,2.0,0.0,0.0,0.0
2017,indirekter Migrationshintergrund,4. Quintil,366,1.592964306881419,1.3881631504982923,1.7977654632645457,0.0,0.0,0.0,0.0,0.0,0.0,0.0,0.0
2017,indirekter Migrationshintergrund,5. Quintil,473,2.0388277731564015,1.8350707428498438,2.242584803462959,11.594933779600675,0.0,0.0,28.987334449001686,-17.392400669401013,0.0,0.0,0.0
2018,kein Migrationshintergrund,1. Quintil,,,,,,,,,,,,
2018,kein Migrationshintergrund,2. Quintil,,,,,,,,,,,,
2018,kein Migrationshintergrund,3. Quintil,,,,,,,,,,,,
2018,kein Migrationshintergrund,4. Quintil,,,,,,,,,,,,
2018,kein Migrationshintergrund,5. Quintil,,,,,,,,,,,,
2018,direkter Migrationshintergrund,1. Quintil,,,,,,,,,,,,
2018,direkter Migrationshintergrund,2. Quintil,,,,,,,,,,,,
2018,direkter Migrationshintergrund,3. Quintil,,,,,,,,,,,,
2018,direkter Migrationshintergrund,4. Quintil,,,,,,,,,,,,
2018,direkter Migrationshintergrund,5. Quintil,,,,,,,,,,,,
2018,indirekter Migrationshintergrund,1. Quintil,,,,,,,,,,,,
2018,indirekter Migrationshintergrund,2. Quintil,,,,,,,,,,,,
2018,indirekter Migrationshintergrund,3. Quintil,,,,,,,,,,,,
2018,indirekter Migrationshintergrund,4. Quintil,,,,,,,,,,,,
2018,indirekter Migrationshintergrund,5. Quintil,,,,,,,,,,,,
2019,kein Migrationshintergrund,1. Quintil,988,1.0682058958162644,0.9538546302079692,1.1825571614245594,11.47534918540343,0.0,0.0,28.688372963508577,-17.213023778105146,0.0,0.0,0.0
2019,kein Migrationshintergrund,2. Quintil,1512,1.1375910856174902,1.0463987838040643,1.2287833874309162,0.0,0.0,0.24265584545521346,0.0,0.6066396136380336,0.0,0.0,0.0
2019,kein Migrationshintergrund,3. Quintil,2691,1.5870802388657181,1.5062116852457887,1.6679487924856475,0.0,0.0,0.0,0.0,0.0,0.0,0.0,0.0
2019,kein Migrationshintergrund,4. Quintil,4694,1.5745806238686013,1.5148418915165727,1.63431935622063,4.080906808258331,6.323804268392095,0.0,10.202267020645827,-6.121360212387497,0.0,0.0,0.0
2019,kein Migrationshintergrund,5. Quintil,10297,1.3995161630950756,1.3629518669715888,1.4360804592185625,8.482939910263738,0.0,0.0,21.207349775659345,-12.724409865395607,0.0,0.0,0.0
2019,direkter Migrationshintergrund,1. Quintil,454,2.0303525836056764,1.8268490980844738,2.2338560691268787,0.05846986142400256,0.0,0.0,0.1461746535600064,-0.08770479213600384,0.0,0.0,0.0
2019,direkter Migrationshintergrund,2. Quintil,622,2.4492035050730308,2.2567843496680338,2.6416226604780277,0.0,19.615701416952206,0.0,5.0,0.0,0.0,0.0,0.0
2019,direkter Migrationshintergrund,3. Quintil,808,2.25924177080235,2.1128573929194605,2.405626148685239,2.167896725758645,1.9491058233998395,5.959393298122776,12.0,3.0,0.0,0.0,0.0
2019,direkter Migrationshintergrund,4. Quintil,924,1.944245067553839,1.813857480760445,2.0746326543472327,2.260693123335834,0.12852261619265257,0.0,5.651732808339585,-3.3910396850037507,0.0,0.0,0.0
2019,direkter Migrationshintergrund,5. Quintil,1152,1.9760350318200215,1.859821040238507,2.092249023401536,0.0,0.0,0.0,0.0,0.0,0.0,0.0,0.0
2019,indirekter Migrationshintergrund,1. Quintil,131,1.1344708440048916,0.8458977592827487,1.4230439287270347,0.5396122480471124,1.0,0.0,4.0,-0.8094183720706686,0.0,0.0,0.0
2019,indirekter Migrationshintergrund,2. Quintil,211,1.5600295611304187,1.2955789295200795,1.824480192740758,0.0,0.0,0.0,2.0,0.0,0.0,0.0,0.0
2019,indirekter Migrationshintergrund,3. Quintil,268,1.672965757600047,1.4363836590434564,1.9095478561566375,0.0,0.0,1.4539825328551461,0.0,0.0,0.0,0.0,0.0
2019,indirekter Migrationshintergrund,4. Quintil,367,1.9704612585426822,1.7414610126594838,2.1994615044258805,0.6875452544841281,2.2400428483837214,1.3906938019486805,0.0,2.4454166231455092,0.0,0.0,0.0
2019,indirekter Migrationshintergrund,5. Quintil,602,2.3028678978542594,2.1139165034951723,2.4918192922133464,0.0,0.0,1.1428635489430534,0.0,0.0,0.0,0.0,0.0
2020,kein Migrationshintergrund,1. Quintil,,,,,,,,,,,,
2020,kein Migrationshintergrund,2. Quintil,,,,,,,,,,,,
2020,kein Migrationshintergrund,3. Quintil,,,,,,,,,,,,
2020,kein Migrationshintergrund,4. Quintil,,,,,,,,,,,,
2020,kein Migrationshintergrund,5. Quintil,,,,,,,,,,,,
2020,direkter Migrationshintergrund,1. Quintil,,,,,,,,,,,,
2020,direkter Migrationshintergrund,2. Quintil,,,,,,,,,,,,
2020,direkter Migrationshintergrund,3. Quintil,,,,,,,,,,,,
2020,direkter Migrationshintergrund,4. Quintil,,,,,,,,,,,,
2020,direkter Migrationshintergrund,5. Quintil,,,,,,,,,,,,
2020,indirekter Migrationshintergrund,1. Quintil,,,,,,,,,,,,
2020,indirekter Migrationshintergrund,2. Quintil,,,,,,,,,,,,
2020,indirekter Migrationshintergrund,3. Quintil,,,,,,,,,,,,
2020,indirekter Migrationshintergrund,4. Quintil,,,,,,,,,,,,
2020,indirekter Migrationshintergrund,5. Quintil,,,,,,,,,,,,
2021,kein Migrationshintergrund,1. Quintil,532,0.8632986834536132,0.7223421909970157,1.0042551759102105,0.0,0.0,0.0,0.0,0.0,0.0,0.0,0.0
2021,kein Migrationshintergrund,2. Quintil,741,1.5150514517110714,1.350496055393797,1.6796068480283457,0.9263910361309675,0.0,23.61284483809854,0.0,1.0,0.0,0.0,0.0
2021,kein Migrationshintergrund,3. Quintil,1310,1.7220205271359483,1.6015823303875665,1.8424587238843302,0.0,0.0,0.0,0.0,0.0,0.0,0.0,0.0
2021,kein Migrationshintergrund,4. Quintil,2551,1.9535997703503585,1.8632214172199837,2.0439781234807333,0.0,0.0,5.833723758624174,0.0,0.0,0.0,0.0,0.0
2021,kein Migrationshintergrund,5. Quintil,7385,1.7510222525928931,1.7017404846038529,1.8003040205819334,9.605441468999464,4.519561627820847,0.2406404270376039,23.652643031942254,-13.806561135905184,0.0,0.0,0.0
2021,direkter Migrationshintergrund,1. Quintil,1101,3.0518667203534102,2.8583485187253417,3.2453849219814788,0.0,0.0,11.407221229541692,0.0,0.0,0.0,0.0,0.0
2021,direkter Migrationshintergrund,2. Quintil,888,2.3509278691415796,2.2021936292735913,2.499662109009568,0.04350606011310637,4.8035119131038835,12.532918234554577,2.0,1.0,0.0,0.0,0.0
2021,direkter Migrationshintergrund,3. Quintil,780,2.7721410408077714,2.6041060761101775,2.940176005505365,0.0,0.0,0.0,8.0,0.0,0.0,0.0,0.0
2021,direkter Migrationshintergrund,4. Quintil,806,2.6387115168534514,2.475230689835614,2.802192343871289,0.0,6.909940797029448,8.736985443546855,3.0,0.0,0.0,0.0,0.0
2021,direkter Migrationshintergrund,5. Quintil,1116,1.9255349110452538,1.8098895800831374,2.0411802420073704,0.8675839377234583,0.0,5.081356670109358,0.0,0.0,0.0,0.0,0.0
2021,indirekter Migrationshintergrund,1. Quintil,70,0.8643615973891441,0.4738543070641457,1.2548688877141425,0.0,0.0,6.072121742198057,0.0,0.0,0.0,0.0,0.0
2021,indirekter Migrationshintergrund,2. Quintil,99,2.52513041721041,2.070710127462819,2.979550706958001,0.0,5.508804094240369,0.0,12.0,0.0,0.0,0.0,0.0
2021,indirekter Migrationshintergrund,3. Quintil,113,1.6532877545221871,1.2314818966804162,2.075093612363958,0.0,0.0,0.0,0.0,0.0,0.0,0.0,0.0
2021,indirekter Migrationshintergrund,4. Quintil,194,1.635565099138985,1.3014646139745842,1.9696655843033857,0.0,0.0,2.974244649270277,0.0,0.0,0.0,0.0,0.0
2021,indirekter Migrationshintergrund,5. Quintil,422,2.553111319527565,2.290813532064724,2.8154091069904066,20.702442476170024,0.0,0.0,51.75610619042506,-31.053663714255038,0.0,0.0,0.0
