"ple0055","year","bildungsniveau","sex","n","percent","lower_confidence_percent","upper_confidence_percent"
"0","1984","(noch) kein Abschluss","maennlich","","","",""
"0","1984","(noch) kein Abschluss","weiblich","","","",""
"0","1984","Hauptschule","maennlich","","","",""
"0","1984","Hauptschule","weiblich","1","","",""
"0","1984","Realschule","maennlich","","","",""
"0","1984","Realschule","weiblich","","","",""
"0","1984","(Fach-)Abitur","maennlich","1","","",""
"0","1984","(Fach-)Abitur","weiblich","","","",""
"0","1984","AkademikerIn","maennlich","","","",""
"0","1984","AkademikerIn","weiblich","","","",""
"1","1984","(noch) kein Abschluss","maennlich","49","0.847509027750313","0.754990582177429","0.940027473323197"
"1","1984","(noch) kein Abschluss","weiblich","74","0.854628096337206","0.78139929763954","0.927856895034873"
"1","1984","Hauptschule","maennlich","276","","",""
"1","1984","Hauptschule","weiblich","382","0.833273935536102","0.798912245034891","0.867635626037313"
"1","1984","Realschule","maennlich","42","0.823900880946908","0.718321487134232","0.929480274759583"
"1","1984","Realschule","weiblich","113","","",""
"1","1984","(Fach-)Abitur","maennlich","39","0.792395846210904","0.675187567063588","0.909604125358219"
"1","1984","(Fach-)Abitur","weiblich","25","","",""
"1","1984","AkademikerIn","maennlich","25","","",""
"1","1984","AkademikerIn","weiblich","22","","",""
"2","1984","(noch) kein Abschluss","maennlich","5","0.0485967912623115","-0.00674079315437315","0.103934375678996"
"2","1984","(noch) kein Abschluss","weiblich","11","","",""
"2","1984","Hauptschule","maennlich","46","0.143366692824159","0.10675680728859","0.179976578359728"
"2","1984","Hauptschule","weiblich","45","0.0995724297205478","0.0719683789130676","0.127176480528028"
"2","1984","Realschule","maennlich","8","0.176099119053092","0.0705197252404171","0.281678512865767"
"2","1984","Realschule","weiblich","10","","",""
"2","1984","(Fach-)Abitur","maennlich","3","","",""
"2","1984","(Fach-)Abitur","weiblich","4","0.171297829590868","0.0364752501160177","0.306120409065718"
"2","1984","AkademikerIn","maennlich","7","0.233218902404335","0.088938051885708","0.377499752922961"
"2","1984","AkademikerIn","weiblich","2","","",""
"3","1984","(noch) kein Abschluss","maennlich","2","","",""
"3","1984","(noch) kein Abschluss","weiblich","2","","",""
"3","1984","Hauptschule","maennlich","16","","",""
"3","1984","Hauptschule","weiblich","13","","",""
"3","1984","Realschule","maennlich","","","",""
"3","1984","Realschule","weiblich","5","0.0387194971724764","0.00593170362593871","0.0715072907190142"
"3","1984","(Fach-)Abitur","maennlich","2","","",""
"3","1984","(Fach-)Abitur","weiblich","","","",""
"3","1984","AkademikerIn","maennlich","1","","",""
"3","1984","AkademikerIn","weiblich","","","",""
"4","1984","(noch) kein Abschluss","maennlich","1","","",""
"4","1984","(noch) kein Abschluss","weiblich","2","","",""
"4","1984","Hauptschule","maennlich","5","0.0100167719609505","-0.000386131570808499","0.0204196754927095"
"4","1984","Hauptschule","weiblich","4","0.0110946712730586","0.00143831120078683","0.0207510313453305"
"4","1984","Realschule","maennlich","","","",""
"4","1984","Realschule","weiblich","2","","",""
"4","1984","(Fach-)Abitur","maennlich","","","",""
"4","1984","(Fach-)Abitur","weiblich","","","",""
"4","1984","AkademikerIn","maennlich","","","",""
"4","1984","AkademikerIn","weiblich","1","","",""
"5","1984","(noch) kein Abschluss","maennlich","1","","",""
"5","1984","(noch) kein Abschluss","weiblich","","","",""
"5","1984","Hauptschule","maennlich","1","","",""
"5","1984","Hauptschule","weiblich","1","","",""
"5","1984","Realschule","maennlich","","","",""
"5","1984","Realschule","weiblich","1","","",""
"5","1984","(Fach-)Abitur","maennlich","","","",""
"5","1984","(Fach-)Abitur","weiblich","1","","",""
"5","1984","AkademikerIn","maennlich","","","",""
"5","1984","AkademikerIn","weiblich","","","",""
"6","1984","(noch) kein Abschluss","maennlich","","","",""
"6","1984","(noch) kein Abschluss","weiblich","","","",""
"6","1984","Hauptschule","maennlich","4","0.0104069437883982","-0.000194540726026936","0.0210084283028233"
"6","1984","Hauptschule","weiblich","","","",""
"6","1984","Realschule","maennlich","","","",""
"6","1984","Realschule","weiblich","1","","",""
"6","1984","(Fach-)Abitur","maennlich","","","",""
"6","1984","(Fach-)Abitur","weiblich","","","",""
"6","1984","AkademikerIn","maennlich","","","",""
"6","1984","AkademikerIn","weiblich","","","",""
"7","1984","(noch) kein Abschluss","maennlich","","","",""
"7","1984","(noch) kein Abschluss","weiblich","","","",""
"7","1984","Hauptschule","maennlich","1","","",""
"7","1984","Hauptschule","weiblich","3","","",""
"7","1984","Realschule","maennlich","","","",""
"7","1984","Realschule","weiblich","","","",""
"7","1984","(Fach-)Abitur","maennlich","","","",""
"7","1984","(Fach-)Abitur","weiblich","","","",""
"7","1984","AkademikerIn","maennlich","","","",""
"7","1984","AkademikerIn","weiblich","","","",""
"8","1984","(noch) kein Abschluss","maennlich","","","",""
"8","1984","(noch) kein Abschluss","weiblich","","","",""
"8","1984","Hauptschule","maennlich","","","",""
"8","1984","Hauptschule","weiblich","1","","",""
"8","1984","Realschule","maennlich","","","",""
"8","1984","Realschule","weiblich","","","",""
"8","1984","(Fach-)Abitur","maennlich","","","",""
"8","1984","(Fach-)Abitur","weiblich","","","",""
"8","1984","AkademikerIn","maennlich","","","",""
"8","1984","AkademikerIn","weiblich","","","",""
"9","1984","(noch) kein Abschluss","maennlich","","","",""
"9","1984","(noch) kein Abschluss","weiblich","","","",""
"9","1984","Hauptschule","maennlich","1","","",""
"9","1984","Hauptschule","weiblich","1","","",""
"9","1984","Realschule","maennlich","","","",""
"9","1984","Realschule","weiblich","","","",""
"9","1984","(Fach-)Abitur","maennlich","","","",""
"9","1984","(Fach-)Abitur","weiblich","","","",""
"9","1984","AkademikerIn","maennlich","","","",""
"9","1984","AkademikerIn","weiblich","","","",""
"10","1984","(noch) kein Abschluss","maennlich","","","",""
"10","1984","(noch) kein Abschluss","weiblich","","","",""
"10","1984","Hauptschule","maennlich","1","","",""
"10","1984","Hauptschule","weiblich","","","",""
"10","1984","Realschule","maennlich","","","",""
"10","1984","Realschule","weiblich","1","","",""
"10","1984","(Fach-)Abitur","maennlich","1","","",""
"10","1984","(Fach-)Abitur","weiblich","","","",""
"10","1984","AkademikerIn","maennlich","","","",""
"10","1984","AkademikerIn","weiblich","","","",""
"11","1984","(noch) kein Abschluss","maennlich","","","",""
"11","1984","(noch) kein Abschluss","weiblich","","","",""
"11","1984","Hauptschule","maennlich","","","",""
"11","1984","Hauptschule","weiblich","","","",""
"11","1984","Realschule","maennlich","","","",""
"11","1984","Realschule","weiblich","","","",""
"11","1984","(Fach-)Abitur","maennlich","","","",""
"11","1984","(Fach-)Abitur","weiblich","","","",""
"11","1984","AkademikerIn","maennlich","","","",""
"11","1984","AkademikerIn","weiblich","","","",""
"12","1984","(noch) kein Abschluss","maennlich","","","",""
"12","1984","(noch) kein Abschluss","weiblich","","","",""
"12","1984","Hauptschule","maennlich","1","","",""
"12","1984","Hauptschule","weiblich","","","",""
"12","1984","Realschule","maennlich","","","",""
"12","1984","Realschule","weiblich","","","",""
"12","1984","(Fach-)Abitur","maennlich","","","",""
"12","1984","(Fach-)Abitur","weiblich","","","",""
"12","1984","AkademikerIn","maennlich","","","",""
"12","1984","AkademikerIn","weiblich","","","",""
"13","1984","(noch) kein Abschluss","maennlich","","","",""
"13","1984","(noch) kein Abschluss","weiblich","","","",""
"13","1984","Hauptschule","maennlich","","","",""
"13","1984","Hauptschule","weiblich","","","",""
"13","1984","Realschule","maennlich","","","",""
"13","1984","Realschule","weiblich","","","",""
"13","1984","(Fach-)Abitur","maennlich","","","",""
"13","1984","(Fach-)Abitur","weiblich","","","",""
"13","1984","AkademikerIn","maennlich","","","",""
"13","1984","AkademikerIn","weiblich","","","",""
"14","1984","(noch) kein Abschluss","maennlich","","","",""
"14","1984","(noch) kein Abschluss","weiblich","","","",""
"14","1984","Hauptschule","maennlich","","","",""
"14","1984","Hauptschule","weiblich","1","","",""
"14","1984","Realschule","maennlich","","","",""
"14","1984","Realschule","weiblich","","","",""
"14","1984","(Fach-)Abitur","maennlich","","","",""
"14","1984","(Fach-)Abitur","weiblich","","","",""
"14","1984","AkademikerIn","maennlich","","","",""
"14","1984","AkademikerIn","weiblich","","","",""
"15","1984","(noch) kein Abschluss","maennlich","","","",""
"15","1984","(noch) kein Abschluss","weiblich","","","",""
"15","1984","Hauptschule","maennlich","","","",""
"15","1984","Hauptschule","weiblich","","","",""
"15","1984","Realschule","maennlich","","","",""
"15","1984","Realschule","weiblich","","","",""
"15","1984","(Fach-)Abitur","maennlich","","","",""
"15","1984","(Fach-)Abitur","weiblich","","","",""
"15","1984","AkademikerIn","maennlich","","","",""
"15","1984","AkademikerIn","weiblich","","","",""
"16","1984","(noch) kein Abschluss","maennlich","","","",""
"16","1984","(noch) kein Abschluss","weiblich","","","",""
"16","1984","Hauptschule","maennlich","","","",""
"16","1984","Hauptschule","weiblich","","","",""
"16","1984","Realschule","maennlich","","","",""
"16","1984","Realschule","weiblich","","","",""
"16","1984","(Fach-)Abitur","maennlich","","","",""
"16","1984","(Fach-)Abitur","weiblich","","","",""
"16","1984","AkademikerIn","maennlich","","","",""
"16","1984","AkademikerIn","weiblich","","","",""
"17","1984","(noch) kein Abschluss","maennlich","","","",""
"17","1984","(noch) kein Abschluss","weiblich","","","",""
"17","1984","Hauptschule","maennlich","","","",""
"17","1984","Hauptschule","weiblich","","","",""
"17","1984","Realschule","maennlich","","","",""
"17","1984","Realschule","weiblich","","","",""
"17","1984","(Fach-)Abitur","maennlich","","","",""
"17","1984","(Fach-)Abitur","weiblich","","","",""
"17","1984","AkademikerIn","maennlich","","","",""
"17","1984","AkademikerIn","weiblich","","","",""
"18","1984","(noch) kein Abschluss","maennlich","","","",""
"18","1984","(noch) kein Abschluss","weiblich","","","",""
"18","1984","Hauptschule","maennlich","","","",""
"18","1984","Hauptschule","weiblich","","","",""
"18","1984","Realschule","maennlich","","","",""
"18","1984","Realschule","weiblich","","","",""
"18","1984","(Fach-)Abitur","maennlich","","","",""
"18","1984","(Fach-)Abitur","weiblich","","","",""
"18","1984","AkademikerIn","maennlich","","","",""
"18","1984","AkademikerIn","weiblich","","","",""
"19","1984","(noch) kein Abschluss","maennlich","","","",""
"19","1984","(noch) kein Abschluss","weiblich","","","",""
"19","1984","Hauptschule","maennlich","","","",""
"19","1984","Hauptschule","weiblich","","","",""
"19","1984","Realschule","maennlich","","","",""
"19","1984","Realschule","weiblich","","","",""
"19","1984","(Fach-)Abitur","maennlich","","","",""
"19","1984","(Fach-)Abitur","weiblich","","","",""
"19","1984","AkademikerIn","maennlich","","","",""
"19","1984","AkademikerIn","weiblich","","","",""
"20","1984","(noch) kein Abschluss","maennlich","","","",""
"20","1984","(noch) kein Abschluss","weiblich","","","",""
"20","1984","Hauptschule","maennlich","","","",""
"20","1984","Hauptschule","weiblich","","","",""
"20","1984","Realschule","maennlich","","","",""
"20","1984","Realschule","weiblich","","","",""
"20","1984","(Fach-)Abitur","maennlich","","","",""
"20","1984","(Fach-)Abitur","weiblich","","","",""
"20","1984","AkademikerIn","maennlich","","","",""
"20","1984","AkademikerIn","weiblich","","","",""
"21","1984","(noch) kein Abschluss","maennlich","","","",""
"21","1984","(noch) kein Abschluss","weiblich","","","",""
"21","1984","Hauptschule","maennlich","","","",""
"21","1984","Hauptschule","weiblich","","","",""
"21","1984","Realschule","maennlich","","","",""
"21","1984","Realschule","weiblich","","","",""
"21","1984","(Fach-)Abitur","maennlich","","","",""
"21","1984","(Fach-)Abitur","weiblich","","","",""
"21","1984","AkademikerIn","maennlich","","","",""
"21","1984","AkademikerIn","weiblich","","","",""
"22","1984","(noch) kein Abschluss","maennlich","","","",""
"22","1984","(noch) kein Abschluss","weiblich","","","",""
"22","1984","Hauptschule","maennlich","","","",""
"22","1984","Hauptschule","weiblich","","","",""
"22","1984","Realschule","maennlich","","","",""
"22","1984","Realschule","weiblich","","","",""
"22","1984","(Fach-)Abitur","maennlich","","","",""
"22","1984","(Fach-)Abitur","weiblich","","","",""
"22","1984","AkademikerIn","maennlich","","","",""
"22","1984","AkademikerIn","weiblich","","","",""
"23","1984","(noch) kein Abschluss","maennlich","","","",""
"23","1984","(noch) kein Abschluss","weiblich","","","",""
"23","1984","Hauptschule","maennlich","","","",""
"23","1984","Hauptschule","weiblich","","","",""
"23","1984","Realschule","maennlich","","","",""
"23","1984","Realschule","weiblich","","","",""
"23","1984","(Fach-)Abitur","maennlich","","","",""
"23","1984","(Fach-)Abitur","weiblich","","","",""
"23","1984","AkademikerIn","maennlich","","","",""
"23","1984","AkademikerIn","weiblich","","","",""
"24","1984","(noch) kein Abschluss","maennlich","","","",""
"24","1984","(noch) kein Abschluss","weiblich","","","",""
"24","1984","Hauptschule","maennlich","","","",""
"24","1984","Hauptschule","weiblich","","","",""
"24","1984","Realschule","maennlich","","","",""
"24","1984","Realschule","weiblich","","","",""
"24","1984","(Fach-)Abitur","maennlich","","","",""
"24","1984","(Fach-)Abitur","weiblich","","","",""
"24","1984","AkademikerIn","maennlich","","","",""
"24","1984","AkademikerIn","weiblich","","","",""
"25","1984","(noch) kein Abschluss","maennlich","","","",""
"25","1984","(noch) kein Abschluss","weiblich","","","",""
"25","1984","Hauptschule","maennlich","","","",""
"25","1984","Hauptschule","weiblich","","","",""
"25","1984","Realschule","maennlich","","","",""
"25","1984","Realschule","weiblich","","","",""
"25","1984","(Fach-)Abitur","maennlich","","","",""
"25","1984","(Fach-)Abitur","weiblich","","","",""
"25","1984","AkademikerIn","maennlich","","","",""
"25","1984","AkademikerIn","weiblich","","","",""
"26","1984","(noch) kein Abschluss","maennlich","","","",""
"26","1984","(noch) kein Abschluss","weiblich","","","",""
"26","1984","Hauptschule","maennlich","","","",""
"26","1984","Hauptschule","weiblich","","","",""
"26","1984","Realschule","maennlich","","","",""
"26","1984","Realschule","weiblich","","","",""
"26","1984","(Fach-)Abitur","maennlich","","","",""
"26","1984","(Fach-)Abitur","weiblich","","","",""
"26","1984","AkademikerIn","maennlich","","","",""
"26","1984","AkademikerIn","weiblich","","","",""
"27","1984","(noch) kein Abschluss","maennlich","","","",""
"27","1984","(noch) kein Abschluss","weiblich","","","",""
"27","1984","Hauptschule","maennlich","","","",""
"27","1984","Hauptschule","weiblich","","","",""
"27","1984","Realschule","maennlich","","","",""
"27","1984","Realschule","weiblich","","","",""
"27","1984","(Fach-)Abitur","maennlich","","","",""
"27","1984","(Fach-)Abitur","weiblich","","","",""
"27","1984","AkademikerIn","maennlich","","","",""
"27","1984","AkademikerIn","weiblich","","","",""
"28","1984","(noch) kein Abschluss","maennlich","","","",""
"28","1984","(noch) kein Abschluss","weiblich","","","",""
"28","1984","Hauptschule","maennlich","","","",""
"28","1984","Hauptschule","weiblich","","","",""
"28","1984","Realschule","maennlich","","","",""
"28","1984","Realschule","weiblich","","","",""
"28","1984","(Fach-)Abitur","maennlich","","","",""
"28","1984","(Fach-)Abitur","weiblich","","","",""
"28","1984","AkademikerIn","maennlich","","","",""
"28","1984","AkademikerIn","weiblich","","","",""
"30","1984","(noch) kein Abschluss","maennlich","","","",""
"30","1984","(noch) kein Abschluss","weiblich","","","",""
"30","1984","Hauptschule","maennlich","","","",""
"30","1984","Hauptschule","weiblich","","","",""
"30","1984","Realschule","maennlich","","","",""
"30","1984","Realschule","weiblich","","","",""
"30","1984","(Fach-)Abitur","maennlich","","","",""
"30","1984","(Fach-)Abitur","weiblich","","","",""
"30","1984","AkademikerIn","maennlich","","","",""
"30","1984","AkademikerIn","weiblich","","","",""
"31","1984","(noch) kein Abschluss","maennlich","","","",""
"31","1984","(noch) kein Abschluss","weiblich","","","",""
"31","1984","Hauptschule","maennlich","","","",""
"31","1984","Hauptschule","weiblich","","","",""
"31","1984","Realschule","maennlich","","","",""
"31","1984","Realschule","weiblich","","","",""
"31","1984","(Fach-)Abitur","maennlich","","","",""
"31","1984","(Fach-)Abitur","weiblich","","","",""
"31","1984","AkademikerIn","maennlich","","","",""
"31","1984","AkademikerIn","weiblich","","","",""
"32","1984","(noch) kein Abschluss","maennlich","","","",""
"32","1984","(noch) kein Abschluss","weiblich","","","",""
"32","1984","Hauptschule","maennlich","","","",""
"32","1984","Hauptschule","weiblich","","","",""
"32","1984","Realschule","maennlich","","","",""
"32","1984","Realschule","weiblich","","","",""
"32","1984","(Fach-)Abitur","maennlich","","","",""
"32","1984","(Fach-)Abitur","weiblich","","","",""
"32","1984","AkademikerIn","maennlich","","","",""
"32","1984","AkademikerIn","weiblich","","","",""
"35","1984","(noch) kein Abschluss","maennlich","","","",""
"35","1984","(noch) kein Abschluss","weiblich","","","",""
"35","1984","Hauptschule","maennlich","","","",""
"35","1984","Hauptschule","weiblich","","","",""
"35","1984","Realschule","maennlich","","","",""
"35","1984","Realschule","weiblich","","","",""
"35","1984","(Fach-)Abitur","maennlich","","","",""
"35","1984","(Fach-)Abitur","weiblich","","","",""
"35","1984","AkademikerIn","maennlich","","","",""
"35","1984","AkademikerIn","weiblich","","","",""
"36","1984","(noch) kein Abschluss","maennlich","","","",""
"36","1984","(noch) kein Abschluss","weiblich","","","",""
"36","1984","Hauptschule","maennlich","","","",""
"36","1984","Hauptschule","weiblich","","","",""
"36","1984","Realschule","maennlich","","","",""
"36","1984","Realschule","weiblich","","","",""
"36","1984","(Fach-)Abitur","maennlich","","","",""
"36","1984","(Fach-)Abitur","weiblich","","","",""
"36","1984","AkademikerIn","maennlich","","","",""
"36","1984","AkademikerIn","weiblich","","","",""
"40","1984","(noch) kein Abschluss","maennlich","","","",""
"40","1984","(noch) kein Abschluss","weiblich","","","",""
"40","1984","Hauptschule","maennlich","","","",""
"40","1984","Hauptschule","weiblich","","","",""
"40","1984","Realschule","maennlich","","","",""
"40","1984","Realschule","weiblich","","","",""
"40","1984","(Fach-)Abitur","maennlich","","","",""
"40","1984","(Fach-)Abitur","weiblich","","","",""
"40","1984","AkademikerIn","maennlich","","","",""
"40","1984","AkademikerIn","weiblich","","","",""
"42","1984","(noch) kein Abschluss","maennlich","","","",""
"42","1984","(noch) kein Abschluss","weiblich","","","",""
"42","1984","Hauptschule","maennlich","","","",""
"42","1984","Hauptschule","weiblich","","","",""
"42","1984","Realschule","maennlich","","","",""
"42","1984","Realschule","weiblich","","","",""
"42","1984","(Fach-)Abitur","maennlich","","","",""
"42","1984","(Fach-)Abitur","weiblich","","","",""
"42","1984","AkademikerIn","maennlich","","","",""
"42","1984","AkademikerIn","weiblich","","","",""
"45","1984","(noch) kein Abschluss","maennlich","","","",""
"45","1984","(noch) kein Abschluss","weiblich","","","",""
"45","1984","Hauptschule","maennlich","","","",""
"45","1984","Hauptschule","weiblich","","","",""
"45","1984","Realschule","maennlich","","","",""
"45","1984","Realschule","weiblich","","","",""
"45","1984","(Fach-)Abitur","maennlich","","","",""
"45","1984","(Fach-)Abitur","weiblich","","","",""
"45","1984","AkademikerIn","maennlich","","","",""
"45","1984","AkademikerIn","weiblich","","","",""
"48","1984","(noch) kein Abschluss","maennlich","","","",""
"48","1984","(noch) kein Abschluss","weiblich","","","",""
"48","1984","Hauptschule","maennlich","","","",""
"48","1984","Hauptschule","weiblich","","","",""
"48","1984","Realschule","maennlich","","","",""
"48","1984","Realschule","weiblich","","","",""
"48","1984","(Fach-)Abitur","maennlich","","","",""
"48","1984","(Fach-)Abitur","weiblich","","","",""
"48","1984","AkademikerIn","maennlich","","","",""
"48","1984","AkademikerIn","weiblich","","","",""
"50","1984","(noch) kein Abschluss","maennlich","","","",""
"50","1984","(noch) kein Abschluss","weiblich","","","",""
"50","1984","Hauptschule","maennlich","","","",""
"50","1984","Hauptschule","weiblich","","","",""
"50","1984","Realschule","maennlich","","","",""
"50","1984","Realschule","weiblich","","","",""
"50","1984","(Fach-)Abitur","maennlich","","","",""
"50","1984","(Fach-)Abitur","weiblich","","","",""
"50","1984","AkademikerIn","maennlich","","","",""
"50","1984","AkademikerIn","weiblich","","","",""
"51","1984","(noch) kein Abschluss","maennlich","","","",""
"51","1984","(noch) kein Abschluss","weiblich","","","",""
"51","1984","Hauptschule","maennlich","","","",""
"51","1984","Hauptschule","weiblich","","","",""
"51","1984","Realschule","maennlich","","","",""
"51","1984","Realschule","weiblich","","","",""
"51","1984","(Fach-)Abitur","maennlich","","","",""
"51","1984","(Fach-)Abitur","weiblich","","","",""
"51","1984","AkademikerIn","maennlich","","","",""
"51","1984","AkademikerIn","weiblich","","","",""
"64","1984","(noch) kein Abschluss","maennlich","","","",""
"64","1984","(noch) kein Abschluss","weiblich","","","",""
"64","1984","Hauptschule","maennlich","","","",""
"64","1984","Hauptschule","weiblich","","","",""
"64","1984","Realschule","maennlich","","","",""
"64","1984","Realschule","weiblich","","","",""
"64","1984","(Fach-)Abitur","maennlich","","","",""
"64","1984","(Fach-)Abitur","weiblich","","","",""
"64","1984","AkademikerIn","maennlich","","","",""
"64","1984","AkademikerIn","weiblich","","","",""
"65","1984","(noch) kein Abschluss","maennlich","","","",""
"65","1984","(noch) kein Abschluss","weiblich","","","",""
"65","1984","Hauptschule","maennlich","","","",""
"65","1984","Hauptschule","weiblich","","","",""
"65","1984","Realschule","maennlich","","","",""
"65","1984","Realschule","weiblich","","","",""
"65","1984","(Fach-)Abitur","maennlich","","","",""
"65","1984","(Fach-)Abitur","weiblich","","","",""
"65","1984","AkademikerIn","maennlich","","","",""
"65","1984","AkademikerIn","weiblich","","","",""
"90","1984","(noch) kein Abschluss","maennlich","","","",""
"90","1984","(noch) kein Abschluss","weiblich","","","",""
"90","1984","Hauptschule","maennlich","","","",""
"90","1984","Hauptschule","weiblich","","","",""
"90","1984","Realschule","maennlich","","","",""
"90","1984","Realschule","weiblich","","","",""
"90","1984","(Fach-)Abitur","maennlich","","","",""
"90","1984","(Fach-)Abitur","weiblich","","","",""
"90","1984","AkademikerIn","maennlich","","","",""
"90","1984","AkademikerIn","weiblich","","","",""
"98","1984","(noch) kein Abschluss","maennlich","","","",""
"98","1984","(noch) kein Abschluss","weiblich","","","",""
"98","1984","Hauptschule","maennlich","","","",""
"98","1984","Hauptschule","weiblich","","","",""
"98","1984","Realschule","maennlich","","","",""
"98","1984","Realschule","weiblich","","","",""
"98","1984","(Fach-)Abitur","maennlich","","","",""
"98","1984","(Fach-)Abitur","weiblich","","","",""
"98","1984","AkademikerIn","maennlich","","","",""
"98","1984","AkademikerIn","weiblich","","","",""
"100","1984","(noch) kein Abschluss","maennlich","","","",""
"100","1984","(noch) kein Abschluss","weiblich","","","",""
"100","1984","Hauptschule","maennlich","","","",""
"100","1984","Hauptschule","weiblich","","","",""
"100","1984","Realschule","maennlich","","","",""
"100","1984","Realschule","weiblich","","","",""
"100","1984","(Fach-)Abitur","maennlich","","","",""
"100","1984","(Fach-)Abitur","weiblich","","","",""
"100","1984","AkademikerIn","maennlich","","","",""
"100","1984","AkademikerIn","weiblich","","","",""
"0","1985","(noch) kein Abschluss","maennlich","","","",""
"0","1985","(noch) kein Abschluss","weiblich","","","",""
"0","1985","Hauptschule","maennlich","1","","",""
"0","1985","Hauptschule","weiblich","","","",""
"0","1985","Realschule","maennlich","","","",""
"0","1985","Realschule","weiblich","","","",""
"0","1985","(Fach-)Abitur","maennlich","","","",""
"0","1985","(Fach-)Abitur","weiblich","","","",""
"0","1985","AkademikerIn","maennlich","","","",""
"0","1985","AkademikerIn","weiblich","","","",""
"1","1985","(noch) kein Abschluss","maennlich","37","0.830389608651189","0.724221359984582","0.936557857317796"
"1","1985","(noch) kein Abschluss","weiblich","67","0.886722233818478","0.815932730428966","0.957511737207991"
"1","1985","Hauptschule","maennlich","221","","",""
"1","1985","Hauptschule","weiblich","338","0.810596028004206","0.772760808330768","0.848431247677645"
"1","1985","Realschule","maennlich","45","0.81020813637781","0.707503234322317","0.912913038433302"
"1","1985","Realschule","weiblich","109","","",""
"1","1985","(Fach-)Abitur","maennlich","31","0.836255714838613","0.717021786095731","0.955489643581495"
"1","1985","(Fach-)Abitur","weiblich","34","0.749309953466123","0.618234085541961","0.880385821390284"
"1","1985","AkademikerIn","maennlich","27","","",""
"1","1985","AkademikerIn","weiblich","35","0.878011874601633","0.776591065967981","0.979432683235285"
"2","1985","(noch) kein Abschluss","maennlich","7","0.095719712444751","0.0124897503517805","0.178949674537721"
"2","1985","(noch) kein Abschluss","weiblich","6","0.0548291103382282","0.00398232550587358","0.105675895170583"
"2","1985","Hauptschule","maennlich","36","0.140151937773434","0.0998490585730279","0.180454816973841"
"2","1985","Hauptschule","weiblich","50","0.134233429387663","0.101315672599234","0.167151186176092"
"2","1985","Realschule","maennlich","8","0.136843871039217","0.0468295868284883","0.226858155249945"
"2","1985","Realschule","weiblich","14","","",""
"2","1985","(Fach-)Abitur","maennlich","5","0.129872293309472","0.0215552036474469","0.238189382971497"
"2","1985","(Fach-)Abitur","weiblich","6","0.183803852161582","0.0666657938847216","0.300941910438442"
"2","1985","AkademikerIn","maennlich","3","","",""
"2","1985","AkademikerIn","weiblich","3","","",""
"3","1985","(noch) kein Abschluss","maennlich","2","","",""
"3","1985","(noch) kein Abschluss","weiblich","3","","",""
"3","1985","Hauptschule","maennlich","12","","",""
"3","1985","Hauptschule","weiblich","12","","",""
"3","1985","Realschule","maennlich","1","","",""
"3","1985","Realschule","weiblich","3","","",""
"3","1985","(Fach-)Abitur","maennlich","1","","",""
"3","1985","(Fach-)Abitur","weiblich","","","",""
"3","1985","AkademikerIn","maennlich","","","",""
"3","1985","AkademikerIn","weiblich","1","","",""
"4","1985","(noch) kein Abschluss","maennlich","","","",""
"4","1985","(noch) kein Abschluss","weiblich","","","",""
"4","1985","Hauptschule","maennlich","3","","",""
"4","1985","Hauptschule","weiblich","2","","",""
"4","1985","Realschule","maennlich","","","",""
"4","1985","Realschule","weiblich","","","",""
"4","1985","(Fach-)Abitur","maennlich","","","",""
"4","1985","(Fach-)Abitur","weiblich","2","","",""
"4","1985","AkademikerIn","maennlich","","","",""
"4","1985","AkademikerIn","weiblich","","","",""
"5","1985","(noch) kein Abschluss","maennlich","","","",""
"5","1985","(noch) kein Abschluss","weiblich","","","",""
"5","1985","Hauptschule","maennlich","2","","",""
"5","1985","Hauptschule","weiblich","3","","",""
"5","1985","Realschule","maennlich","","","",""
"5","1985","Realschule","weiblich","2","","",""
"5","1985","(Fach-)Abitur","maennlich","","","",""
"5","1985","(Fach-)Abitur","weiblich","","","",""
"5","1985","AkademikerIn","maennlich","","","",""
"5","1985","AkademikerIn","weiblich","","","",""
"6","1985","(noch) kein Abschluss","maennlich","","","",""
"6","1985","(noch) kein Abschluss","weiblich","1","","",""
"6","1985","Hauptschule","maennlich","","","",""
"6","1985","Hauptschule","weiblich","1","","",""
"6","1985","Realschule","maennlich","","","",""
"6","1985","Realschule","weiblich","2","","",""
"6","1985","(Fach-)Abitur","maennlich","","","",""
"6","1985","(Fach-)Abitur","weiblich","","","",""
"6","1985","AkademikerIn","maennlich","","","",""
"6","1985","AkademikerIn","weiblich","","","",""
"7","1985","(noch) kein Abschluss","maennlich","","","",""
"7","1985","(noch) kein Abschluss","weiblich","","","",""
"7","1985","Hauptschule","maennlich","2","","",""
"7","1985","Hauptschule","weiblich","","","",""
"7","1985","Realschule","maennlich","1","","",""
"7","1985","Realschule","weiblich","","","",""
"7","1985","(Fach-)Abitur","maennlich","","","",""
"7","1985","(Fach-)Abitur","weiblich","","","",""
"7","1985","AkademikerIn","maennlich","","","",""
"7","1985","AkademikerIn","weiblich","","","",""
"8","1985","(noch) kein Abschluss","maennlich","1","","",""
"8","1985","(noch) kein Abschluss","weiblich","","","",""
"8","1985","Hauptschule","maennlich","","","",""
"8","1985","Hauptschule","weiblich","","","",""
"8","1985","Realschule","maennlich","","","",""
"8","1985","Realschule","weiblich","","","",""
"8","1985","(Fach-)Abitur","maennlich","","","",""
"8","1985","(Fach-)Abitur","weiblich","","","",""
"8","1985","AkademikerIn","maennlich","","","",""
"8","1985","AkademikerIn","weiblich","","","",""
"9","1985","(noch) kein Abschluss","maennlich","","","",""
"9","1985","(noch) kein Abschluss","weiblich","","","",""
"9","1985","Hauptschule","maennlich","1","","",""
"9","1985","Hauptschule","weiblich","","","",""
"9","1985","Realschule","maennlich","","","",""
"9","1985","Realschule","weiblich","","","",""
"9","1985","(Fach-)Abitur","maennlich","","","",""
"9","1985","(Fach-)Abitur","weiblich","","","",""
"9","1985","AkademikerIn","maennlich","","","",""
"9","1985","AkademikerIn","weiblich","","","",""
"10","1985","(noch) kein Abschluss","maennlich","","","",""
"10","1985","(noch) kein Abschluss","weiblich","","","",""
"10","1985","Hauptschule","maennlich","4","0.0164795385647782","0.00169901274898792","0.0312600643805685"
"10","1985","Hauptschule","weiblich","","","",""
"10","1985","Realschule","maennlich","","","",""
"10","1985","Realschule","weiblich","","","",""
"10","1985","(Fach-)Abitur","maennlich","","","",""
"10","1985","(Fach-)Abitur","weiblich","","","",""
"10","1985","AkademikerIn","maennlich","","","",""
"10","1985","AkademikerIn","weiblich","","","",""
"11","1985","(noch) kein Abschluss","maennlich","","","",""
"11","1985","(noch) kein Abschluss","weiblich","","","",""
"11","1985","Hauptschule","maennlich","","","",""
"11","1985","Hauptschule","weiblich","","","",""
"11","1985","Realschule","maennlich","","","",""
"11","1985","Realschule","weiblich","","","",""
"11","1985","(Fach-)Abitur","maennlich","","","",""
"11","1985","(Fach-)Abitur","weiblich","","","",""
"11","1985","AkademikerIn","maennlich","","","",""
"11","1985","AkademikerIn","weiblich","","","",""
"12","1985","(noch) kein Abschluss","maennlich","","","",""
"12","1985","(noch) kein Abschluss","weiblich","","","",""
"12","1985","Hauptschule","maennlich","","","",""
"12","1985","Hauptschule","weiblich","1","","",""
"12","1985","Realschule","maennlich","","","",""
"12","1985","Realschule","weiblich","","","",""
"12","1985","(Fach-)Abitur","maennlich","","","",""
"12","1985","(Fach-)Abitur","weiblich","","","",""
"12","1985","AkademikerIn","maennlich","","","",""
"12","1985","AkademikerIn","weiblich","","","",""
"13","1985","(noch) kein Abschluss","maennlich","","","",""
"13","1985","(noch) kein Abschluss","weiblich","","","",""
"13","1985","Hauptschule","maennlich","","","",""
"13","1985","Hauptschule","weiblich","","","",""
"13","1985","Realschule","maennlich","","","",""
"13","1985","Realschule","weiblich","","","",""
"13","1985","(Fach-)Abitur","maennlich","","","",""
"13","1985","(Fach-)Abitur","weiblich","","","",""
"13","1985","AkademikerIn","maennlich","","","",""
"13","1985","AkademikerIn","weiblich","","","",""
"14","1985","(noch) kein Abschluss","maennlich","1","","",""
"14","1985","(noch) kein Abschluss","weiblich","","","",""
"14","1985","Hauptschule","maennlich","1","","",""
"14","1985","Hauptschule","weiblich","3","","",""
"14","1985","Realschule","maennlich","1","","",""
"14","1985","Realschule","weiblich","","","",""
"14","1985","(Fach-)Abitur","maennlich","","","",""
"14","1985","(Fach-)Abitur","weiblich","","","",""
"14","1985","AkademikerIn","maennlich","","","",""
"14","1985","AkademikerIn","weiblich","","","",""
"15","1985","(noch) kein Abschluss","maennlich","","","",""
"15","1985","(noch) kein Abschluss","weiblich","","","",""
"15","1985","Hauptschule","maennlich","","","",""
"15","1985","Hauptschule","weiblich","1","","",""
"15","1985","Realschule","maennlich","","","",""
"15","1985","Realschule","weiblich","","","",""
"15","1985","(Fach-)Abitur","maennlich","","","",""
"15","1985","(Fach-)Abitur","weiblich","","","",""
"15","1985","AkademikerIn","maennlich","","","",""
"15","1985","AkademikerIn","weiblich","","","",""
"16","1985","(noch) kein Abschluss","maennlich","","","",""
"16","1985","(noch) kein Abschluss","weiblich","","","",""
"16","1985","Hauptschule","maennlich","1","","",""
"16","1985","Hauptschule","weiblich","","","",""
"16","1985","Realschule","maennlich","","","",""
"16","1985","Realschule","weiblich","","","",""
"16","1985","(Fach-)Abitur","maennlich","","","",""
"16","1985","(Fach-)Abitur","weiblich","","","",""
"16","1985","AkademikerIn","maennlich","","","",""
"16","1985","AkademikerIn","weiblich","1","","",""
"17","1985","(noch) kein Abschluss","maennlich","","","",""
"17","1985","(noch) kein Abschluss","weiblich","","","",""
"17","1985","Hauptschule","maennlich","","","",""
"17","1985","Hauptschule","weiblich","1","","",""
"17","1985","Realschule","maennlich","","","",""
"17","1985","Realschule","weiblich","","","",""
"17","1985","(Fach-)Abitur","maennlich","","","",""
"17","1985","(Fach-)Abitur","weiblich","","","",""
"17","1985","AkademikerIn","maennlich","","","",""
"17","1985","AkademikerIn","weiblich","","","",""
"18","1985","(noch) kein Abschluss","maennlich","","","",""
"18","1985","(noch) kein Abschluss","weiblich","","","",""
"18","1985","Hauptschule","maennlich","","","",""
"18","1985","Hauptschule","weiblich","","","",""
"18","1985","Realschule","maennlich","","","",""
"18","1985","Realschule","weiblich","","","",""
"18","1985","(Fach-)Abitur","maennlich","","","",""
"18","1985","(Fach-)Abitur","weiblich","","","",""
"18","1985","AkademikerIn","maennlich","","","",""
"18","1985","AkademikerIn","weiblich","","","",""
"19","1985","(noch) kein Abschluss","maennlich","","","",""
"19","1985","(noch) kein Abschluss","weiblich","","","",""
"19","1985","Hauptschule","maennlich","","","",""
"19","1985","Hauptschule","weiblich","","","",""
"19","1985","Realschule","maennlich","","","",""
"19","1985","Realschule","weiblich","","","",""
"19","1985","(Fach-)Abitur","maennlich","","","",""
"19","1985","(Fach-)Abitur","weiblich","","","",""
"19","1985","AkademikerIn","maennlich","","","",""
"19","1985","AkademikerIn","weiblich","","","",""
"20","1985","(noch) kein Abschluss","maennlich","","","",""
"20","1985","(noch) kein Abschluss","weiblich","","","",""
"20","1985","Hauptschule","maennlich","","","",""
"20","1985","Hauptschule","weiblich","","","",""
"20","1985","Realschule","maennlich","","","",""
"20","1985","Realschule","weiblich","","","",""
"20","1985","(Fach-)Abitur","maennlich","","","",""
"20","1985","(Fach-)Abitur","weiblich","","","",""
"20","1985","AkademikerIn","maennlich","","","",""
"20","1985","AkademikerIn","weiblich","","","",""
"21","1985","(noch) kein Abschluss","maennlich","","","",""
"21","1985","(noch) kein Abschluss","weiblich","","","",""
"21","1985","Hauptschule","maennlich","","","",""
"21","1985","Hauptschule","weiblich","","","",""
"21","1985","Realschule","maennlich","","","",""
"21","1985","Realschule","weiblich","","","",""
"21","1985","(Fach-)Abitur","maennlich","","","",""
"21","1985","(Fach-)Abitur","weiblich","","","",""
"21","1985","AkademikerIn","maennlich","","","",""
"21","1985","AkademikerIn","weiblich","","","",""
"22","1985","(noch) kein Abschluss","maennlich","","","",""
"22","1985","(noch) kein Abschluss","weiblich","","","",""
"22","1985","Hauptschule","maennlich","","","",""
"22","1985","Hauptschule","weiblich","","","",""
"22","1985","Realschule","maennlich","","","",""
"22","1985","Realschule","weiblich","","","",""
"22","1985","(Fach-)Abitur","maennlich","","","",""
"22","1985","(Fach-)Abitur","weiblich","","","",""
"22","1985","AkademikerIn","maennlich","","","",""
"22","1985","AkademikerIn","weiblich","","","",""
"23","1985","(noch) kein Abschluss","maennlich","","","",""
"23","1985","(noch) kein Abschluss","weiblich","","","",""
"23","1985","Hauptschule","maennlich","","","",""
"23","1985","Hauptschule","weiblich","","","",""
"23","1985","Realschule","maennlich","","","",""
"23","1985","Realschule","weiblich","","","",""
"23","1985","(Fach-)Abitur","maennlich","","","",""
"23","1985","(Fach-)Abitur","weiblich","","","",""
"23","1985","AkademikerIn","maennlich","","","",""
"23","1985","AkademikerIn","weiblich","","","",""
"24","1985","(noch) kein Abschluss","maennlich","","","",""
"24","1985","(noch) kein Abschluss","weiblich","","","",""
"24","1985","Hauptschule","maennlich","","","",""
"24","1985","Hauptschule","weiblich","","","",""
"24","1985","Realschule","maennlich","","","",""
"24","1985","Realschule","weiblich","","","",""
"24","1985","(Fach-)Abitur","maennlich","","","",""
"24","1985","(Fach-)Abitur","weiblich","","","",""
"24","1985","AkademikerIn","maennlich","","","",""
"24","1985","AkademikerIn","weiblich","","","",""
"25","1985","(noch) kein Abschluss","maennlich","","","",""
"25","1985","(noch) kein Abschluss","weiblich","","","",""
"25","1985","Hauptschule","maennlich","","","",""
"25","1985","Hauptschule","weiblich","","","",""
"25","1985","Realschule","maennlich","","","",""
"25","1985","Realschule","weiblich","","","",""
"25","1985","(Fach-)Abitur","maennlich","","","",""
"25","1985","(Fach-)Abitur","weiblich","","","",""
"25","1985","AkademikerIn","maennlich","","","",""
"25","1985","AkademikerIn","weiblich","","","",""
"26","1985","(noch) kein Abschluss","maennlich","","","",""
"26","1985","(noch) kein Abschluss","weiblich","","","",""
"26","1985","Hauptschule","maennlich","","","",""
"26","1985","Hauptschule","weiblich","","","",""
"26","1985","Realschule","maennlich","","","",""
"26","1985","Realschule","weiblich","","","",""
"26","1985","(Fach-)Abitur","maennlich","","","",""
"26","1985","(Fach-)Abitur","weiblich","","","",""
"26","1985","AkademikerIn","maennlich","","","",""
"26","1985","AkademikerIn","weiblich","","","",""
"27","1985","(noch) kein Abschluss","maennlich","","","",""
"27","1985","(noch) kein Abschluss","weiblich","","","",""
"27","1985","Hauptschule","maennlich","","","",""
"27","1985","Hauptschule","weiblich","","","",""
"27","1985","Realschule","maennlich","","","",""
"27","1985","Realschule","weiblich","","","",""
"27","1985","(Fach-)Abitur","maennlich","","","",""
"27","1985","(Fach-)Abitur","weiblich","","","",""
"27","1985","AkademikerIn","maennlich","","","",""
"27","1985","AkademikerIn","weiblich","","","",""
"28","1985","(noch) kein Abschluss","maennlich","","","",""
"28","1985","(noch) kein Abschluss","weiblich","","","",""
"28","1985","Hauptschule","maennlich","","","",""
"28","1985","Hauptschule","weiblich","","","",""
"28","1985","Realschule","maennlich","","","",""
"28","1985","Realschule","weiblich","","","",""
"28","1985","(Fach-)Abitur","maennlich","","","",""
"28","1985","(Fach-)Abitur","weiblich","","","",""
"28","1985","AkademikerIn","maennlich","","","",""
"28","1985","AkademikerIn","weiblich","","","",""
"30","1985","(noch) kein Abschluss","maennlich","","","",""
"30","1985","(noch) kein Abschluss","weiblich","","","",""
"30","1985","Hauptschule","maennlich","1","","",""
"30","1985","Hauptschule","weiblich","","","",""
"30","1985","Realschule","maennlich","","","",""
"30","1985","Realschule","weiblich","","","",""
"30","1985","(Fach-)Abitur","maennlich","","","",""
"30","1985","(Fach-)Abitur","weiblich","","","",""
"30","1985","AkademikerIn","maennlich","","","",""
"30","1985","AkademikerIn","weiblich","","","",""
"31","1985","(noch) kein Abschluss","maennlich","","","",""
"31","1985","(noch) kein Abschluss","weiblich","","","",""
"31","1985","Hauptschule","maennlich","","","",""
"31","1985","Hauptschule","weiblich","","","",""
"31","1985","Realschule","maennlich","","","",""
"31","1985","Realschule","weiblich","","","",""
"31","1985","(Fach-)Abitur","maennlich","","","",""
"31","1985","(Fach-)Abitur","weiblich","","","",""
"31","1985","AkademikerIn","maennlich","","","",""
"31","1985","AkademikerIn","weiblich","","","",""
"32","1985","(noch) kein Abschluss","maennlich","","","",""
"32","1985","(noch) kein Abschluss","weiblich","","","",""
"32","1985","Hauptschule","maennlich","","","",""
"32","1985","Hauptschule","weiblich","","","",""
"32","1985","Realschule","maennlich","","","",""
"32","1985","Realschule","weiblich","","","",""
"32","1985","(Fach-)Abitur","maennlich","","","",""
"32","1985","(Fach-)Abitur","weiblich","","","",""
"32","1985","AkademikerIn","maennlich","","","",""
"32","1985","AkademikerIn","weiblich","","","",""
"35","1985","(noch) kein Abschluss","maennlich","","","",""
"35","1985","(noch) kein Abschluss","weiblich","","","",""
"35","1985","Hauptschule","maennlich","","","",""
"35","1985","Hauptschule","weiblich","","","",""
"35","1985","Realschule","maennlich","","","",""
"35","1985","Realschule","weiblich","","","",""
"35","1985","(Fach-)Abitur","maennlich","","","",""
"35","1985","(Fach-)Abitur","weiblich","","","",""
"35","1985","AkademikerIn","maennlich","","","",""
"35","1985","AkademikerIn","weiblich","","","",""
"36","1985","(noch) kein Abschluss","maennlich","","","",""
"36","1985","(noch) kein Abschluss","weiblich","","","",""
"36","1985","Hauptschule","maennlich","","","",""
"36","1985","Hauptschule","weiblich","","","",""
"36","1985","Realschule","maennlich","","","",""
"36","1985","Realschule","weiblich","","","",""
"36","1985","(Fach-)Abitur","maennlich","","","",""
"36","1985","(Fach-)Abitur","weiblich","","","",""
"36","1985","AkademikerIn","maennlich","","","",""
"36","1985","AkademikerIn","weiblich","","","",""
"40","1985","(noch) kein Abschluss","maennlich","","","",""
"40","1985","(noch) kein Abschluss","weiblich","","","",""
"40","1985","Hauptschule","maennlich","","","",""
"40","1985","Hauptschule","weiblich","","","",""
"40","1985","Realschule","maennlich","","","",""
"40","1985","Realschule","weiblich","","","",""
"40","1985","(Fach-)Abitur","maennlich","","","",""
"40","1985","(Fach-)Abitur","weiblich","","","",""
"40","1985","AkademikerIn","maennlich","","","",""
"40","1985","AkademikerIn","weiblich","","","",""
"42","1985","(noch) kein Abschluss","maennlich","","","",""
"42","1985","(noch) kein Abschluss","weiblich","","","",""
"42","1985","Hauptschule","maennlich","","","",""
"42","1985","Hauptschule","weiblich","","","",""
"42","1985","Realschule","maennlich","","","",""
"42","1985","Realschule","weiblich","","","",""
"42","1985","(Fach-)Abitur","maennlich","","","",""
"42","1985","(Fach-)Abitur","weiblich","","","",""
"42","1985","AkademikerIn","maennlich","","","",""
"42","1985","AkademikerIn","weiblich","","","",""
"45","1985","(noch) kein Abschluss","maennlich","","","",""
"45","1985","(noch) kein Abschluss","weiblich","","","",""
"45","1985","Hauptschule","maennlich","","","",""
"45","1985","Hauptschule","weiblich","","","",""
"45","1985","Realschule","maennlich","","","",""
"45","1985","Realschule","weiblich","","","",""
"45","1985","(Fach-)Abitur","maennlich","","","",""
"45","1985","(Fach-)Abitur","weiblich","","","",""
"45","1985","AkademikerIn","maennlich","","","",""
"45","1985","AkademikerIn","weiblich","","","",""
"48","1985","(noch) kein Abschluss","maennlich","","","",""
"48","1985","(noch) kein Abschluss","weiblich","","","",""
"48","1985","Hauptschule","maennlich","","","",""
"48","1985","Hauptschule","weiblich","","","",""
"48","1985","Realschule","maennlich","","","",""
"48","1985","Realschule","weiblich","","","",""
"48","1985","(Fach-)Abitur","maennlich","","","",""
"48","1985","(Fach-)Abitur","weiblich","","","",""
"48","1985","AkademikerIn","maennlich","","","",""
"48","1985","AkademikerIn","weiblich","","","",""
"50","1985","(noch) kein Abschluss","maennlich","","","",""
"50","1985","(noch) kein Abschluss","weiblich","","","",""
"50","1985","Hauptschule","maennlich","","","",""
"50","1985","Hauptschule","weiblich","","","",""
"50","1985","Realschule","maennlich","","","",""
"50","1985","Realschule","weiblich","","","",""
"50","1985","(Fach-)Abitur","maennlich","","","",""
"50","1985","(Fach-)Abitur","weiblich","","","",""
"50","1985","AkademikerIn","maennlich","","","",""
"50","1985","AkademikerIn","weiblich","","","",""
"51","1985","(noch) kein Abschluss","maennlich","","","",""
"51","1985","(noch) kein Abschluss","weiblich","","","",""
"51","1985","Hauptschule","maennlich","","","",""
"51","1985","Hauptschule","weiblich","","","",""
"51","1985","Realschule","maennlich","","","",""
"51","1985","Realschule","weiblich","","","",""
"51","1985","(Fach-)Abitur","maennlich","","","",""
"51","1985","(Fach-)Abitur","weiblich","","","",""
"51","1985","AkademikerIn","maennlich","","","",""
"51","1985","AkademikerIn","weiblich","","","",""
"64","1985","(noch) kein Abschluss","maennlich","","","",""
"64","1985","(noch) kein Abschluss","weiblich","","","",""
"64","1985","Hauptschule","maennlich","","","",""
"64","1985","Hauptschule","weiblich","","","",""
"64","1985","Realschule","maennlich","","","",""
"64","1985","Realschule","weiblich","","","",""
"64","1985","(Fach-)Abitur","maennlich","","","",""
"64","1985","(Fach-)Abitur","weiblich","","","",""
"64","1985","AkademikerIn","maennlich","","","",""
"64","1985","AkademikerIn","weiblich","","","",""
"65","1985","(noch) kein Abschluss","maennlich","","","",""
"65","1985","(noch) kein Abschluss","weiblich","","","",""
"65","1985","Hauptschule","maennlich","","","",""
"65","1985","Hauptschule","weiblich","","","",""
"65","1985","Realschule","maennlich","","","",""
"65","1985","Realschule","weiblich","","","",""
"65","1985","(Fach-)Abitur","maennlich","","","",""
"65","1985","(Fach-)Abitur","weiblich","","","",""
"65","1985","AkademikerIn","maennlich","","","",""
"65","1985","AkademikerIn","weiblich","","","",""
"90","1985","(noch) kein Abschluss","maennlich","","","",""
"90","1985","(noch) kein Abschluss","weiblich","","","",""
"90","1985","Hauptschule","maennlich","","","",""
"90","1985","Hauptschule","weiblich","","","",""
"90","1985","Realschule","maennlich","","","",""
"90","1985","Realschule","weiblich","","","",""
"90","1985","(Fach-)Abitur","maennlich","","","",""
"90","1985","(Fach-)Abitur","weiblich","","","",""
"90","1985","AkademikerIn","maennlich","","","",""
"90","1985","AkademikerIn","weiblich","","","",""
"98","1985","(noch) kein Abschluss","maennlich","","","",""
"98","1985","(noch) kein Abschluss","weiblich","","","",""
"98","1985","Hauptschule","maennlich","","","",""
"98","1985","Hauptschule","weiblich","","","",""
"98","1985","Realschule","maennlich","","","",""
"98","1985","Realschule","weiblich","","","",""
"98","1985","(Fach-)Abitur","maennlich","","","",""
"98","1985","(Fach-)Abitur","weiblich","","","",""
"98","1985","AkademikerIn","maennlich","","","",""
"98","1985","AkademikerIn","weiblich","","","",""
"100","1985","(noch) kein Abschluss","maennlich","","","",""
"100","1985","(noch) kein Abschluss","weiblich","","","",""
"100","1985","Hauptschule","maennlich","","","",""
"100","1985","Hauptschule","weiblich","","","",""
"100","1985","Realschule","maennlich","","","",""
"100","1985","Realschule","weiblich","","","",""
"100","1985","(Fach-)Abitur","maennlich","","","",""
"100","1985","(Fach-)Abitur","weiblich","","","",""
"100","1985","AkademikerIn","maennlich","","","",""
"100","1985","AkademikerIn","weiblich","","","",""
"0","1986","(noch) kein Abschluss","maennlich","","","",""
"0","1986","(noch) kein Abschluss","weiblich","","","",""
"0","1986","Hauptschule","maennlich","","","",""
"0","1986","Hauptschule","weiblich","","","",""
"0","1986","Realschule","maennlich","","","",""
"0","1986","Realschule","weiblich","1","","",""
"0","1986","(Fach-)Abitur","maennlich","1","","",""
"0","1986","(Fach-)Abitur","weiblich","","","",""
"0","1986","AkademikerIn","maennlich","","","",""
"0","1986","AkademikerIn","weiblich","","","",""
"1","1986","(noch) kein Abschluss","maennlich","53","0.867786201286497","0.784144553891175","0.951427848681819"
"1","1986","(noch) kein Abschluss","weiblich","60","0.915480630646332","0.849847027063845","0.981114234228819"
"1","1986","Hauptschule","maennlich","247","","",""
"1","1986","Hauptschule","weiblich","311","0.806326022122125","0.766954375114632","0.845697669129618"
"1","1986","Realschule","maennlich","47","0.765675246277031","0.658497689185876","0.872852803368185"
"1","1986","Realschule","weiblich","97","0.783469983361726","0.71211680190753","0.854823164815922"
"1","1986","(Fach-)Abitur","maennlich","42","0.807687114485448","0.700566713801529","0.914807515169368"
"1","1986","(Fach-)Abitur","weiblich","25","","",""
"1","1986","AkademikerIn","maennlich","32","0.798346886749081","0.67400530748819","0.922688466009972"
"1","1986","AkademikerIn","weiblich","33","0.968580381647409","0.909942682710789","1.02721808058403"
"2","1986","(noch) kein Abschluss","maennlich","7","0.0544875186206441","-0.00156046132868518","0.110535498569973"
"2","1986","(noch) kein Abschluss","weiblich","4","0.0429019892972594","-0.0049104022657353","0.0907143808602542"
"2","1986","Hauptschule","maennlich","44","0.148371163552205","0.108864729864965","0.187877597239445"
"2","1986","Hauptschule","weiblich","47","0.114009231216115","0.0823443972197843","0.145674065212445"
"2","1986","Realschule","maennlich","9","0.173291728732593","0.077519956429475","0.26906350103571"
"2","1986","Realschule","weiblich","23","","",""
"2","1986","(Fach-)Abitur","maennlich","6","0.125186445219411","0.0352402442903348","0.215132646148486"
"2","1986","(Fach-)Abitur","weiblich","6","0.340778084100515","0.179065890574256","0.502490277626774"
"2","1986","AkademikerIn","maennlich","7","0.172953591717109","0.0557481359481844","0.290159047486034"
"2","1986","AkademikerIn","weiblich","1","","",""
"3","1986","(noch) kein Abschluss","maennlich","","","",""
"3","1986","(noch) kein Abschluss","weiblich","2","","",""
"3","1986","Hauptschule","maennlich","9","0.0370676834879381","0.0160703812016058","0.0580649857742705"
"3","1986","Hauptschule","weiblich","12","","",""
"3","1986","Realschule","maennlich","","","",""
"3","1986","Realschule","weiblich","4","0.024075030633983","-0.00247926250709559","0.0506293237750616"
"3","1986","(Fach-)Abitur","maennlich","2","","",""
"3","1986","(Fach-)Abitur","weiblich","2","","",""
"3","1986","AkademikerIn","maennlich","1","","",""
"3","1986","AkademikerIn","weiblich","","","",""
"4","1986","(noch) kein Abschluss","maennlich","","","",""
"4","1986","(noch) kein Abschluss","weiblich","2","","",""
"4","1986","Hauptschule","maennlich","2","","",""
"4","1986","Hauptschule","weiblich","4","0.0091300317839118","-0.000346230794660788","0.0186062943624844"
"4","1986","Realschule","maennlich","","","",""
"4","1986","Realschule","weiblich","1","","",""
"4","1986","(Fach-)Abitur","maennlich","","","",""
"4","1986","(Fach-)Abitur","weiblich","","","",""
"4","1986","AkademikerIn","maennlich","","","",""
"4","1986","AkademikerIn","weiblich","","","",""
"5","1986","(noch) kein Abschluss","maennlich","1","","",""
"5","1986","(noch) kein Abschluss","weiblich","","","",""
"5","1986","Hauptschule","maennlich","2","","",""
"5","1986","Hauptschule","weiblich","3","","",""
"5","1986","Realschule","maennlich","1","","",""
"5","1986","Realschule","weiblich","","","",""
"5","1986","(Fach-)Abitur","maennlich","","","",""
"5","1986","(Fach-)Abitur","weiblich","","","",""
"5","1986","AkademikerIn","maennlich","","","",""
"5","1986","AkademikerIn","weiblich","","","",""
"6","1986","(noch) kein Abschluss","maennlich","","","",""
"6","1986","(noch) kein Abschluss","weiblich","","","",""
"6","1986","Hauptschule","maennlich","","","",""
"6","1986","Hauptschule","weiblich","2","","",""
"6","1986","Realschule","maennlich","","","",""
"6","1986","Realschule","weiblich","2","","",""
"6","1986","(Fach-)Abitur","maennlich","","","",""
"6","1986","(Fach-)Abitur","weiblich","","","",""
"6","1986","AkademikerIn","maennlich","","","",""
"6","1986","AkademikerIn","weiblich","","","",""
"7","1986","(noch) kein Abschluss","maennlich","","","",""
"7","1986","(noch) kein Abschluss","weiblich","","","",""
"7","1986","Hauptschule","maennlich","","","",""
"7","1986","Hauptschule","weiblich","2","","",""
"7","1986","Realschule","maennlich","1","","",""
"7","1986","Realschule","weiblich","","","",""
"7","1986","(Fach-)Abitur","maennlich","","","",""
"7","1986","(Fach-)Abitur","weiblich","","","",""
"7","1986","AkademikerIn","maennlich","","","",""
"7","1986","AkademikerIn","weiblich","","","",""
"8","1986","(noch) kein Abschluss","maennlich","","","",""
"8","1986","(noch) kein Abschluss","weiblich","","","",""
"8","1986","Hauptschule","maennlich","","","",""
"8","1986","Hauptschule","weiblich","2","","",""
"8","1986","Realschule","maennlich","","","",""
"8","1986","Realschule","weiblich","","","",""
"8","1986","(Fach-)Abitur","maennlich","","","",""
"8","1986","(Fach-)Abitur","weiblich","","","",""
"8","1986","AkademikerIn","maennlich","","","",""
"8","1986","AkademikerIn","weiblich","","","",""
"9","1986","(noch) kein Abschluss","maennlich","1","","",""
"9","1986","(noch) kein Abschluss","weiblich","1","","",""
"9","1986","Hauptschule","maennlich","1","","",""
"9","1986","Hauptschule","weiblich","1","","",""
"9","1986","Realschule","maennlich","","","",""
"9","1986","Realschule","weiblich","","","",""
"9","1986","(Fach-)Abitur","maennlich","","","",""
"9","1986","(Fach-)Abitur","weiblich","","","",""
"9","1986","AkademikerIn","maennlich","","","",""
"9","1986","AkademikerIn","weiblich","","","",""
"10","1986","(noch) kein Abschluss","maennlich","","","",""
"10","1986","(noch) kein Abschluss","weiblich","","","",""
"10","1986","Hauptschule","maennlich","3","","",""
"10","1986","Hauptschule","weiblich","","","",""
"10","1986","Realschule","maennlich","1","","",""
"10","1986","Realschule","weiblich","","","",""
"10","1986","(Fach-)Abitur","maennlich","","","",""
"10","1986","(Fach-)Abitur","weiblich","","","",""
"10","1986","AkademikerIn","maennlich","","","",""
"10","1986","AkademikerIn","weiblich","","","",""
"11","1986","(noch) kein Abschluss","maennlich","","","",""
"11","1986","(noch) kein Abschluss","weiblich","","","",""
"11","1986","Hauptschule","maennlich","","","",""
"11","1986","Hauptschule","weiblich","","","",""
"11","1986","Realschule","maennlich","","","",""
"11","1986","Realschule","weiblich","","","",""
"11","1986","(Fach-)Abitur","maennlich","","","",""
"11","1986","(Fach-)Abitur","weiblich","","","",""
"11","1986","AkademikerIn","maennlich","","","",""
"11","1986","AkademikerIn","weiblich","","","",""
"12","1986","(noch) kein Abschluss","maennlich","","","",""
"12","1986","(noch) kein Abschluss","weiblich","","","",""
"12","1986","Hauptschule","maennlich","","","",""
"12","1986","Hauptschule","weiblich","","","",""
"12","1986","Realschule","maennlich","","","",""
"12","1986","Realschule","weiblich","","","",""
"12","1986","(Fach-)Abitur","maennlich","","","",""
"12","1986","(Fach-)Abitur","weiblich","","","",""
"12","1986","AkademikerIn","maennlich","","","",""
"12","1986","AkademikerIn","weiblich","","","",""
"13","1986","(noch) kein Abschluss","maennlich","","","",""
"13","1986","(noch) kein Abschluss","weiblich","","","",""
"13","1986","Hauptschule","maennlich","","","",""
"13","1986","Hauptschule","weiblich","","","",""
"13","1986","Realschule","maennlich","","","",""
"13","1986","Realschule","weiblich","","","",""
"13","1986","(Fach-)Abitur","maennlich","","","",""
"13","1986","(Fach-)Abitur","weiblich","","","",""
"13","1986","AkademikerIn","maennlich","","","",""
"13","1986","AkademikerIn","weiblich","","","",""
"14","1986","(noch) kein Abschluss","maennlich","1","","",""
"14","1986","(noch) kein Abschluss","weiblich","","","",""
"14","1986","Hauptschule","maennlich","","","",""
"14","1986","Hauptschule","weiblich","","","",""
"14","1986","Realschule","maennlich","","","",""
"14","1986","Realschule","weiblich","","","",""
"14","1986","(Fach-)Abitur","maennlich","","","",""
"14","1986","(Fach-)Abitur","weiblich","","","",""
"14","1986","AkademikerIn","maennlich","","","",""
"14","1986","AkademikerIn","weiblich","","","",""
"15","1986","(noch) kein Abschluss","maennlich","","","",""
"15","1986","(noch) kein Abschluss","weiblich","","","",""
"15","1986","Hauptschule","maennlich","","","",""
"15","1986","Hauptschule","weiblich","","","",""
"15","1986","Realschule","maennlich","1","","",""
"15","1986","Realschule","weiblich","","","",""
"15","1986","(Fach-)Abitur","maennlich","","","",""
"15","1986","(Fach-)Abitur","weiblich","","","",""
"15","1986","AkademikerIn","maennlich","","","",""
"15","1986","AkademikerIn","weiblich","","","",""
"16","1986","(noch) kein Abschluss","maennlich","","","",""
"16","1986","(noch) kein Abschluss","weiblich","","","",""
"16","1986","Hauptschule","maennlich","","","",""
"16","1986","Hauptschule","weiblich","1","","",""
"16","1986","Realschule","maennlich","","","",""
"16","1986","Realschule","weiblich","","","",""
"16","1986","(Fach-)Abitur","maennlich","","","",""
"16","1986","(Fach-)Abitur","weiblich","","","",""
"16","1986","AkademikerIn","maennlich","","","",""
"16","1986","AkademikerIn","weiblich","","","",""
"17","1986","(noch) kein Abschluss","maennlich","","","",""
"17","1986","(noch) kein Abschluss","weiblich","","","",""
"17","1986","Hauptschule","maennlich","","","",""
"17","1986","Hauptschule","weiblich","","","",""
"17","1986","Realschule","maennlich","","","",""
"17","1986","Realschule","weiblich","","","",""
"17","1986","(Fach-)Abitur","maennlich","","","",""
"17","1986","(Fach-)Abitur","weiblich","","","",""
"17","1986","AkademikerIn","maennlich","","","",""
"17","1986","AkademikerIn","weiblich","","","",""
"18","1986","(noch) kein Abschluss","maennlich","","","",""
"18","1986","(noch) kein Abschluss","weiblich","","","",""
"18","1986","Hauptschule","maennlich","","","",""
"18","1986","Hauptschule","weiblich","","","",""
"18","1986","Realschule","maennlich","","","",""
"18","1986","Realschule","weiblich","","","",""
"18","1986","(Fach-)Abitur","maennlich","","","",""
"18","1986","(Fach-)Abitur","weiblich","","","",""
"18","1986","AkademikerIn","maennlich","","","",""
"18","1986","AkademikerIn","weiblich","","","",""
"19","1986","(noch) kein Abschluss","maennlich","","","",""
"19","1986","(noch) kein Abschluss","weiblich","","","",""
"19","1986","Hauptschule","maennlich","","","",""
"19","1986","Hauptschule","weiblich","","","",""
"19","1986","Realschule","maennlich","","","",""
"19","1986","Realschule","weiblich","","","",""
"19","1986","(Fach-)Abitur","maennlich","","","",""
"19","1986","(Fach-)Abitur","weiblich","","","",""
"19","1986","AkademikerIn","maennlich","","","",""
"19","1986","AkademikerIn","weiblich","","","",""
"20","1986","(noch) kein Abschluss","maennlich","","","",""
"20","1986","(noch) kein Abschluss","weiblich","","","",""
"20","1986","Hauptschule","maennlich","","","",""
"20","1986","Hauptschule","weiblich","","","",""
"20","1986","Realschule","maennlich","","","",""
"20","1986","Realschule","weiblich","","","",""
"20","1986","(Fach-)Abitur","maennlich","","","",""
"20","1986","(Fach-)Abitur","weiblich","","","",""
"20","1986","AkademikerIn","maennlich","","","",""
"20","1986","AkademikerIn","weiblich","","","",""
"21","1986","(noch) kein Abschluss","maennlich","","","",""
"21","1986","(noch) kein Abschluss","weiblich","","","",""
"21","1986","Hauptschule","maennlich","","","",""
"21","1986","Hauptschule","weiblich","1","","",""
"21","1986","Realschule","maennlich","","","",""
"21","1986","Realschule","weiblich","","","",""
"21","1986","(Fach-)Abitur","maennlich","","","",""
"21","1986","(Fach-)Abitur","weiblich","","","",""
"21","1986","AkademikerIn","maennlich","","","",""
"21","1986","AkademikerIn","weiblich","","","",""
"22","1986","(noch) kein Abschluss","maennlich","","","",""
"22","1986","(noch) kein Abschluss","weiblich","","","",""
"22","1986","Hauptschule","maennlich","","","",""
"22","1986","Hauptschule","weiblich","","","",""
"22","1986","Realschule","maennlich","","","",""
"22","1986","Realschule","weiblich","","","",""
"22","1986","(Fach-)Abitur","maennlich","","","",""
"22","1986","(Fach-)Abitur","weiblich","","","",""
"22","1986","AkademikerIn","maennlich","","","",""
"22","1986","AkademikerIn","weiblich","","","",""
"23","1986","(noch) kein Abschluss","maennlich","","","",""
"23","1986","(noch) kein Abschluss","weiblich","","","",""
"23","1986","Hauptschule","maennlich","","","",""
"23","1986","Hauptschule","weiblich","","","",""
"23","1986","Realschule","maennlich","","","",""
"23","1986","Realschule","weiblich","","","",""
"23","1986","(Fach-)Abitur","maennlich","","","",""
"23","1986","(Fach-)Abitur","weiblich","","","",""
"23","1986","AkademikerIn","maennlich","","","",""
"23","1986","AkademikerIn","weiblich","","","",""
"24","1986","(noch) kein Abschluss","maennlich","","","",""
"24","1986","(noch) kein Abschluss","weiblich","","","",""
"24","1986","Hauptschule","maennlich","","","",""
"24","1986","Hauptschule","weiblich","","","",""
"24","1986","Realschule","maennlich","","","",""
"24","1986","Realschule","weiblich","","","",""
"24","1986","(Fach-)Abitur","maennlich","","","",""
"24","1986","(Fach-)Abitur","weiblich","","","",""
"24","1986","AkademikerIn","maennlich","","","",""
"24","1986","AkademikerIn","weiblich","","","",""
"25","1986","(noch) kein Abschluss","maennlich","","","",""
"25","1986","(noch) kein Abschluss","weiblich","","","",""
"25","1986","Hauptschule","maennlich","","","",""
"25","1986","Hauptschule","weiblich","","","",""
"25","1986","Realschule","maennlich","","","",""
"25","1986","Realschule","weiblich","","","",""
"25","1986","(Fach-)Abitur","maennlich","","","",""
"25","1986","(Fach-)Abitur","weiblich","","","",""
"25","1986","AkademikerIn","maennlich","","","",""
"25","1986","AkademikerIn","weiblich","","","",""
"26","1986","(noch) kein Abschluss","maennlich","","","",""
"26","1986","(noch) kein Abschluss","weiblich","","","",""
"26","1986","Hauptschule","maennlich","","","",""
"26","1986","Hauptschule","weiblich","","","",""
"26","1986","Realschule","maennlich","","","",""
"26","1986","Realschule","weiblich","","","",""
"26","1986","(Fach-)Abitur","maennlich","","","",""
"26","1986","(Fach-)Abitur","weiblich","","","",""
"26","1986","AkademikerIn","maennlich","","","",""
"26","1986","AkademikerIn","weiblich","","","",""
"27","1986","(noch) kein Abschluss","maennlich","","","",""
"27","1986","(noch) kein Abschluss","weiblich","","","",""
"27","1986","Hauptschule","maennlich","","","",""
"27","1986","Hauptschule","weiblich","","","",""
"27","1986","Realschule","maennlich","","","",""
"27","1986","Realschule","weiblich","","","",""
"27","1986","(Fach-)Abitur","maennlich","","","",""
"27","1986","(Fach-)Abitur","weiblich","","","",""
"27","1986","AkademikerIn","maennlich","","","",""
"27","1986","AkademikerIn","weiblich","","","",""
"28","1986","(noch) kein Abschluss","maennlich","","","",""
"28","1986","(noch) kein Abschluss","weiblich","","","",""
"28","1986","Hauptschule","maennlich","","","",""
"28","1986","Hauptschule","weiblich","","","",""
"28","1986","Realschule","maennlich","","","",""
"28","1986","Realschule","weiblich","","","",""
"28","1986","(Fach-)Abitur","maennlich","","","",""
"28","1986","(Fach-)Abitur","weiblich","","","",""
"28","1986","AkademikerIn","maennlich","","","",""
"28","1986","AkademikerIn","weiblich","","","",""
"30","1986","(noch) kein Abschluss","maennlich","","","",""
"30","1986","(noch) kein Abschluss","weiblich","","","",""
"30","1986","Hauptschule","maennlich","","","",""
"30","1986","Hauptschule","weiblich","","","",""
"30","1986","Realschule","maennlich","","","",""
"30","1986","Realschule","weiblich","","","",""
"30","1986","(Fach-)Abitur","maennlich","1","","",""
"30","1986","(Fach-)Abitur","weiblich","","","",""
"30","1986","AkademikerIn","maennlich","","","",""
"30","1986","AkademikerIn","weiblich","","","",""
"31","1986","(noch) kein Abschluss","maennlich","","","",""
"31","1986","(noch) kein Abschluss","weiblich","","","",""
"31","1986","Hauptschule","maennlich","1","","",""
"31","1986","Hauptschule","weiblich","","","",""
"31","1986","Realschule","maennlich","","","",""
"31","1986","Realschule","weiblich","","","",""
"31","1986","(Fach-)Abitur","maennlich","","","",""
"31","1986","(Fach-)Abitur","weiblich","","","",""
"31","1986","AkademikerIn","maennlich","","","",""
"31","1986","AkademikerIn","weiblich","","","",""
"32","1986","(noch) kein Abschluss","maennlich","","","",""
"32","1986","(noch) kein Abschluss","weiblich","","","",""
"32","1986","Hauptschule","maennlich","","","",""
"32","1986","Hauptschule","weiblich","","","",""
"32","1986","Realschule","maennlich","","","",""
"32","1986","Realschule","weiblich","","","",""
"32","1986","(Fach-)Abitur","maennlich","","","",""
"32","1986","(Fach-)Abitur","weiblich","","","",""
"32","1986","AkademikerIn","maennlich","","","",""
"32","1986","AkademikerIn","weiblich","","","",""
"35","1986","(noch) kein Abschluss","maennlich","","","",""
"35","1986","(noch) kein Abschluss","weiblich","","","",""
"35","1986","Hauptschule","maennlich","","","",""
"35","1986","Hauptschule","weiblich","","","",""
"35","1986","Realschule","maennlich","","","",""
"35","1986","Realschule","weiblich","","","",""
"35","1986","(Fach-)Abitur","maennlich","","","",""
"35","1986","(Fach-)Abitur","weiblich","","","",""
"35","1986","AkademikerIn","maennlich","","","",""
"35","1986","AkademikerIn","weiblich","","","",""
"36","1986","(noch) kein Abschluss","maennlich","","","",""
"36","1986","(noch) kein Abschluss","weiblich","","","",""
"36","1986","Hauptschule","maennlich","","","",""
"36","1986","Hauptschule","weiblich","","","",""
"36","1986","Realschule","maennlich","","","",""
"36","1986","Realschule","weiblich","","","",""
"36","1986","(Fach-)Abitur","maennlich","","","",""
"36","1986","(Fach-)Abitur","weiblich","","","",""
"36","1986","AkademikerIn","maennlich","","","",""
"36","1986","AkademikerIn","weiblich","","","",""
"40","1986","(noch) kein Abschluss","maennlich","","","",""
"40","1986","(noch) kein Abschluss","weiblich","","","",""
"40","1986","Hauptschule","maennlich","","","",""
"40","1986","Hauptschule","weiblich","1","","",""
"40","1986","Realschule","maennlich","","","",""
"40","1986","Realschule","weiblich","","","",""
"40","1986","(Fach-)Abitur","maennlich","","","",""
"40","1986","(Fach-)Abitur","weiblich","","","",""
"40","1986","AkademikerIn","maennlich","","","",""
"40","1986","AkademikerIn","weiblich","","","",""
"42","1986","(noch) kein Abschluss","maennlich","","","",""
"42","1986","(noch) kein Abschluss","weiblich","","","",""
"42","1986","Hauptschule","maennlich","","","",""
"42","1986","Hauptschule","weiblich","","","",""
"42","1986","Realschule","maennlich","","","",""
"42","1986","Realschule","weiblich","","","",""
"42","1986","(Fach-)Abitur","maennlich","","","",""
"42","1986","(Fach-)Abitur","weiblich","","","",""
"42","1986","AkademikerIn","maennlich","","","",""
"42","1986","AkademikerIn","weiblich","","","",""
"45","1986","(noch) kein Abschluss","maennlich","","","",""
"45","1986","(noch) kein Abschluss","weiblich","","","",""
"45","1986","Hauptschule","maennlich","","","",""
"45","1986","Hauptschule","weiblich","","","",""
"45","1986","Realschule","maennlich","","","",""
"45","1986","Realschule","weiblich","","","",""
"45","1986","(Fach-)Abitur","maennlich","","","",""
"45","1986","(Fach-)Abitur","weiblich","","","",""
"45","1986","AkademikerIn","maennlich","","","",""
"45","1986","AkademikerIn","weiblich","","","",""
"48","1986","(noch) kein Abschluss","maennlich","","","",""
"48","1986","(noch) kein Abschluss","weiblich","","","",""
"48","1986","Hauptschule","maennlich","1","","",""
"48","1986","Hauptschule","weiblich","","","",""
"48","1986","Realschule","maennlich","","","",""
"48","1986","Realschule","weiblich","","","",""
"48","1986","(Fach-)Abitur","maennlich","","","",""
"48","1986","(Fach-)Abitur","weiblich","","","",""
"48","1986","AkademikerIn","maennlich","","","",""
"48","1986","AkademikerIn","weiblich","","","",""
"50","1986","(noch) kein Abschluss","maennlich","","","",""
"50","1986","(noch) kein Abschluss","weiblich","","","",""
"50","1986","Hauptschule","maennlich","","","",""
"50","1986","Hauptschule","weiblich","","","",""
"50","1986","Realschule","maennlich","","","",""
"50","1986","Realschule","weiblich","","","",""
"50","1986","(Fach-)Abitur","maennlich","","","",""
"50","1986","(Fach-)Abitur","weiblich","","","",""
"50","1986","AkademikerIn","maennlich","","","",""
"50","1986","AkademikerIn","weiblich","","","",""
"51","1986","(noch) kein Abschluss","maennlich","","","",""
"51","1986","(noch) kein Abschluss","weiblich","","","",""
"51","1986","Hauptschule","maennlich","1","","",""
"51","1986","Hauptschule","weiblich","","","",""
"51","1986","Realschule","maennlich","","","",""
"51","1986","Realschule","weiblich","","","",""
"51","1986","(Fach-)Abitur","maennlich","","","",""
"51","1986","(Fach-)Abitur","weiblich","","","",""
"51","1986","AkademikerIn","maennlich","","","",""
"51","1986","AkademikerIn","weiblich","","","",""
"64","1986","(noch) kein Abschluss","maennlich","","","",""
"64","1986","(noch) kein Abschluss","weiblich","","","",""
"64","1986","Hauptschule","maennlich","","","",""
"64","1986","Hauptschule","weiblich","","","",""
"64","1986","Realschule","maennlich","","","",""
"64","1986","Realschule","weiblich","","","",""
"64","1986","(Fach-)Abitur","maennlich","","","",""
"64","1986","(Fach-)Abitur","weiblich","","","",""
"64","1986","AkademikerIn","maennlich","","","",""
"64","1986","AkademikerIn","weiblich","","","",""
"65","1986","(noch) kein Abschluss","maennlich","","","",""
"65","1986","(noch) kein Abschluss","weiblich","","","",""
"65","1986","Hauptschule","maennlich","","","",""
"65","1986","Hauptschule","weiblich","","","",""
"65","1986","Realschule","maennlich","","","",""
"65","1986","Realschule","weiblich","","","",""
"65","1986","(Fach-)Abitur","maennlich","","","",""
"65","1986","(Fach-)Abitur","weiblich","","","",""
"65","1986","AkademikerIn","maennlich","","","",""
"65","1986","AkademikerIn","weiblich","","","",""
"90","1986","(noch) kein Abschluss","maennlich","","","",""
"90","1986","(noch) kein Abschluss","weiblich","","","",""
"90","1986","Hauptschule","maennlich","","","",""
"90","1986","Hauptschule","weiblich","","","",""
"90","1986","Realschule","maennlich","","","",""
"90","1986","Realschule","weiblich","","","",""
"90","1986","(Fach-)Abitur","maennlich","","","",""
"90","1986","(Fach-)Abitur","weiblich","","","",""
"90","1986","AkademikerIn","maennlich","","","",""
"90","1986","AkademikerIn","weiblich","","","",""
"98","1986","(noch) kein Abschluss","maennlich","","","",""
"98","1986","(noch) kein Abschluss","weiblich","","","",""
"98","1986","Hauptschule","maennlich","","","",""
"98","1986","Hauptschule","weiblich","","","",""
"98","1986","Realschule","maennlich","","","",""
"98","1986","Realschule","weiblich","","","",""
"98","1986","(Fach-)Abitur","maennlich","","","",""
"98","1986","(Fach-)Abitur","weiblich","","","",""
"98","1986","AkademikerIn","maennlich","","","",""
"98","1986","AkademikerIn","weiblich","","","",""
"100","1986","(noch) kein Abschluss","maennlich","","","",""
"100","1986","(noch) kein Abschluss","weiblich","","","",""
"100","1986","Hauptschule","maennlich","","","",""
"100","1986","Hauptschule","weiblich","","","",""
"100","1986","Realschule","maennlich","","","",""
"100","1986","Realschule","weiblich","","","",""
"100","1986","(Fach-)Abitur","maennlich","","","",""
"100","1986","(Fach-)Abitur","weiblich","","","",""
"100","1986","AkademikerIn","maennlich","","","",""
"100","1986","AkademikerIn","weiblich","","","",""
"0","1987","(noch) kein Abschluss","maennlich","1","","",""
"0","1987","(noch) kein Abschluss","weiblich","","","",""
"0","1987","Hauptschule","maennlich","1","","",""
"0","1987","Hauptschule","weiblich","","","",""
"0","1987","Realschule","maennlich","","","",""
"0","1987","Realschule","weiblich","1","","",""
"0","1987","(Fach-)Abitur","maennlich","","","",""
"0","1987","(Fach-)Abitur","weiblich","","","",""
"0","1987","AkademikerIn","maennlich","","","",""
"0","1987","AkademikerIn","weiblich","","","",""
"1","1987","(noch) kein Abschluss","maennlich","32","0.824721228829965","0.706896528969794","0.942545928690136"
"1","1987","(noch) kein Abschluss","weiblich","62","0.824212621644067","0.736291075281554","0.912134168006581"
"1","1987","Hauptschule","maennlich","220","","",""
"1","1987","Hauptschule","weiblich","338","0.792299838070505","0.753595907969632","0.831003768171378"
"1","1987","Realschule","maennlich","45","0.828107323662619","0.72839731688348","0.927817330441757"
"1","1987","Realschule","weiblich","109","","",""
"1","1987","(Fach-)Abitur","maennlich","25","","",""
"1","1987","(Fach-)Abitur","weiblich","34","0.787577541793713","0.660822578961521","0.914332504625904"
"1","1987","AkademikerIn","maennlich","32","0.708459105963617","0.572621193985815","0.844297017941419"
"1","1987","AkademikerIn","weiblich","26","","",""
"2","1987","(noch) kein Abschluss","maennlich","4","0.0499437202487628","-0.0175608546153454","0.117448295112871"
"2","1987","(noch) kein Abschluss","weiblich","5","0.0669129130603938","0.0091966902791667","0.124629135841621"
"2","1987","Hauptschule","maennlich","32","0.134298041106115","0.0937021120658898","0.17489397014634"
"2","1987","Hauptschule","weiblich","57","0.138710092723055","0.105732376569391","0.17168780887672"
"2","1987","Realschule","maennlich","6","0.105067093215653","0.0240278561775795","0.186106330253726"
"2","1987","Realschule","weiblich","9","0.0778413614949391","0.0314271328456373","0.124255590144241"
"2","1987","(Fach-)Abitur","maennlich","5","0.228683954133147","0.0831691659686691","0.374198742297624"
"2","1987","(Fach-)Abitur","weiblich","5","0.155030612327427","0.0428682070084847","0.267193017646368"
"2","1987","AkademikerIn","maennlich","7","0.201496026904564","0.0816052850538968","0.321386768755231"
"2","1987","AkademikerIn","weiblich","5","0.167164041220057","0.0398599719678228","0.294468110472291"
"3","1987","(noch) kein Abschluss","maennlich","1","","",""
"3","1987","(noch) kein Abschluss","weiblich","3","","",""
"3","1987","Hauptschule","maennlich","5","0.0237841334668842","0.00564234731987654","0.0419259196138918"
"3","1987","Hauptschule","weiblich","11","","",""
"3","1987","Realschule","maennlich","3","","",""
"3","1987","Realschule","weiblich","4","0.0489333477112065","0.0115609426366504","0.0863057527857626"
"3","1987","(Fach-)Abitur","maennlich","1","","",""
"3","1987","(Fach-)Abitur","weiblich","","","",""
"3","1987","AkademikerIn","maennlich","2","","",""
"3","1987","AkademikerIn","weiblich","1","","",""
"4","1987","(noch) kein Abschluss","maennlich","","","",""
"4","1987","(noch) kein Abschluss","weiblich","","","",""
"4","1987","Hauptschule","maennlich","2","","",""
"4","1987","Hauptschule","weiblich","5","0.0117593103334454","0.00147407679871255","0.0220445438681783"
"4","1987","Realschule","maennlich","","","",""
"4","1987","Realschule","weiblich","1","","",""
"4","1987","(Fach-)Abitur","maennlich","","","",""
"4","1987","(Fach-)Abitur","weiblich","1","","",""
"4","1987","AkademikerIn","maennlich","1","","",""
"4","1987","AkademikerIn","weiblich","","","",""
"5","1987","(noch) kein Abschluss","maennlich","1","","",""
"5","1987","(noch) kein Abschluss","weiblich","","","",""
"5","1987","Hauptschule","maennlich","2","","",""
"5","1987","Hauptschule","weiblich","1","","",""
"5","1987","Realschule","maennlich","","","",""
"5","1987","Realschule","weiblich","1","","",""
"5","1987","(Fach-)Abitur","maennlich","","","",""
"5","1987","(Fach-)Abitur","weiblich","","","",""
"5","1987","AkademikerIn","maennlich","","","",""
"5","1987","AkademikerIn","weiblich","","","",""
"6","1987","(noch) kein Abschluss","maennlich","","","",""
"6","1987","(noch) kein Abschluss","weiblich","","","",""
"6","1987","Hauptschule","maennlich","1","","",""
"6","1987","Hauptschule","weiblich","3","","",""
"6","1987","Realschule","maennlich","","","",""
"6","1987","Realschule","weiblich","1","","",""
"6","1987","(Fach-)Abitur","maennlich","","","",""
"6","1987","(Fach-)Abitur","weiblich","","","",""
"6","1987","AkademikerIn","maennlich","1","","",""
"6","1987","AkademikerIn","weiblich","","","",""
"7","1987","(noch) kein Abschluss","maennlich","","","",""
"7","1987","(noch) kein Abschluss","weiblich","","","",""
"7","1987","Hauptschule","maennlich","3","","",""
"7","1987","Hauptschule","weiblich","1","","",""
"7","1987","Realschule","maennlich","1","","",""
"7","1987","Realschule","weiblich","","","",""
"7","1987","(Fach-)Abitur","maennlich","1","","",""
"7","1987","(Fach-)Abitur","weiblich","","","",""
"7","1987","AkademikerIn","maennlich","","","",""
"7","1987","AkademikerIn","weiblich","","","",""
"8","1987","(noch) kein Abschluss","maennlich","","","",""
"8","1987","(noch) kein Abschluss","weiblich","","","",""
"8","1987","Hauptschule","maennlich","","","",""
"8","1987","Hauptschule","weiblich","","","",""
"8","1987","Realschule","maennlich","","","",""
"8","1987","Realschule","weiblich","","","",""
"8","1987","(Fach-)Abitur","maennlich","","","",""
"8","1987","(Fach-)Abitur","weiblich","","","",""
"8","1987","AkademikerIn","maennlich","","","",""
"8","1987","AkademikerIn","weiblich","1","","",""
"9","1987","(noch) kein Abschluss","maennlich","","","",""
"9","1987","(noch) kein Abschluss","weiblich","","","",""
"9","1987","Hauptschule","maennlich","","","",""
"9","1987","Hauptschule","weiblich","","","",""
"9","1987","Realschule","maennlich","","","",""
"9","1987","Realschule","weiblich","","","",""
"9","1987","(Fach-)Abitur","maennlich","","","",""
"9","1987","(Fach-)Abitur","weiblich","","","",""
"9","1987","AkademikerIn","maennlich","","","",""
"9","1987","AkademikerIn","weiblich","","","",""
"10","1987","(noch) kein Abschluss","maennlich","","","",""
"10","1987","(noch) kein Abschluss","weiblich","","","",""
"10","1987","Hauptschule","maennlich","","","",""
"10","1987","Hauptschule","weiblich","","","",""
"10","1987","Realschule","maennlich","","","",""
"10","1987","Realschule","weiblich","","","",""
"10","1987","(Fach-)Abitur","maennlich","","","",""
"10","1987","(Fach-)Abitur","weiblich","","","",""
"10","1987","AkademikerIn","maennlich","","","",""
"10","1987","AkademikerIn","weiblich","","","",""
"11","1987","(noch) kein Abschluss","maennlich","","","",""
"11","1987","(noch) kein Abschluss","weiblich","1","","",""
"11","1987","Hauptschule","maennlich","","","",""
"11","1987","Hauptschule","weiblich","","","",""
"11","1987","Realschule","maennlich","","","",""
"11","1987","Realschule","weiblich","1","","",""
"11","1987","(Fach-)Abitur","maennlich","","","",""
"11","1987","(Fach-)Abitur","weiblich","","","",""
"11","1987","AkademikerIn","maennlich","","","",""
"11","1987","AkademikerIn","weiblich","","","",""
"12","1987","(noch) kein Abschluss","maennlich","","","",""
"12","1987","(noch) kein Abschluss","weiblich","","","",""
"12","1987","Hauptschule","maennlich","1","","",""
"12","1987","Hauptschule","weiblich","1","","",""
"12","1987","Realschule","maennlich","","","",""
"12","1987","Realschule","weiblich","","","",""
"12","1987","(Fach-)Abitur","maennlich","","","",""
"12","1987","(Fach-)Abitur","weiblich","","","",""
"12","1987","AkademikerIn","maennlich","","","",""
"12","1987","AkademikerIn","weiblich","","","",""
"13","1987","(noch) kein Abschluss","maennlich","","","",""
"13","1987","(noch) kein Abschluss","weiblich","","","",""
"13","1987","Hauptschule","maennlich","","","",""
"13","1987","Hauptschule","weiblich","2","","",""
"13","1987","Realschule","maennlich","","","",""
"13","1987","Realschule","weiblich","","","",""
"13","1987","(Fach-)Abitur","maennlich","","","",""
"13","1987","(Fach-)Abitur","weiblich","","","",""
"13","1987","AkademikerIn","maennlich","","","",""
"13","1987","AkademikerIn","weiblich","","","",""
"14","1987","(noch) kein Abschluss","maennlich","1","","",""
"14","1987","(noch) kein Abschluss","weiblich","1","","",""
"14","1987","Hauptschule","maennlich","","","",""
"14","1987","Hauptschule","weiblich","1","","",""
"14","1987","Realschule","maennlich","","","",""
"14","1987","Realschule","weiblich","1","","",""
"14","1987","(Fach-)Abitur","maennlich","","","",""
"14","1987","(Fach-)Abitur","weiblich","","","",""
"14","1987","AkademikerIn","maennlich","","","",""
"14","1987","AkademikerIn","weiblich","","","",""
"15","1987","(noch) kein Abschluss","maennlich","","","",""
"15","1987","(noch) kein Abschluss","weiblich","","","",""
"15","1987","Hauptschule","maennlich","1","","",""
"15","1987","Hauptschule","weiblich","","","",""
"15","1987","Realschule","maennlich","","","",""
"15","1987","Realschule","weiblich","","","",""
"15","1987","(Fach-)Abitur","maennlich","","","",""
"15","1987","(Fach-)Abitur","weiblich","","","",""
"15","1987","AkademikerIn","maennlich","","","",""
"15","1987","AkademikerIn","weiblich","","","",""
"16","1987","(noch) kein Abschluss","maennlich","","","",""
"16","1987","(noch) kein Abschluss","weiblich","","","",""
"16","1987","Hauptschule","maennlich","1","","",""
"16","1987","Hauptschule","weiblich","","","",""
"16","1987","Realschule","maennlich","","","",""
"16","1987","Realschule","weiblich","","","",""
"16","1987","(Fach-)Abitur","maennlich","","","",""
"16","1987","(Fach-)Abitur","weiblich","","","",""
"16","1987","AkademikerIn","maennlich","","","",""
"16","1987","AkademikerIn","weiblich","","","",""
"17","1987","(noch) kein Abschluss","maennlich","","","",""
"17","1987","(noch) kein Abschluss","weiblich","","","",""
"17","1987","Hauptschule","maennlich","","","",""
"17","1987","Hauptschule","weiblich","","","",""
"17","1987","Realschule","maennlich","","","",""
"17","1987","Realschule","weiblich","","","",""
"17","1987","(Fach-)Abitur","maennlich","","","",""
"17","1987","(Fach-)Abitur","weiblich","","","",""
"17","1987","AkademikerIn","maennlich","","","",""
"17","1987","AkademikerIn","weiblich","","","",""
"18","1987","(noch) kein Abschluss","maennlich","","","",""
"18","1987","(noch) kein Abschluss","weiblich","","","",""
"18","1987","Hauptschule","maennlich","","","",""
"18","1987","Hauptschule","weiblich","","","",""
"18","1987","Realschule","maennlich","","","",""
"18","1987","Realschule","weiblich","","","",""
"18","1987","(Fach-)Abitur","maennlich","","","",""
"18","1987","(Fach-)Abitur","weiblich","","","",""
"18","1987","AkademikerIn","maennlich","","","",""
"18","1987","AkademikerIn","weiblich","","","",""
"19","1987","(noch) kein Abschluss","maennlich","","","",""
"19","1987","(noch) kein Abschluss","weiblich","","","",""
"19","1987","Hauptschule","maennlich","","","",""
"19","1987","Hauptschule","weiblich","","","",""
"19","1987","Realschule","maennlich","","","",""
"19","1987","Realschule","weiblich","","","",""
"19","1987","(Fach-)Abitur","maennlich","","","",""
"19","1987","(Fach-)Abitur","weiblich","","","",""
"19","1987","AkademikerIn","maennlich","","","",""
"19","1987","AkademikerIn","weiblich","","","",""
"20","1987","(noch) kein Abschluss","maennlich","","","",""
"20","1987","(noch) kein Abschluss","weiblich","","","",""
"20","1987","Hauptschule","maennlich","1","","",""
"20","1987","Hauptschule","weiblich","","","",""
"20","1987","Realschule","maennlich","","","",""
"20","1987","Realschule","weiblich","","","",""
"20","1987","(Fach-)Abitur","maennlich","","","",""
"20","1987","(Fach-)Abitur","weiblich","","","",""
"20","1987","AkademikerIn","maennlich","","","",""
"20","1987","AkademikerIn","weiblich","","","",""
"21","1987","(noch) kein Abschluss","maennlich","","","",""
"21","1987","(noch) kein Abschluss","weiblich","","","",""
"21","1987","Hauptschule","maennlich","","","",""
"21","1987","Hauptschule","weiblich","","","",""
"21","1987","Realschule","maennlich","","","",""
"21","1987","Realschule","weiblich","","","",""
"21","1987","(Fach-)Abitur","maennlich","","","",""
"21","1987","(Fach-)Abitur","weiblich","","","",""
"21","1987","AkademikerIn","maennlich","","","",""
"21","1987","AkademikerIn","weiblich","","","",""
"22","1987","(noch) kein Abschluss","maennlich","","","",""
"22","1987","(noch) kein Abschluss","weiblich","","","",""
"22","1987","Hauptschule","maennlich","","","",""
"22","1987","Hauptschule","weiblich","","","",""
"22","1987","Realschule","maennlich","","","",""
"22","1987","Realschule","weiblich","","","",""
"22","1987","(Fach-)Abitur","maennlich","","","",""
"22","1987","(Fach-)Abitur","weiblich","","","",""
"22","1987","AkademikerIn","maennlich","","","",""
"22","1987","AkademikerIn","weiblich","","","",""
"23","1987","(noch) kein Abschluss","maennlich","","","",""
"23","1987","(noch) kein Abschluss","weiblich","","","",""
"23","1987","Hauptschule","maennlich","","","",""
"23","1987","Hauptschule","weiblich","","","",""
"23","1987","Realschule","maennlich","","","",""
"23","1987","Realschule","weiblich","","","",""
"23","1987","(Fach-)Abitur","maennlich","","","",""
"23","1987","(Fach-)Abitur","weiblich","","","",""
"23","1987","AkademikerIn","maennlich","","","",""
"23","1987","AkademikerIn","weiblich","","","",""
"24","1987","(noch) kein Abschluss","maennlich","","","",""
"24","1987","(noch) kein Abschluss","weiblich","","","",""
"24","1987","Hauptschule","maennlich","","","",""
"24","1987","Hauptschule","weiblich","","","",""
"24","1987","Realschule","maennlich","","","",""
"24","1987","Realschule","weiblich","","","",""
"24","1987","(Fach-)Abitur","maennlich","","","",""
"24","1987","(Fach-)Abitur","weiblich","","","",""
"24","1987","AkademikerIn","maennlich","","","",""
"24","1987","AkademikerIn","weiblich","","","",""
"25","1987","(noch) kein Abschluss","maennlich","","","",""
"25","1987","(noch) kein Abschluss","weiblich","","","",""
"25","1987","Hauptschule","maennlich","","","",""
"25","1987","Hauptschule","weiblich","","","",""
"25","1987","Realschule","maennlich","","","",""
"25","1987","Realschule","weiblich","","","",""
"25","1987","(Fach-)Abitur","maennlich","","","",""
"25","1987","(Fach-)Abitur","weiblich","","","",""
"25","1987","AkademikerIn","maennlich","","","",""
"25","1987","AkademikerIn","weiblich","","","",""
"26","1987","(noch) kein Abschluss","maennlich","","","",""
"26","1987","(noch) kein Abschluss","weiblich","","","",""
"26","1987","Hauptschule","maennlich","","","",""
"26","1987","Hauptschule","weiblich","","","",""
"26","1987","Realschule","maennlich","","","",""
"26","1987","Realschule","weiblich","","","",""
"26","1987","(Fach-)Abitur","maennlich","","","",""
"26","1987","(Fach-)Abitur","weiblich","","","",""
"26","1987","AkademikerIn","maennlich","","","",""
"26","1987","AkademikerIn","weiblich","","","",""
"27","1987","(noch) kein Abschluss","maennlich","","","",""
"27","1987","(noch) kein Abschluss","weiblich","","","",""
"27","1987","Hauptschule","maennlich","","","",""
"27","1987","Hauptschule","weiblich","","","",""
"27","1987","Realschule","maennlich","","","",""
"27","1987","Realschule","weiblich","","","",""
"27","1987","(Fach-)Abitur","maennlich","","","",""
"27","1987","(Fach-)Abitur","weiblich","","","",""
"27","1987","AkademikerIn","maennlich","","","",""
"27","1987","AkademikerIn","weiblich","","","",""
"28","1987","(noch) kein Abschluss","maennlich","","","",""
"28","1987","(noch) kein Abschluss","weiblich","","","",""
"28","1987","Hauptschule","maennlich","","","",""
"28","1987","Hauptschule","weiblich","1","","",""
"28","1987","Realschule","maennlich","","","",""
"28","1987","Realschule","weiblich","","","",""
"28","1987","(Fach-)Abitur","maennlich","","","",""
"28","1987","(Fach-)Abitur","weiblich","","","",""
"28","1987","AkademikerIn","maennlich","","","",""
"28","1987","AkademikerIn","weiblich","","","",""
"30","1987","(noch) kein Abschluss","maennlich","","","",""
"30","1987","(noch) kein Abschluss","weiblich","","","",""
"30","1987","Hauptschule","maennlich","","","",""
"30","1987","Hauptschule","weiblich","1","","",""
"30","1987","Realschule","maennlich","","","",""
"30","1987","Realschule","weiblich","","","",""
"30","1987","(Fach-)Abitur","maennlich","","","",""
"30","1987","(Fach-)Abitur","weiblich","","","",""
"30","1987","AkademikerIn","maennlich","","","",""
"30","1987","AkademikerIn","weiblich","","","",""
"31","1987","(noch) kein Abschluss","maennlich","","","",""
"31","1987","(noch) kein Abschluss","weiblich","","","",""
"31","1987","Hauptschule","maennlich","","","",""
"31","1987","Hauptschule","weiblich","","","",""
"31","1987","Realschule","maennlich","","","",""
"31","1987","Realschule","weiblich","","","",""
"31","1987","(Fach-)Abitur","maennlich","","","",""
"31","1987","(Fach-)Abitur","weiblich","","","",""
"31","1987","AkademikerIn","maennlich","","","",""
"31","1987","AkademikerIn","weiblich","","","",""
"32","1987","(noch) kein Abschluss","maennlich","","","",""
"32","1987","(noch) kein Abschluss","weiblich","","","",""
"32","1987","Hauptschule","maennlich","","","",""
"32","1987","Hauptschule","weiblich","","","",""
"32","1987","Realschule","maennlich","","","",""
"32","1987","Realschule","weiblich","","","",""
"32","1987","(Fach-)Abitur","maennlich","","","",""
"32","1987","(Fach-)Abitur","weiblich","","","",""
"32","1987","AkademikerIn","maennlich","","","",""
"32","1987","AkademikerIn","weiblich","","","",""
"35","1987","(noch) kein Abschluss","maennlich","","","",""
"35","1987","(noch) kein Abschluss","weiblich","","","",""
"35","1987","Hauptschule","maennlich","1","","",""
"35","1987","Hauptschule","weiblich","","","",""
"35","1987","Realschule","maennlich","","","",""
"35","1987","Realschule","weiblich","","","",""
"35","1987","(Fach-)Abitur","maennlich","","","",""
"35","1987","(Fach-)Abitur","weiblich","","","",""
"35","1987","AkademikerIn","maennlich","","","",""
"35","1987","AkademikerIn","weiblich","","","",""
"36","1987","(noch) kein Abschluss","maennlich","","","",""
"36","1987","(noch) kein Abschluss","weiblich","","","",""
"36","1987","Hauptschule","maennlich","","","",""
"36","1987","Hauptschule","weiblich","","","",""
"36","1987","Realschule","maennlich","","","",""
"36","1987","Realschule","weiblich","","","",""
"36","1987","(Fach-)Abitur","maennlich","","","",""
"36","1987","(Fach-)Abitur","weiblich","","","",""
"36","1987","AkademikerIn","maennlich","","","",""
"36","1987","AkademikerIn","weiblich","","","",""
"40","1987","(noch) kein Abschluss","maennlich","","","",""
"40","1987","(noch) kein Abschluss","weiblich","","","",""
"40","1987","Hauptschule","maennlich","","","",""
"40","1987","Hauptschule","weiblich","","","",""
"40","1987","Realschule","maennlich","","","",""
"40","1987","Realschule","weiblich","","","",""
"40","1987","(Fach-)Abitur","maennlich","","","",""
"40","1987","(Fach-)Abitur","weiblich","","","",""
"40","1987","AkademikerIn","maennlich","","","",""
"40","1987","AkademikerIn","weiblich","","","",""
"42","1987","(noch) kein Abschluss","maennlich","","","",""
"42","1987","(noch) kein Abschluss","weiblich","","","",""
"42","1987","Hauptschule","maennlich","","","",""
"42","1987","Hauptschule","weiblich","","","",""
"42","1987","Realschule","maennlich","","","",""
"42","1987","Realschule","weiblich","","","",""
"42","1987","(Fach-)Abitur","maennlich","","","",""
"42","1987","(Fach-)Abitur","weiblich","","","",""
"42","1987","AkademikerIn","maennlich","","","",""
"42","1987","AkademikerIn","weiblich","","","",""
"45","1987","(noch) kein Abschluss","maennlich","","","",""
"45","1987","(noch) kein Abschluss","weiblich","","","",""
"45","1987","Hauptschule","maennlich","","","",""
"45","1987","Hauptschule","weiblich","","","",""
"45","1987","Realschule","maennlich","","","",""
"45","1987","Realschule","weiblich","","","",""
"45","1987","(Fach-)Abitur","maennlich","","","",""
"45","1987","(Fach-)Abitur","weiblich","","","",""
"45","1987","AkademikerIn","maennlich","","","",""
"45","1987","AkademikerIn","weiblich","","","",""
"48","1987","(noch) kein Abschluss","maennlich","","","",""
"48","1987","(noch) kein Abschluss","weiblich","","","",""
"48","1987","Hauptschule","maennlich","","","",""
"48","1987","Hauptschule","weiblich","","","",""
"48","1987","Realschule","maennlich","","","",""
"48","1987","Realschule","weiblich","","","",""
"48","1987","(Fach-)Abitur","maennlich","","","",""
"48","1987","(Fach-)Abitur","weiblich","","","",""
"48","1987","AkademikerIn","maennlich","","","",""
"48","1987","AkademikerIn","weiblich","","","",""
"50","1987","(noch) kein Abschluss","maennlich","","","",""
"50","1987","(noch) kein Abschluss","weiblich","","","",""
"50","1987","Hauptschule","maennlich","","","",""
"50","1987","Hauptschule","weiblich","","","",""
"50","1987","Realschule","maennlich","","","",""
"50","1987","Realschule","weiblich","","","",""
"50","1987","(Fach-)Abitur","maennlich","","","",""
"50","1987","(Fach-)Abitur","weiblich","","","",""
"50","1987","AkademikerIn","maennlich","","","",""
"50","1987","AkademikerIn","weiblich","","","",""
"51","1987","(noch) kein Abschluss","maennlich","","","",""
"51","1987","(noch) kein Abschluss","weiblich","","","",""
"51","1987","Hauptschule","maennlich","","","",""
"51","1987","Hauptschule","weiblich","","","",""
"51","1987","Realschule","maennlich","","","",""
"51","1987","Realschule","weiblich","","","",""
"51","1987","(Fach-)Abitur","maennlich","","","",""
"51","1987","(Fach-)Abitur","weiblich","","","",""
"51","1987","AkademikerIn","maennlich","","","",""
"51","1987","AkademikerIn","weiblich","","","",""
"64","1987","(noch) kein Abschluss","maennlich","","","",""
"64","1987","(noch) kein Abschluss","weiblich","","","",""
"64","1987","Hauptschule","maennlich","","","",""
"64","1987","Hauptschule","weiblich","","","",""
"64","1987","Realschule","maennlich","","","",""
"64","1987","Realschule","weiblich","","","",""
"64","1987","(Fach-)Abitur","maennlich","","","",""
"64","1987","(Fach-)Abitur","weiblich","","","",""
"64","1987","AkademikerIn","maennlich","","","",""
"64","1987","AkademikerIn","weiblich","","","",""
"65","1987","(noch) kein Abschluss","maennlich","","","",""
"65","1987","(noch) kein Abschluss","weiblich","","","",""
"65","1987","Hauptschule","maennlich","","","",""
"65","1987","Hauptschule","weiblich","","","",""
"65","1987","Realschule","maennlich","","","",""
"65","1987","Realschule","weiblich","","","",""
"65","1987","(Fach-)Abitur","maennlich","","","",""
"65","1987","(Fach-)Abitur","weiblich","","","",""
"65","1987","AkademikerIn","maennlich","","","",""
"65","1987","AkademikerIn","weiblich","","","",""
"90","1987","(noch) kein Abschluss","maennlich","","","",""
"90","1987","(noch) kein Abschluss","weiblich","","","",""
"90","1987","Hauptschule","maennlich","","","",""
"90","1987","Hauptschule","weiblich","","","",""
"90","1987","Realschule","maennlich","","","",""
"90","1987","Realschule","weiblich","","","",""
"90","1987","(Fach-)Abitur","maennlich","","","",""
"90","1987","(Fach-)Abitur","weiblich","","","",""
"90","1987","AkademikerIn","maennlich","","","",""
"90","1987","AkademikerIn","weiblich","","","",""
"98","1987","(noch) kein Abschluss","maennlich","","","",""
"98","1987","(noch) kein Abschluss","weiblich","","","",""
"98","1987","Hauptschule","maennlich","","","",""
"98","1987","Hauptschule","weiblich","","","",""
"98","1987","Realschule","maennlich","","","",""
"98","1987","Realschule","weiblich","","","",""
"98","1987","(Fach-)Abitur","maennlich","","","",""
"98","1987","(Fach-)Abitur","weiblich","","","",""
"98","1987","AkademikerIn","maennlich","","","",""
"98","1987","AkademikerIn","weiblich","","","",""
"100","1987","(noch) kein Abschluss","maennlich","","","",""
"100","1987","(noch) kein Abschluss","weiblich","","","",""
"100","1987","Hauptschule","maennlich","","","",""
"100","1987","Hauptschule","weiblich","","","",""
"100","1987","Realschule","maennlich","","","",""
"100","1987","Realschule","weiblich","","","",""
"100","1987","(Fach-)Abitur","maennlich","","","",""
"100","1987","(Fach-)Abitur","weiblich","","","",""
"100","1987","AkademikerIn","maennlich","","","",""
"100","1987","AkademikerIn","weiblich","","","",""
"0","1988","(noch) kein Abschluss","maennlich","","","",""
"0","1988","(noch) kein Abschluss","weiblich","","","",""
"0","1988","Hauptschule","maennlich","","","",""
"0","1988","Hauptschule","weiblich","","","",""
"0","1988","Realschule","maennlich","","","",""
"0","1988","Realschule","weiblich","1","","",""
"0","1988","(Fach-)Abitur","maennlich","","","",""
"0","1988","(Fach-)Abitur","weiblich","","","",""
"0","1988","AkademikerIn","maennlich","","","",""
"0","1988","AkademikerIn","weiblich","","","",""
"1","1988","(noch) kein Abschluss","maennlich","32","0.902021736796849","0.809893774526021","0.994149699067677"
"1","1988","(noch) kein Abschluss","weiblich","50","0.801949505207574","0.703539491103123","0.900359519312024"
"1","1988","Hauptschule","maennlich","233","","",""
"1","1988","Hauptschule","weiblich","311","0.783938033531188","0.743351723080136","0.82452434398224"
"1","1988","Realschule","maennlich","55","0.853171017135936","0.76645844954518","0.939883584726691"
"1","1988","Realschule","weiblich","94","0.792308842584849","0.718804767883724","0.865812917285975"
"1","1988","(Fach-)Abitur","maennlich","25","","",""
"1","1988","(Fach-)Abitur","weiblich","32","0.808521160637991","0.683419699743379","0.933622621532603"
"1","1988","AkademikerIn","maennlich","24","","",""
"1","1988","AkademikerIn","weiblich","20","","",""
"2","1988","(noch) kein Abschluss","maennlich","6","0.0895605386723976","0.00106895234892328","0.178052124995872"
"2","1988","(noch) kein Abschluss","weiblich","7","0.0585008899774565","0.000548812434240667","0.116452967520672"
"2","1988","Hauptschule","maennlich","30","0.11059959571569","0.0743141406844038","0.146885050746977"
"2","1988","Hauptschule","weiblich","56","0.138008368545917","0.103994676219547","0.172022060872287"
"2","1988","Realschule","maennlich","6","0.0999869494138004","0.0264925632998953","0.173481335527705"
"2","1988","Realschule","weiblich","11","","",""
"2","1988","(Fach-)Abitur","maennlich","6","0.162638303919777","0.0367286341767915","0.288547973662763"
"2","1988","(Fach-)Abitur","weiblich","6","0.191478839362009","0.0663773784673967","0.316580300256621"
"2","1988","AkademikerIn","maennlich","6","0.192121295522796","0.0634274808813279","0.320815110164264"
"2","1988","AkademikerIn","weiblich","3","","",""
"3","1988","(noch) kein Abschluss","maennlich","1","","",""
"3","1988","(noch) kein Abschluss","weiblich","4","0.108360379083025","0.0316051886715312","0.185115569494519"
"3","1988","Hauptschule","maennlich","9","0.0321689872198255","0.0117551050384578","0.0525828694011931"
"3","1988","Hauptschule","weiblich","13","","",""
"3","1988","Realschule","maennlich","1","","",""
"3","1988","Realschule","weiblich","4","0.037006955068995","0.00280047300693666","0.0712134371310534"
"3","1988","(Fach-)Abitur","maennlich","","","",""
"3","1988","(Fach-)Abitur","weiblich","","","",""
"3","1988","AkademikerIn","maennlich","6","0.182908450850047","0.0566242309581955","0.309192670741899"
"3","1988","AkademikerIn","weiblich","1","","",""
"4","1988","(noch) kein Abschluss","maennlich","","","",""
"4","1988","(noch) kein Abschluss","weiblich","1","","",""
"4","1988","Hauptschule","maennlich","4","0.0138456635623489","0.000326915508533166","0.0273644116161647"
"4","1988","Hauptschule","weiblich","1","","",""
"4","1988","Realschule","maennlich","","","",""
"4","1988","Realschule","weiblich","","","",""
"4","1988","(Fach-)Abitur","maennlich","","","",""
"4","1988","(Fach-)Abitur","weiblich","","","",""
"4","1988","AkademikerIn","maennlich","","","",""
"4","1988","AkademikerIn","weiblich","1","","",""
"5","1988","(noch) kein Abschluss","maennlich","1","","",""
"5","1988","(noch) kein Abschluss","weiblich","","","",""
"5","1988","Hauptschule","maennlich","","","",""
"5","1988","Hauptschule","weiblich","2","","",""
"5","1988","Realschule","maennlich","","","",""
"5","1988","Realschule","weiblich","2","","",""
"5","1988","(Fach-)Abitur","maennlich","2","","",""
"5","1988","(Fach-)Abitur","weiblich","","","",""
"5","1988","AkademikerIn","maennlich","","","",""
"5","1988","AkademikerIn","weiblich","","","",""
"6","1988","(noch) kein Abschluss","maennlich","","","",""
"6","1988","(noch) kein Abschluss","weiblich","","","",""
"6","1988","Hauptschule","maennlich","1","","",""
"6","1988","Hauptschule","weiblich","4","0.00936319661906306","-0.000134512052862397","0.0188609052909885"
"6","1988","Realschule","maennlich","","","",""
"6","1988","Realschule","weiblich","1","","",""
"6","1988","(Fach-)Abitur","maennlich","","","",""
"6","1988","(Fach-)Abitur","weiblich","","","",""
"6","1988","AkademikerIn","maennlich","","","",""
"6","1988","AkademikerIn","weiblich","","","",""
"7","1988","(noch) kein Abschluss","maennlich","","","",""
"7","1988","(noch) kein Abschluss","weiblich","","","",""
"7","1988","Hauptschule","maennlich","","","",""
"7","1988","Hauptschule","weiblich","","","",""
"7","1988","Realschule","maennlich","","","",""
"7","1988","Realschule","weiblich","","","",""
"7","1988","(Fach-)Abitur","maennlich","","","",""
"7","1988","(Fach-)Abitur","weiblich","","","",""
"7","1988","AkademikerIn","maennlich","","","",""
"7","1988","AkademikerIn","weiblich","","","",""
"8","1988","(noch) kein Abschluss","maennlich","","","",""
"8","1988","(noch) kein Abschluss","weiblich","","","",""
"8","1988","Hauptschule","maennlich","","","",""
"8","1988","Hauptschule","weiblich","1","","",""
"8","1988","Realschule","maennlich","","","",""
"8","1988","Realschule","weiblich","1","","",""
"8","1988","(Fach-)Abitur","maennlich","","","",""
"8","1988","(Fach-)Abitur","weiblich","","","",""
"8","1988","AkademikerIn","maennlich","","","",""
"8","1988","AkademikerIn","weiblich","","","",""
"9","1988","(noch) kein Abschluss","maennlich","","","",""
"9","1988","(noch) kein Abschluss","weiblich","","","",""
"9","1988","Hauptschule","maennlich","1","","",""
"9","1988","Hauptschule","weiblich","","","",""
"9","1988","Realschule","maennlich","","","",""
"9","1988","Realschule","weiblich","","","",""
"9","1988","(Fach-)Abitur","maennlich","","","",""
"9","1988","(Fach-)Abitur","weiblich","","","",""
"9","1988","AkademikerIn","maennlich","","","",""
"9","1988","AkademikerIn","weiblich","","","",""
"10","1988","(noch) kein Abschluss","maennlich","","","",""
"10","1988","(noch) kein Abschluss","weiblich","1","","",""
"10","1988","Hauptschule","maennlich","2","","",""
"10","1988","Hauptschule","weiblich","1","","",""
"10","1988","Realschule","maennlich","1","","",""
"10","1988","Realschule","weiblich","2","","",""
"10","1988","(Fach-)Abitur","maennlich","","","",""
"10","1988","(Fach-)Abitur","weiblich","","","",""
"10","1988","AkademikerIn","maennlich","","","",""
"10","1988","AkademikerIn","weiblich","","","",""
"11","1988","(noch) kein Abschluss","maennlich","","","",""
"11","1988","(noch) kein Abschluss","weiblich","","","",""
"11","1988","Hauptschule","maennlich","1","","",""
"11","1988","Hauptschule","weiblich","","","",""
"11","1988","Realschule","maennlich","","","",""
"11","1988","Realschule","weiblich","","","",""
"11","1988","(Fach-)Abitur","maennlich","","","",""
"11","1988","(Fach-)Abitur","weiblich","","","",""
"11","1988","AkademikerIn","maennlich","","","",""
"11","1988","AkademikerIn","weiblich","","","",""
"12","1988","(noch) kein Abschluss","maennlich","","","",""
"12","1988","(noch) kein Abschluss","weiblich","","","",""
"12","1988","Hauptschule","maennlich","","","",""
"12","1988","Hauptschule","weiblich","1","","",""
"12","1988","Realschule","maennlich","","","",""
"12","1988","Realschule","weiblich","","","",""
"12","1988","(Fach-)Abitur","maennlich","","","",""
"12","1988","(Fach-)Abitur","weiblich","","","",""
"12","1988","AkademikerIn","maennlich","","","",""
"12","1988","AkademikerIn","weiblich","","","",""
"13","1988","(noch) kein Abschluss","maennlich","","","",""
"13","1988","(noch) kein Abschluss","weiblich","","","",""
"13","1988","Hauptschule","maennlich","1","","",""
"13","1988","Hauptschule","weiblich","1","","",""
"13","1988","Realschule","maennlich","","","",""
"13","1988","Realschule","weiblich","","","",""
"13","1988","(Fach-)Abitur","maennlich","","","",""
"13","1988","(Fach-)Abitur","weiblich","","","",""
"13","1988","AkademikerIn","maennlich","","","",""
"13","1988","AkademikerIn","weiblich","","","",""
"14","1988","(noch) kein Abschluss","maennlich","","","",""
"14","1988","(noch) kein Abschluss","weiblich","","","",""
"14","1988","Hauptschule","maennlich","2","","",""
"14","1988","Hauptschule","weiblich","2","","",""
"14","1988","Realschule","maennlich","1","","",""
"14","1988","Realschule","weiblich","","","",""
"14","1988","(Fach-)Abitur","maennlich","","","",""
"14","1988","(Fach-)Abitur","weiblich","","","",""
"14","1988","AkademikerIn","maennlich","","","",""
"14","1988","AkademikerIn","weiblich","","","",""
"15","1988","(noch) kein Abschluss","maennlich","","","",""
"15","1988","(noch) kein Abschluss","weiblich","","","",""
"15","1988","Hauptschule","maennlich","","","",""
"15","1988","Hauptschule","weiblich","","","",""
"15","1988","Realschule","maennlich","","","",""
"15","1988","Realschule","weiblich","1","","",""
"15","1988","(Fach-)Abitur","maennlich","","","",""
"15","1988","(Fach-)Abitur","weiblich","","","",""
"15","1988","AkademikerIn","maennlich","","","",""
"15","1988","AkademikerIn","weiblich","","","",""
"16","1988","(noch) kein Abschluss","maennlich","","","",""
"16","1988","(noch) kein Abschluss","weiblich","","","",""
"16","1988","Hauptschule","maennlich","","","",""
"16","1988","Hauptschule","weiblich","1","","",""
"16","1988","Realschule","maennlich","","","",""
"16","1988","Realschule","weiblich","","","",""
"16","1988","(Fach-)Abitur","maennlich","","","",""
"16","1988","(Fach-)Abitur","weiblich","","","",""
"16","1988","AkademikerIn","maennlich","","","",""
"16","1988","AkademikerIn","weiblich","","","",""
"17","1988","(noch) kein Abschluss","maennlich","","","",""
"17","1988","(noch) kein Abschluss","weiblich","","","",""
"17","1988","Hauptschule","maennlich","","","",""
"17","1988","Hauptschule","weiblich","","","",""
"17","1988","Realschule","maennlich","","","",""
"17","1988","Realschule","weiblich","","","",""
"17","1988","(Fach-)Abitur","maennlich","","","",""
"17","1988","(Fach-)Abitur","weiblich","","","",""
"17","1988","AkademikerIn","maennlich","","","",""
"17","1988","AkademikerIn","weiblich","","","",""
"18","1988","(noch) kein Abschluss","maennlich","","","",""
"18","1988","(noch) kein Abschluss","weiblich","","","",""
"18","1988","Hauptschule","maennlich","","","",""
"18","1988","Hauptschule","weiblich","","","",""
"18","1988","Realschule","maennlich","","","",""
"18","1988","Realschule","weiblich","","","",""
"18","1988","(Fach-)Abitur","maennlich","","","",""
"18","1988","(Fach-)Abitur","weiblich","","","",""
"18","1988","AkademikerIn","maennlich","","","",""
"18","1988","AkademikerIn","weiblich","","","",""
"19","1988","(noch) kein Abschluss","maennlich","","","",""
"19","1988","(noch) kein Abschluss","weiblich","","","",""
"19","1988","Hauptschule","maennlich","","","",""
"19","1988","Hauptschule","weiblich","","","",""
"19","1988","Realschule","maennlich","","","",""
"19","1988","Realschule","weiblich","","","",""
"19","1988","(Fach-)Abitur","maennlich","","","",""
"19","1988","(Fach-)Abitur","weiblich","","","",""
"19","1988","AkademikerIn","maennlich","","","",""
"19","1988","AkademikerIn","weiblich","","","",""
"20","1988","(noch) kein Abschluss","maennlich","","","",""
"20","1988","(noch) kein Abschluss","weiblich","","","",""
"20","1988","Hauptschule","maennlich","","","",""
"20","1988","Hauptschule","weiblich","","","",""
"20","1988","Realschule","maennlich","","","",""
"20","1988","Realschule","weiblich","","","",""
"20","1988","(Fach-)Abitur","maennlich","","","",""
"20","1988","(Fach-)Abitur","weiblich","","","",""
"20","1988","AkademikerIn","maennlich","","","",""
"20","1988","AkademikerIn","weiblich","","","",""
"21","1988","(noch) kein Abschluss","maennlich","","","",""
"21","1988","(noch) kein Abschluss","weiblich","","","",""
"21","1988","Hauptschule","maennlich","","","",""
"21","1988","Hauptschule","weiblich","","","",""
"21","1988","Realschule","maennlich","","","",""
"21","1988","Realschule","weiblich","","","",""
"21","1988","(Fach-)Abitur","maennlich","","","",""
"21","1988","(Fach-)Abitur","weiblich","","","",""
"21","1988","AkademikerIn","maennlich","","","",""
"21","1988","AkademikerIn","weiblich","","","",""
"22","1988","(noch) kein Abschluss","maennlich","","","",""
"22","1988","(noch) kein Abschluss","weiblich","","","",""
"22","1988","Hauptschule","maennlich","","","",""
"22","1988","Hauptschule","weiblich","","","",""
"22","1988","Realschule","maennlich","","","",""
"22","1988","Realschule","weiblich","","","",""
"22","1988","(Fach-)Abitur","maennlich","","","",""
"22","1988","(Fach-)Abitur","weiblich","","","",""
"22","1988","AkademikerIn","maennlich","","","",""
"22","1988","AkademikerIn","weiblich","","","",""
"23","1988","(noch) kein Abschluss","maennlich","","","",""
"23","1988","(noch) kein Abschluss","weiblich","","","",""
"23","1988","Hauptschule","maennlich","","","",""
"23","1988","Hauptschule","weiblich","","","",""
"23","1988","Realschule","maennlich","","","",""
"23","1988","Realschule","weiblich","","","",""
"23","1988","(Fach-)Abitur","maennlich","","","",""
"23","1988","(Fach-)Abitur","weiblich","","","",""
"23","1988","AkademikerIn","maennlich","","","",""
"23","1988","AkademikerIn","weiblich","","","",""
"24","1988","(noch) kein Abschluss","maennlich","","","",""
"24","1988","(noch) kein Abschluss","weiblich","","","",""
"24","1988","Hauptschule","maennlich","","","",""
"24","1988","Hauptschule","weiblich","","","",""
"24","1988","Realschule","maennlich","","","",""
"24","1988","Realschule","weiblich","","","",""
"24","1988","(Fach-)Abitur","maennlich","","","",""
"24","1988","(Fach-)Abitur","weiblich","","","",""
"24","1988","AkademikerIn","maennlich","","","",""
"24","1988","AkademikerIn","weiblich","","","",""
"25","1988","(noch) kein Abschluss","maennlich","","","",""
"25","1988","(noch) kein Abschluss","weiblich","","","",""
"25","1988","Hauptschule","maennlich","","","",""
"25","1988","Hauptschule","weiblich","","","",""
"25","1988","Realschule","maennlich","","","",""
"25","1988","Realschule","weiblich","","","",""
"25","1988","(Fach-)Abitur","maennlich","","","",""
"25","1988","(Fach-)Abitur","weiblich","","","",""
"25","1988","AkademikerIn","maennlich","","","",""
"25","1988","AkademikerIn","weiblich","","","",""
"26","1988","(noch) kein Abschluss","maennlich","","","",""
"26","1988","(noch) kein Abschluss","weiblich","","","",""
"26","1988","Hauptschule","maennlich","","","",""
"26","1988","Hauptschule","weiblich","","","",""
"26","1988","Realschule","maennlich","","","",""
"26","1988","Realschule","weiblich","","","",""
"26","1988","(Fach-)Abitur","maennlich","","","",""
"26","1988","(Fach-)Abitur","weiblich","","","",""
"26","1988","AkademikerIn","maennlich","","","",""
"26","1988","AkademikerIn","weiblich","","","",""
"27","1988","(noch) kein Abschluss","maennlich","","","",""
"27","1988","(noch) kein Abschluss","weiblich","","","",""
"27","1988","Hauptschule","maennlich","","","",""
"27","1988","Hauptschule","weiblich","","","",""
"27","1988","Realschule","maennlich","","","",""
"27","1988","Realschule","weiblich","","","",""
"27","1988","(Fach-)Abitur","maennlich","","","",""
"27","1988","(Fach-)Abitur","weiblich","","","",""
"27","1988","AkademikerIn","maennlich","","","",""
"27","1988","AkademikerIn","weiblich","","","",""
"28","1988","(noch) kein Abschluss","maennlich","","","",""
"28","1988","(noch) kein Abschluss","weiblich","","","",""
"28","1988","Hauptschule","maennlich","2","","",""
"28","1988","Hauptschule","weiblich","","","",""
"28","1988","Realschule","maennlich","","","",""
"28","1988","Realschule","weiblich","","","",""
"28","1988","(Fach-)Abitur","maennlich","","","",""
"28","1988","(Fach-)Abitur","weiblich","","","",""
"28","1988","AkademikerIn","maennlich","","","",""
"28","1988","AkademikerIn","weiblich","","","",""
"30","1988","(noch) kein Abschluss","maennlich","","","",""
"30","1988","(noch) kein Abschluss","weiblich","","","",""
"30","1988","Hauptschule","maennlich","1","","",""
"30","1988","Hauptschule","weiblich","","","",""
"30","1988","Realschule","maennlich","","","",""
"30","1988","Realschule","weiblich","","","",""
"30","1988","(Fach-)Abitur","maennlich","","","",""
"30","1988","(Fach-)Abitur","weiblich","","","",""
"30","1988","AkademikerIn","maennlich","","","",""
"30","1988","AkademikerIn","weiblich","","","",""
"31","1988","(noch) kein Abschluss","maennlich","","","",""
"31","1988","(noch) kein Abschluss","weiblich","","","",""
"31","1988","Hauptschule","maennlich","","","",""
"31","1988","Hauptschule","weiblich","","","",""
"31","1988","Realschule","maennlich","","","",""
"31","1988","Realschule","weiblich","","","",""
"31","1988","(Fach-)Abitur","maennlich","","","",""
"31","1988","(Fach-)Abitur","weiblich","","","",""
"31","1988","AkademikerIn","maennlich","","","",""
"31","1988","AkademikerIn","weiblich","","","",""
"32","1988","(noch) kein Abschluss","maennlich","","","",""
"32","1988","(noch) kein Abschluss","weiblich","","","",""
"32","1988","Hauptschule","maennlich","","","",""
"32","1988","Hauptschule","weiblich","","","",""
"32","1988","Realschule","maennlich","","","",""
"32","1988","Realschule","weiblich","","","",""
"32","1988","(Fach-)Abitur","maennlich","","","",""
"32","1988","(Fach-)Abitur","weiblich","","","",""
"32","1988","AkademikerIn","maennlich","","","",""
"32","1988","AkademikerIn","weiblich","","","",""
"35","1988","(noch) kein Abschluss","maennlich","","","",""
"35","1988","(noch) kein Abschluss","weiblich","","","",""
"35","1988","Hauptschule","maennlich","","","",""
"35","1988","Hauptschule","weiblich","1","","",""
"35","1988","Realschule","maennlich","","","",""
"35","1988","Realschule","weiblich","","","",""
"35","1988","(Fach-)Abitur","maennlich","","","",""
"35","1988","(Fach-)Abitur","weiblich","","","",""
"35","1988","AkademikerIn","maennlich","","","",""
"35","1988","AkademikerIn","weiblich","","","",""
"36","1988","(noch) kein Abschluss","maennlich","","","",""
"36","1988","(noch) kein Abschluss","weiblich","","","",""
"36","1988","Hauptschule","maennlich","","","",""
"36","1988","Hauptschule","weiblich","","","",""
"36","1988","Realschule","maennlich","","","",""
"36","1988","Realschule","weiblich","","","",""
"36","1988","(Fach-)Abitur","maennlich","","","",""
"36","1988","(Fach-)Abitur","weiblich","","","",""
"36","1988","AkademikerIn","maennlich","","","",""
"36","1988","AkademikerIn","weiblich","","","",""
"40","1988","(noch) kein Abschluss","maennlich","","","",""
"40","1988","(noch) kein Abschluss","weiblich","","","",""
"40","1988","Hauptschule","maennlich","","","",""
"40","1988","Hauptschule","weiblich","","","",""
"40","1988","Realschule","maennlich","","","",""
"40","1988","Realschule","weiblich","","","",""
"40","1988","(Fach-)Abitur","maennlich","","","",""
"40","1988","(Fach-)Abitur","weiblich","","","",""
"40","1988","AkademikerIn","maennlich","","","",""
"40","1988","AkademikerIn","weiblich","","","",""
"42","1988","(noch) kein Abschluss","maennlich","","","",""
"42","1988","(noch) kein Abschluss","weiblich","","","",""
"42","1988","Hauptschule","maennlich","","","",""
"42","1988","Hauptschule","weiblich","","","",""
"42","1988","Realschule","maennlich","","","",""
"42","1988","Realschule","weiblich","","","",""
"42","1988","(Fach-)Abitur","maennlich","","","",""
"42","1988","(Fach-)Abitur","weiblich","","","",""
"42","1988","AkademikerIn","maennlich","","","",""
"42","1988","AkademikerIn","weiblich","","","",""
"45","1988","(noch) kein Abschluss","maennlich","","","",""
"45","1988","(noch) kein Abschluss","weiblich","","","",""
"45","1988","Hauptschule","maennlich","","","",""
"45","1988","Hauptschule","weiblich","","","",""
"45","1988","Realschule","maennlich","","","",""
"45","1988","Realschule","weiblich","","","",""
"45","1988","(Fach-)Abitur","maennlich","","","",""
"45","1988","(Fach-)Abitur","weiblich","","","",""
"45","1988","AkademikerIn","maennlich","","","",""
"45","1988","AkademikerIn","weiblich","","","",""
"48","1988","(noch) kein Abschluss","maennlich","","","",""
"48","1988","(noch) kein Abschluss","weiblich","","","",""
"48","1988","Hauptschule","maennlich","","","",""
"48","1988","Hauptschule","weiblich","","","",""
"48","1988","Realschule","maennlich","","","",""
"48","1988","Realschule","weiblich","","","",""
"48","1988","(Fach-)Abitur","maennlich","","","",""
"48","1988","(Fach-)Abitur","weiblich","","","",""
"48","1988","AkademikerIn","maennlich","","","",""
"48","1988","AkademikerIn","weiblich","","","",""
"50","1988","(noch) kein Abschluss","maennlich","","","",""
"50","1988","(noch) kein Abschluss","weiblich","","","",""
"50","1988","Hauptschule","maennlich","","","",""
"50","1988","Hauptschule","weiblich","","","",""
"50","1988","Realschule","maennlich","","","",""
"50","1988","Realschule","weiblich","","","",""
"50","1988","(Fach-)Abitur","maennlich","","","",""
"50","1988","(Fach-)Abitur","weiblich","","","",""
"50","1988","AkademikerIn","maennlich","","","",""
"50","1988","AkademikerIn","weiblich","","","",""
"51","1988","(noch) kein Abschluss","maennlich","","","",""
"51","1988","(noch) kein Abschluss","weiblich","","","",""
"51","1988","Hauptschule","maennlich","","","",""
"51","1988","Hauptschule","weiblich","","","",""
"51","1988","Realschule","maennlich","","","",""
"51","1988","Realschule","weiblich","","","",""
"51","1988","(Fach-)Abitur","maennlich","","","",""
"51","1988","(Fach-)Abitur","weiblich","","","",""
"51","1988","AkademikerIn","maennlich","","","",""
"51","1988","AkademikerIn","weiblich","","","",""
"64","1988","(noch) kein Abschluss","maennlich","","","",""
"64","1988","(noch) kein Abschluss","weiblich","","","",""
"64","1988","Hauptschule","maennlich","","","",""
"64","1988","Hauptschule","weiblich","","","",""
"64","1988","Realschule","maennlich","","","",""
"64","1988","Realschule","weiblich","","","",""
"64","1988","(Fach-)Abitur","maennlich","","","",""
"64","1988","(Fach-)Abitur","weiblich","","","",""
"64","1988","AkademikerIn","maennlich","","","",""
"64","1988","AkademikerIn","weiblich","","","",""
"65","1988","(noch) kein Abschluss","maennlich","","","",""
"65","1988","(noch) kein Abschluss","weiblich","","","",""
"65","1988","Hauptschule","maennlich","","","",""
"65","1988","Hauptschule","weiblich","","","",""
"65","1988","Realschule","maennlich","","","",""
"65","1988","Realschule","weiblich","","","",""
"65","1988","(Fach-)Abitur","maennlich","","","",""
"65","1988","(Fach-)Abitur","weiblich","","","",""
"65","1988","AkademikerIn","maennlich","","","",""
"65","1988","AkademikerIn","weiblich","","","",""
"90","1988","(noch) kein Abschluss","maennlich","","","",""
"90","1988","(noch) kein Abschluss","weiblich","","","",""
"90","1988","Hauptschule","maennlich","","","",""
"90","1988","Hauptschule","weiblich","","","",""
"90","1988","Realschule","maennlich","","","",""
"90","1988","Realschule","weiblich","","","",""
"90","1988","(Fach-)Abitur","maennlich","","","",""
"90","1988","(Fach-)Abitur","weiblich","","","",""
"90","1988","AkademikerIn","maennlich","","","",""
"90","1988","AkademikerIn","weiblich","","","",""
"98","1988","(noch) kein Abschluss","maennlich","","","",""
"98","1988","(noch) kein Abschluss","weiblich","","","",""
"98","1988","Hauptschule","maennlich","","","",""
"98","1988","Hauptschule","weiblich","","","",""
"98","1988","Realschule","maennlich","","","",""
"98","1988","Realschule","weiblich","","","",""
"98","1988","(Fach-)Abitur","maennlich","","","",""
"98","1988","(Fach-)Abitur","weiblich","","","",""
"98","1988","AkademikerIn","maennlich","","","",""
"98","1988","AkademikerIn","weiblich","","","",""
"100","1988","(noch) kein Abschluss","maennlich","","","",""
"100","1988","(noch) kein Abschluss","weiblich","","","",""
"100","1988","Hauptschule","maennlich","","","",""
"100","1988","Hauptschule","weiblich","","","",""
"100","1988","Realschule","maennlich","","","",""
"100","1988","Realschule","weiblich","","","",""
"100","1988","(Fach-)Abitur","maennlich","","","",""
"100","1988","(Fach-)Abitur","weiblich","","","",""
"100","1988","AkademikerIn","maennlich","","","",""
"100","1988","AkademikerIn","weiblich","","","",""
"0","1989","(noch) kein Abschluss","maennlich","","","",""
"0","1989","(noch) kein Abschluss","weiblich","","","",""
"0","1989","Hauptschule","maennlich","","","",""
"0","1989","Hauptschule","weiblich","","","",""
"0","1989","Realschule","maennlich","","","",""
"0","1989","Realschule","weiblich","","","",""
"0","1989","(Fach-)Abitur","maennlich","","","",""
"0","1989","(Fach-)Abitur","weiblich","","","",""
"0","1989","AkademikerIn","maennlich","","","",""
"0","1989","AkademikerIn","weiblich","","","",""
"1","1989","(noch) kein Abschluss","maennlich","27","","",""
"1","1989","(noch) kein Abschluss","weiblich","57","0.807100812439941","0.713318113679415","0.900883511200467"
"1","1989","Hauptschule","maennlich","205","","",""
"1","1989","Hauptschule","weiblich","293","","",""
"1","1989","Realschule","maennlich","42","0.784038609936467","0.671105890775824","0.89697132909711"
"1","1989","Realschule","weiblich","115","","",""
"1","1989","(Fach-)Abitur","maennlich","26","","",""
"1","1989","(Fach-)Abitur","weiblich","29","","",""
"1","1989","AkademikerIn","maennlich","22","","",""
"1","1989","AkademikerIn","weiblich","17","","",""
"2","1989","(noch) kein Abschluss","maennlich","7","0.200853501837615","0.0699805961195922","0.331726407555638"
"2","1989","(noch) kein Abschluss","weiblich","7","0.153959290643837","0.0681780712047681","0.239740510082906"
"2","1989","Hauptschule","maennlich","31","0.15323762115789","0.108763098194859","0.197712144120921"
"2","1989","Hauptschule","weiblich","45","0.131617278323293","0.0968869060135307","0.166347650633055"
"2","1989","Realschule","maennlich","6","0.145390843354935","0.0486487898611598","0.242132896848711"
"2","1989","Realschule","weiblich","14","","",""
"2","1989","(Fach-)Abitur","maennlich","4","0.0857828291725205","-0.0112453701202099","0.182811028465251"
"2","1989","(Fach-)Abitur","weiblich","6","0.12645646318435","0.0193637252477123","0.233549201120988"
"2","1989","AkademikerIn","maennlich","2","","",""
"2","1989","AkademikerIn","weiblich","3","","",""
"3","1989","(noch) kein Abschluss","maennlich","2","","",""
"3","1989","(noch) kein Abschluss","weiblich","3","","",""
"3","1989","Hauptschule","maennlich","6","0.029779089830553","0.00879264636667703","0.0507655332944289"
"3","1989","Hauptschule","weiblich","17","","",""
"3","1989","Realschule","maennlich","1","","",""
"3","1989","Realschule","weiblich","3","","",""
"3","1989","(Fach-)Abitur","maennlich","1","","",""
"3","1989","(Fach-)Abitur","weiblich","1","","",""
"3","1989","AkademikerIn","maennlich","2","","",""
"3","1989","AkademikerIn","weiblich","","","",""
"4","1989","(noch) kein Abschluss","maennlich","","","",""
"4","1989","(noch) kein Abschluss","weiblich","1","","",""
"4","1989","Hauptschule","maennlich","4","0.0191932585318965","0.00225323932563542","0.0361332777381576"
"4","1989","Hauptschule","weiblich","2","","",""
"4","1989","Realschule","maennlich","","","",""
"4","1989","Realschule","weiblich","1","","",""
"4","1989","(Fach-)Abitur","maennlich","1","","",""
"4","1989","(Fach-)Abitur","weiblich","","","",""
"4","1989","AkademikerIn","maennlich","","","",""
"4","1989","AkademikerIn","weiblich","","","",""
"5","1989","(noch) kein Abschluss","maennlich","","","",""
"5","1989","(noch) kein Abschluss","weiblich","","","",""
"5","1989","Hauptschule","maennlich","1","","",""
"5","1989","Hauptschule","weiblich","2","","",""
"5","1989","Realschule","maennlich","1","","",""
"5","1989","Realschule","weiblich","","","",""
"5","1989","(Fach-)Abitur","maennlich","","","",""
"5","1989","(Fach-)Abitur","weiblich","","","",""
"5","1989","AkademikerIn","maennlich","","","",""
"5","1989","AkademikerIn","weiblich","","","",""
"6","1989","(noch) kein Abschluss","maennlich","","","",""
"6","1989","(noch) kein Abschluss","weiblich","","","",""
"6","1989","Hauptschule","maennlich","1","","",""
"6","1989","Hauptschule","weiblich","2","","",""
"6","1989","Realschule","maennlich","","","",""
"6","1989","Realschule","weiblich","2","","",""
"6","1989","(Fach-)Abitur","maennlich","","","",""
"6","1989","(Fach-)Abitur","weiblich","","","",""
"6","1989","AkademikerIn","maennlich","1","","",""
"6","1989","AkademikerIn","weiblich","","","",""
"7","1989","(noch) kein Abschluss","maennlich","","","",""
"7","1989","(noch) kein Abschluss","weiblich","","","",""
"7","1989","Hauptschule","maennlich","","","",""
"7","1989","Hauptschule","weiblich","","","",""
"7","1989","Realschule","maennlich","","","",""
"7","1989","Realschule","weiblich","1","","",""
"7","1989","(Fach-)Abitur","maennlich","","","",""
"7","1989","(Fach-)Abitur","weiblich","","","",""
"7","1989","AkademikerIn","maennlich","","","",""
"7","1989","AkademikerIn","weiblich","","","",""
"8","1989","(noch) kein Abschluss","maennlich","","","",""
"8","1989","(noch) kein Abschluss","weiblich","","","",""
"8","1989","Hauptschule","maennlich","1","","",""
"8","1989","Hauptschule","weiblich","1","","",""
"8","1989","Realschule","maennlich","","","",""
"8","1989","Realschule","weiblich","","","",""
"8","1989","(Fach-)Abitur","maennlich","","","",""
"8","1989","(Fach-)Abitur","weiblich","","","",""
"8","1989","AkademikerIn","maennlich","","","",""
"8","1989","AkademikerIn","weiblich","","","",""
"9","1989","(noch) kein Abschluss","maennlich","","","",""
"9","1989","(noch) kein Abschluss","weiblich","","","",""
"9","1989","Hauptschule","maennlich","","","",""
"9","1989","Hauptschule","weiblich","","","",""
"9","1989","Realschule","maennlich","","","",""
"9","1989","Realschule","weiblich","","","",""
"9","1989","(Fach-)Abitur","maennlich","","","",""
"9","1989","(Fach-)Abitur","weiblich","","","",""
"9","1989","AkademikerIn","maennlich","","","",""
"9","1989","AkademikerIn","weiblich","","","",""
"10","1989","(noch) kein Abschluss","maennlich","","","",""
"10","1989","(noch) kein Abschluss","weiblich","","","",""
"10","1989","Hauptschule","maennlich","","","",""
"10","1989","Hauptschule","weiblich","1","","",""
"10","1989","Realschule","maennlich","","","",""
"10","1989","Realschule","weiblich","","","",""
"10","1989","(Fach-)Abitur","maennlich","","","",""
"10","1989","(Fach-)Abitur","weiblich","","","",""
"10","1989","AkademikerIn","maennlich","","","",""
"10","1989","AkademikerIn","weiblich","","","",""
"11","1989","(noch) kein Abschluss","maennlich","","","",""
"11","1989","(noch) kein Abschluss","weiblich","","","",""
"11","1989","Hauptschule","maennlich","","","",""
"11","1989","Hauptschule","weiblich","","","",""
"11","1989","Realschule","maennlich","","","",""
"11","1989","Realschule","weiblich","1","","",""
"11","1989","(Fach-)Abitur","maennlich","","","",""
"11","1989","(Fach-)Abitur","weiblich","","","",""
"11","1989","AkademikerIn","maennlich","","","",""
"11","1989","AkademikerIn","weiblich","","","",""
"12","1989","(noch) kein Abschluss","maennlich","","","",""
"12","1989","(noch) kein Abschluss","weiblich","","","",""
"12","1989","Hauptschule","maennlich","","","",""
"12","1989","Hauptschule","weiblich","","","",""
"12","1989","Realschule","maennlich","","","",""
"12","1989","Realschule","weiblich","","","",""
"12","1989","(Fach-)Abitur","maennlich","","","",""
"12","1989","(Fach-)Abitur","weiblich","","","",""
"12","1989","AkademikerIn","maennlich","","","",""
"12","1989","AkademikerIn","weiblich","","","",""
"13","1989","(noch) kein Abschluss","maennlich","","","",""
"13","1989","(noch) kein Abschluss","weiblich","","","",""
"13","1989","Hauptschule","maennlich","","","",""
"13","1989","Hauptschule","weiblich","","","",""
"13","1989","Realschule","maennlich","","","",""
"13","1989","Realschule","weiblich","","","",""
"13","1989","(Fach-)Abitur","maennlich","","","",""
"13","1989","(Fach-)Abitur","weiblich","","","",""
"13","1989","AkademikerIn","maennlich","","","",""
"13","1989","AkademikerIn","weiblich","","","",""
"14","1989","(noch) kein Abschluss","maennlich","","","",""
"14","1989","(noch) kein Abschluss","weiblich","","","",""
"14","1989","Hauptschule","maennlich","1","","",""
"14","1989","Hauptschule","weiblich","","","",""
"14","1989","Realschule","maennlich","1","","",""
"14","1989","Realschule","weiblich","","","",""
"14","1989","(Fach-)Abitur","maennlich","","","",""
"14","1989","(Fach-)Abitur","weiblich","","","",""
"14","1989","AkademikerIn","maennlich","","","",""
"14","1989","AkademikerIn","weiblich","","","",""
"15","1989","(noch) kein Abschluss","maennlich","","","",""
"15","1989","(noch) kein Abschluss","weiblich","","","",""
"15","1989","Hauptschule","maennlich","","","",""
"15","1989","Hauptschule","weiblich","","","",""
"15","1989","Realschule","maennlich","","","",""
"15","1989","Realschule","weiblich","","","",""
"15","1989","(Fach-)Abitur","maennlich","","","",""
"15","1989","(Fach-)Abitur","weiblich","","","",""
"15","1989","AkademikerIn","maennlich","","","",""
"15","1989","AkademikerIn","weiblich","","","",""
"16","1989","(noch) kein Abschluss","maennlich","","","",""
"16","1989","(noch) kein Abschluss","weiblich","","","",""
"16","1989","Hauptschule","maennlich","","","",""
"16","1989","Hauptschule","weiblich","","","",""
"16","1989","Realschule","maennlich","","","",""
"16","1989","Realschule","weiblich","","","",""
"16","1989","(Fach-)Abitur","maennlich","","","",""
"16","1989","(Fach-)Abitur","weiblich","","","",""
"16","1989","AkademikerIn","maennlich","","","",""
"16","1989","AkademikerIn","weiblich","","","",""
"17","1989","(noch) kein Abschluss","maennlich","","","",""
"17","1989","(noch) kein Abschluss","weiblich","","","",""
"17","1989","Hauptschule","maennlich","","","",""
"17","1989","Hauptschule","weiblich","","","",""
"17","1989","Realschule","maennlich","","","",""
"17","1989","Realschule","weiblich","","","",""
"17","1989","(Fach-)Abitur","maennlich","","","",""
"17","1989","(Fach-)Abitur","weiblich","","","",""
"17","1989","AkademikerIn","maennlich","","","",""
"17","1989","AkademikerIn","weiblich","","","",""
"18","1989","(noch) kein Abschluss","maennlich","","","",""
"18","1989","(noch) kein Abschluss","weiblich","","","",""
"18","1989","Hauptschule","maennlich","","","",""
"18","1989","Hauptschule","weiblich","","","",""
"18","1989","Realschule","maennlich","","","",""
"18","1989","Realschule","weiblich","","","",""
"18","1989","(Fach-)Abitur","maennlich","","","",""
"18","1989","(Fach-)Abitur","weiblich","","","",""
"18","1989","AkademikerIn","maennlich","","","",""
"18","1989","AkademikerIn","weiblich","","","",""
"19","1989","(noch) kein Abschluss","maennlich","","","",""
"19","1989","(noch) kein Abschluss","weiblich","","","",""
"19","1989","Hauptschule","maennlich","","","",""
"19","1989","Hauptschule","weiblich","","","",""
"19","1989","Realschule","maennlich","","","",""
"19","1989","Realschule","weiblich","","","",""
"19","1989","(Fach-)Abitur","maennlich","","","",""
"19","1989","(Fach-)Abitur","weiblich","","","",""
"19","1989","AkademikerIn","maennlich","","","",""
"19","1989","AkademikerIn","weiblich","","","",""
"20","1989","(noch) kein Abschluss","maennlich","","","",""
"20","1989","(noch) kein Abschluss","weiblich","","","",""
"20","1989","Hauptschule","maennlich","","","",""
"20","1989","Hauptschule","weiblich","","","",""
"20","1989","Realschule","maennlich","","","",""
"20","1989","Realschule","weiblich","","","",""
"20","1989","(Fach-)Abitur","maennlich","","","",""
"20","1989","(Fach-)Abitur","weiblich","","","",""
"20","1989","AkademikerIn","maennlich","","","",""
"20","1989","AkademikerIn","weiblich","","","",""
"21","1989","(noch) kein Abschluss","maennlich","","","",""
"21","1989","(noch) kein Abschluss","weiblich","","","",""
"21","1989","Hauptschule","maennlich","","","",""
"21","1989","Hauptschule","weiblich","1","","",""
"21","1989","Realschule","maennlich","","","",""
"21","1989","Realschule","weiblich","","","",""
"21","1989","(Fach-)Abitur","maennlich","","","",""
"21","1989","(Fach-)Abitur","weiblich","","","",""
"21","1989","AkademikerIn","maennlich","1","","",""
"21","1989","AkademikerIn","weiblich","","","",""
"22","1989","(noch) kein Abschluss","maennlich","","","",""
"22","1989","(noch) kein Abschluss","weiblich","","","",""
"22","1989","Hauptschule","maennlich","","","",""
"22","1989","Hauptschule","weiblich","","","",""
"22","1989","Realschule","maennlich","","","",""
"22","1989","Realschule","weiblich","","","",""
"22","1989","(Fach-)Abitur","maennlich","","","",""
"22","1989","(Fach-)Abitur","weiblich","","","",""
"22","1989","AkademikerIn","maennlich","","","",""
"22","1989","AkademikerIn","weiblich","","","",""
"23","1989","(noch) kein Abschluss","maennlich","","","",""
"23","1989","(noch) kein Abschluss","weiblich","","","",""
"23","1989","Hauptschule","maennlich","","","",""
"23","1989","Hauptschule","weiblich","","","",""
"23","1989","Realschule","maennlich","","","",""
"23","1989","Realschule","weiblich","","","",""
"23","1989","(Fach-)Abitur","maennlich","","","",""
"23","1989","(Fach-)Abitur","weiblich","","","",""
"23","1989","AkademikerIn","maennlich","","","",""
"23","1989","AkademikerIn","weiblich","","","",""
"24","1989","(noch) kein Abschluss","maennlich","","","",""
"24","1989","(noch) kein Abschluss","weiblich","","","",""
"24","1989","Hauptschule","maennlich","","","",""
"24","1989","Hauptschule","weiblich","","","",""
"24","1989","Realschule","maennlich","","","",""
"24","1989","Realschule","weiblich","","","",""
"24","1989","(Fach-)Abitur","maennlich","","","",""
"24","1989","(Fach-)Abitur","weiblich","","","",""
"24","1989","AkademikerIn","maennlich","","","",""
"24","1989","AkademikerIn","weiblich","","","",""
"25","1989","(noch) kein Abschluss","maennlich","","","",""
"25","1989","(noch) kein Abschluss","weiblich","","","",""
"25","1989","Hauptschule","maennlich","","","",""
"25","1989","Hauptschule","weiblich","","","",""
"25","1989","Realschule","maennlich","","","",""
"25","1989","Realschule","weiblich","1","","",""
"25","1989","(Fach-)Abitur","maennlich","","","",""
"25","1989","(Fach-)Abitur","weiblich","","","",""
"25","1989","AkademikerIn","maennlich","","","",""
"25","1989","AkademikerIn","weiblich","","","",""
"26","1989","(noch) kein Abschluss","maennlich","","","",""
"26","1989","(noch) kein Abschluss","weiblich","","","",""
"26","1989","Hauptschule","maennlich","","","",""
"26","1989","Hauptschule","weiblich","","","",""
"26","1989","Realschule","maennlich","","","",""
"26","1989","Realschule","weiblich","","","",""
"26","1989","(Fach-)Abitur","maennlich","","","",""
"26","1989","(Fach-)Abitur","weiblich","","","",""
"26","1989","AkademikerIn","maennlich","","","",""
"26","1989","AkademikerIn","weiblich","","","",""
"27","1989","(noch) kein Abschluss","maennlich","","","",""
"27","1989","(noch) kein Abschluss","weiblich","","","",""
"27","1989","Hauptschule","maennlich","","","",""
"27","1989","Hauptschule","weiblich","","","",""
"27","1989","Realschule","maennlich","","","",""
"27","1989","Realschule","weiblich","","","",""
"27","1989","(Fach-)Abitur","maennlich","","","",""
"27","1989","(Fach-)Abitur","weiblich","","","",""
"27","1989","AkademikerIn","maennlich","","","",""
"27","1989","AkademikerIn","weiblich","","","",""
"28","1989","(noch) kein Abschluss","maennlich","","","",""
"28","1989","(noch) kein Abschluss","weiblich","","","",""
"28","1989","Hauptschule","maennlich","","","",""
"28","1989","Hauptschule","weiblich","","","",""
"28","1989","Realschule","maennlich","","","",""
"28","1989","Realschule","weiblich","","","",""
"28","1989","(Fach-)Abitur","maennlich","","","",""
"28","1989","(Fach-)Abitur","weiblich","","","",""
"28","1989","AkademikerIn","maennlich","","","",""
"28","1989","AkademikerIn","weiblich","","","",""
"30","1989","(noch) kein Abschluss","maennlich","","","",""
"30","1989","(noch) kein Abschluss","weiblich","","","",""
"30","1989","Hauptschule","maennlich","","","",""
"30","1989","Hauptschule","weiblich","","","",""
"30","1989","Realschule","maennlich","","","",""
"30","1989","Realschule","weiblich","","","",""
"30","1989","(Fach-)Abitur","maennlich","","","",""
"30","1989","(Fach-)Abitur","weiblich","","","",""
"30","1989","AkademikerIn","maennlich","","","",""
"30","1989","AkademikerIn","weiblich","","","",""
"31","1989","(noch) kein Abschluss","maennlich","","","",""
"31","1989","(noch) kein Abschluss","weiblich","","","",""
"31","1989","Hauptschule","maennlich","","","",""
"31","1989","Hauptschule","weiblich","","","",""
"31","1989","Realschule","maennlich","","","",""
"31","1989","Realschule","weiblich","","","",""
"31","1989","(Fach-)Abitur","maennlich","","","",""
"31","1989","(Fach-)Abitur","weiblich","","","",""
"31","1989","AkademikerIn","maennlich","","","",""
"31","1989","AkademikerIn","weiblich","","","",""
"32","1989","(noch) kein Abschluss","maennlich","","","",""
"32","1989","(noch) kein Abschluss","weiblich","","","",""
"32","1989","Hauptschule","maennlich","","","",""
"32","1989","Hauptschule","weiblich","","","",""
"32","1989","Realschule","maennlich","","","",""
"32","1989","Realschule","weiblich","","","",""
"32","1989","(Fach-)Abitur","maennlich","","","",""
"32","1989","(Fach-)Abitur","weiblich","","","",""
"32","1989","AkademikerIn","maennlich","","","",""
"32","1989","AkademikerIn","weiblich","","","",""
"35","1989","(noch) kein Abschluss","maennlich","","","",""
"35","1989","(noch) kein Abschluss","weiblich","","","",""
"35","1989","Hauptschule","maennlich","1","","",""
"35","1989","Hauptschule","weiblich","","","",""
"35","1989","Realschule","maennlich","","","",""
"35","1989","Realschule","weiblich","","","",""
"35","1989","(Fach-)Abitur","maennlich","","","",""
"35","1989","(Fach-)Abitur","weiblich","","","",""
"35","1989","AkademikerIn","maennlich","","","",""
"35","1989","AkademikerIn","weiblich","","","",""
"36","1989","(noch) kein Abschluss","maennlich","","","",""
"36","1989","(noch) kein Abschluss","weiblich","","","",""
"36","1989","Hauptschule","maennlich","","","",""
"36","1989","Hauptschule","weiblich","","","",""
"36","1989","Realschule","maennlich","","","",""
"36","1989","Realschule","weiblich","","","",""
"36","1989","(Fach-)Abitur","maennlich","","","",""
"36","1989","(Fach-)Abitur","weiblich","","","",""
"36","1989","AkademikerIn","maennlich","","","",""
"36","1989","AkademikerIn","weiblich","","","",""
"40","1989","(noch) kein Abschluss","maennlich","","","",""
"40","1989","(noch) kein Abschluss","weiblich","","","",""
"40","1989","Hauptschule","maennlich","1","","",""
"40","1989","Hauptschule","weiblich","","","",""
"40","1989","Realschule","maennlich","","","",""
"40","1989","Realschule","weiblich","","","",""
"40","1989","(Fach-)Abitur","maennlich","","","",""
"40","1989","(Fach-)Abitur","weiblich","","","",""
"40","1989","AkademikerIn","maennlich","","","",""
"40","1989","AkademikerIn","weiblich","","","",""
"42","1989","(noch) kein Abschluss","maennlich","","","",""
"42","1989","(noch) kein Abschluss","weiblich","","","",""
"42","1989","Hauptschule","maennlich","","","",""
"42","1989","Hauptschule","weiblich","","","",""
"42","1989","Realschule","maennlich","","","",""
"42","1989","Realschule","weiblich","","","",""
"42","1989","(Fach-)Abitur","maennlich","","","",""
"42","1989","(Fach-)Abitur","weiblich","","","",""
"42","1989","AkademikerIn","maennlich","","","",""
"42","1989","AkademikerIn","weiblich","","","",""
"45","1989","(noch) kein Abschluss","maennlich","","","",""
"45","1989","(noch) kein Abschluss","weiblich","","","",""
"45","1989","Hauptschule","maennlich","","","",""
"45","1989","Hauptschule","weiblich","","","",""
"45","1989","Realschule","maennlich","","","",""
"45","1989","Realschule","weiblich","","","",""
"45","1989","(Fach-)Abitur","maennlich","","","",""
"45","1989","(Fach-)Abitur","weiblich","","","",""
"45","1989","AkademikerIn","maennlich","","","",""
"45","1989","AkademikerIn","weiblich","","","",""
"48","1989","(noch) kein Abschluss","maennlich","","","",""
"48","1989","(noch) kein Abschluss","weiblich","","","",""
"48","1989","Hauptschule","maennlich","","","",""
"48","1989","Hauptschule","weiblich","","","",""
"48","1989","Realschule","maennlich","","","",""
"48","1989","Realschule","weiblich","","","",""
"48","1989","(Fach-)Abitur","maennlich","","","",""
"48","1989","(Fach-)Abitur","weiblich","","","",""
"48","1989","AkademikerIn","maennlich","","","",""
"48","1989","AkademikerIn","weiblich","","","",""
"50","1989","(noch) kein Abschluss","maennlich","","","",""
"50","1989","(noch) kein Abschluss","weiblich","","","",""
"50","1989","Hauptschule","maennlich","","","",""
"50","1989","Hauptschule","weiblich","","","",""
"50","1989","Realschule","maennlich","","","",""
"50","1989","Realschule","weiblich","","","",""
"50","1989","(Fach-)Abitur","maennlich","","","",""
"50","1989","(Fach-)Abitur","weiblich","","","",""
"50","1989","AkademikerIn","maennlich","","","",""
"50","1989","AkademikerIn","weiblich","","","",""
"51","1989","(noch) kein Abschluss","maennlich","","","",""
"51","1989","(noch) kein Abschluss","weiblich","","","",""
"51","1989","Hauptschule","maennlich","","","",""
"51","1989","Hauptschule","weiblich","","","",""
"51","1989","Realschule","maennlich","","","",""
"51","1989","Realschule","weiblich","","","",""
"51","1989","(Fach-)Abitur","maennlich","","","",""
"51","1989","(Fach-)Abitur","weiblich","","","",""
"51","1989","AkademikerIn","maennlich","","","",""
"51","1989","AkademikerIn","weiblich","","","",""
"64","1989","(noch) kein Abschluss","maennlich","","","",""
"64","1989","(noch) kein Abschluss","weiblich","","","",""
"64","1989","Hauptschule","maennlich","","","",""
"64","1989","Hauptschule","weiblich","","","",""
"64","1989","Realschule","maennlich","","","",""
"64","1989","Realschule","weiblich","","","",""
"64","1989","(Fach-)Abitur","maennlich","","","",""
"64","1989","(Fach-)Abitur","weiblich","","","",""
"64","1989","AkademikerIn","maennlich","","","",""
"64","1989","AkademikerIn","weiblich","","","",""
"65","1989","(noch) kein Abschluss","maennlich","","","",""
"65","1989","(noch) kein Abschluss","weiblich","","","",""
"65","1989","Hauptschule","maennlich","","","",""
"65","1989","Hauptschule","weiblich","","","",""
"65","1989","Realschule","maennlich","","","",""
"65","1989","Realschule","weiblich","","","",""
"65","1989","(Fach-)Abitur","maennlich","","","",""
"65","1989","(Fach-)Abitur","weiblich","","","",""
"65","1989","AkademikerIn","maennlich","","","",""
"65","1989","AkademikerIn","weiblich","","","",""
"90","1989","(noch) kein Abschluss","maennlich","","","",""
"90","1989","(noch) kein Abschluss","weiblich","","","",""
"90","1989","Hauptschule","maennlich","","","",""
"90","1989","Hauptschule","weiblich","","","",""
"90","1989","Realschule","maennlich","","","",""
"90","1989","Realschule","weiblich","","","",""
"90","1989","(Fach-)Abitur","maennlich","","","",""
"90","1989","(Fach-)Abitur","weiblich","1","","",""
"90","1989","AkademikerIn","maennlich","","","",""
"90","1989","AkademikerIn","weiblich","","","",""
"98","1989","(noch) kein Abschluss","maennlich","","","",""
"98","1989","(noch) kein Abschluss","weiblich","","","",""
"98","1989","Hauptschule","maennlich","","","",""
"98","1989","Hauptschule","weiblich","","","",""
"98","1989","Realschule","maennlich","","","",""
"98","1989","Realschule","weiblich","","","",""
"98","1989","(Fach-)Abitur","maennlich","","","",""
"98","1989","(Fach-)Abitur","weiblich","","","",""
"98","1989","AkademikerIn","maennlich","","","",""
"98","1989","AkademikerIn","weiblich","","","",""
"100","1989","(noch) kein Abschluss","maennlich","","","",""
"100","1989","(noch) kein Abschluss","weiblich","","","",""
"100","1989","Hauptschule","maennlich","","","",""
"100","1989","Hauptschule","weiblich","","","",""
"100","1989","Realschule","maennlich","","","",""
"100","1989","Realschule","weiblich","","","",""
"100","1989","(Fach-)Abitur","maennlich","","","",""
"100","1989","(Fach-)Abitur","weiblich","","","",""
"100","1989","AkademikerIn","maennlich","","","",""
"100","1989","AkademikerIn","weiblich","","","",""
"0","1990","(noch) kein Abschluss","maennlich","","","",""
"0","1990","(noch) kein Abschluss","weiblich","","","",""
"0","1990","Hauptschule","maennlich","","","",""
"0","1990","Hauptschule","weiblich","","","",""
"0","1990","Realschule","maennlich","","","",""
"0","1990","Realschule","weiblich","","","",""
"0","1990","(Fach-)Abitur","maennlich","","","",""
"0","1990","(Fach-)Abitur","weiblich","","","",""
"0","1990","AkademikerIn","maennlich","","","",""
"0","1990","AkademikerIn","weiblich","","","",""
"1","1990","(noch) kein Abschluss","maennlich","","","",""
"1","1990","(noch) kein Abschluss","weiblich","","","",""
"1","1990","Hauptschule","maennlich","","","",""
"1","1990","Hauptschule","weiblich","","","",""
"1","1990","Realschule","maennlich","","","",""
"1","1990","Realschule","weiblich","","","",""
"1","1990","(Fach-)Abitur","maennlich","","","",""
"1","1990","(Fach-)Abitur","weiblich","","","",""
"1","1990","AkademikerIn","maennlich","","","",""
"1","1990","AkademikerIn","weiblich","","","",""
"2","1990","(noch) kein Abschluss","maennlich","","","",""
"2","1990","(noch) kein Abschluss","weiblich","","","",""
"2","1990","Hauptschule","maennlich","","","",""
"2","1990","Hauptschule","weiblich","","","",""
"2","1990","Realschule","maennlich","","","",""
"2","1990","Realschule","weiblich","","","",""
"2","1990","(Fach-)Abitur","maennlich","","","",""
"2","1990","(Fach-)Abitur","weiblich","","","",""
"2","1990","AkademikerIn","maennlich","","","",""
"2","1990","AkademikerIn","weiblich","","","",""
"3","1990","(noch) kein Abschluss","maennlich","","","",""
"3","1990","(noch) kein Abschluss","weiblich","","","",""
"3","1990","Hauptschule","maennlich","","","",""
"3","1990","Hauptschule","weiblich","","","",""
"3","1990","Realschule","maennlich","","","",""
"3","1990","Realschule","weiblich","","","",""
"3","1990","(Fach-)Abitur","maennlich","","","",""
"3","1990","(Fach-)Abitur","weiblich","","","",""
"3","1990","AkademikerIn","maennlich","","","",""
"3","1990","AkademikerIn","weiblich","","","",""
"4","1990","(noch) kein Abschluss","maennlich","","","",""
"4","1990","(noch) kein Abschluss","weiblich","","","",""
"4","1990","Hauptschule","maennlich","","","",""
"4","1990","Hauptschule","weiblich","","","",""
"4","1990","Realschule","maennlich","","","",""
"4","1990","Realschule","weiblich","","","",""
"4","1990","(Fach-)Abitur","maennlich","","","",""
"4","1990","(Fach-)Abitur","weiblich","","","",""
"4","1990","AkademikerIn","maennlich","","","",""
"4","1990","AkademikerIn","weiblich","","","",""
"5","1990","(noch) kein Abschluss","maennlich","","","",""
"5","1990","(noch) kein Abschluss","weiblich","","","",""
"5","1990","Hauptschule","maennlich","","","",""
"5","1990","Hauptschule","weiblich","","","",""
"5","1990","Realschule","maennlich","","","",""
"5","1990","Realschule","weiblich","","","",""
"5","1990","(Fach-)Abitur","maennlich","","","",""
"5","1990","(Fach-)Abitur","weiblich","","","",""
"5","1990","AkademikerIn","maennlich","","","",""
"5","1990","AkademikerIn","weiblich","","","",""
"6","1990","(noch) kein Abschluss","maennlich","","","",""
"6","1990","(noch) kein Abschluss","weiblich","","","",""
"6","1990","Hauptschule","maennlich","","","",""
"6","1990","Hauptschule","weiblich","","","",""
"6","1990","Realschule","maennlich","","","",""
"6","1990","Realschule","weiblich","","","",""
"6","1990","(Fach-)Abitur","maennlich","","","",""
"6","1990","(Fach-)Abitur","weiblich","","","",""
"6","1990","AkademikerIn","maennlich","","","",""
"6","1990","AkademikerIn","weiblich","","","",""
"7","1990","(noch) kein Abschluss","maennlich","","","",""
"7","1990","(noch) kein Abschluss","weiblich","","","",""
"7","1990","Hauptschule","maennlich","","","",""
"7","1990","Hauptschule","weiblich","","","",""
"7","1990","Realschule","maennlich","","","",""
"7","1990","Realschule","weiblich","","","",""
"7","1990","(Fach-)Abitur","maennlich","","","",""
"7","1990","(Fach-)Abitur","weiblich","","","",""
"7","1990","AkademikerIn","maennlich","","","",""
"7","1990","AkademikerIn","weiblich","","","",""
"8","1990","(noch) kein Abschluss","maennlich","","","",""
"8","1990","(noch) kein Abschluss","weiblich","","","",""
"8","1990","Hauptschule","maennlich","","","",""
"8","1990","Hauptschule","weiblich","","","",""
"8","1990","Realschule","maennlich","","","",""
"8","1990","Realschule","weiblich","","","",""
"8","1990","(Fach-)Abitur","maennlich","","","",""
"8","1990","(Fach-)Abitur","weiblich","","","",""
"8","1990","AkademikerIn","maennlich","","","",""
"8","1990","AkademikerIn","weiblich","","","",""
"9","1990","(noch) kein Abschluss","maennlich","","","",""
"9","1990","(noch) kein Abschluss","weiblich","","","",""
"9","1990","Hauptschule","maennlich","","","",""
"9","1990","Hauptschule","weiblich","","","",""
"9","1990","Realschule","maennlich","","","",""
"9","1990","Realschule","weiblich","","","",""
"9","1990","(Fach-)Abitur","maennlich","","","",""
"9","1990","(Fach-)Abitur","weiblich","","","",""
"9","1990","AkademikerIn","maennlich","","","",""
"9","1990","AkademikerIn","weiblich","","","",""
"10","1990","(noch) kein Abschluss","maennlich","","","",""
"10","1990","(noch) kein Abschluss","weiblich","","","",""
"10","1990","Hauptschule","maennlich","","","",""
"10","1990","Hauptschule","weiblich","","","",""
"10","1990","Realschule","maennlich","","","",""
"10","1990","Realschule","weiblich","","","",""
"10","1990","(Fach-)Abitur","maennlich","","","",""
"10","1990","(Fach-)Abitur","weiblich","","","",""
"10","1990","AkademikerIn","maennlich","","","",""
"10","1990","AkademikerIn","weiblich","","","",""
"11","1990","(noch) kein Abschluss","maennlich","","","",""
"11","1990","(noch) kein Abschluss","weiblich","","","",""
"11","1990","Hauptschule","maennlich","","","",""
"11","1990","Hauptschule","weiblich","","","",""
"11","1990","Realschule","maennlich","","","",""
"11","1990","Realschule","weiblich","","","",""
"11","1990","(Fach-)Abitur","maennlich","","","",""
"11","1990","(Fach-)Abitur","weiblich","","","",""
"11","1990","AkademikerIn","maennlich","","","",""
"11","1990","AkademikerIn","weiblich","","","",""
"12","1990","(noch) kein Abschluss","maennlich","","","",""
"12","1990","(noch) kein Abschluss","weiblich","","","",""
"12","1990","Hauptschule","maennlich","","","",""
"12","1990","Hauptschule","weiblich","","","",""
"12","1990","Realschule","maennlich","","","",""
"12","1990","Realschule","weiblich","","","",""
"12","1990","(Fach-)Abitur","maennlich","","","",""
"12","1990","(Fach-)Abitur","weiblich","","","",""
"12","1990","AkademikerIn","maennlich","","","",""
"12","1990","AkademikerIn","weiblich","","","",""
"13","1990","(noch) kein Abschluss","maennlich","","","",""
"13","1990","(noch) kein Abschluss","weiblich","","","",""
"13","1990","Hauptschule","maennlich","","","",""
"13","1990","Hauptschule","weiblich","","","",""
"13","1990","Realschule","maennlich","","","",""
"13","1990","Realschule","weiblich","","","",""
"13","1990","(Fach-)Abitur","maennlich","","","",""
"13","1990","(Fach-)Abitur","weiblich","","","",""
"13","1990","AkademikerIn","maennlich","","","",""
"13","1990","AkademikerIn","weiblich","","","",""
"14","1990","(noch) kein Abschluss","maennlich","","","",""
"14","1990","(noch) kein Abschluss","weiblich","","","",""
"14","1990","Hauptschule","maennlich","","","",""
"14","1990","Hauptschule","weiblich","","","",""
"14","1990","Realschule","maennlich","","","",""
"14","1990","Realschule","weiblich","","","",""
"14","1990","(Fach-)Abitur","maennlich","","","",""
"14","1990","(Fach-)Abitur","weiblich","","","",""
"14","1990","AkademikerIn","maennlich","","","",""
"14","1990","AkademikerIn","weiblich","","","",""
"15","1990","(noch) kein Abschluss","maennlich","","","",""
"15","1990","(noch) kein Abschluss","weiblich","","","",""
"15","1990","Hauptschule","maennlich","","","",""
"15","1990","Hauptschule","weiblich","","","",""
"15","1990","Realschule","maennlich","","","",""
"15","1990","Realschule","weiblich","","","",""
"15","1990","(Fach-)Abitur","maennlich","","","",""
"15","1990","(Fach-)Abitur","weiblich","","","",""
"15","1990","AkademikerIn","maennlich","","","",""
"15","1990","AkademikerIn","weiblich","","","",""
"16","1990","(noch) kein Abschluss","maennlich","","","",""
"16","1990","(noch) kein Abschluss","weiblich","","","",""
"16","1990","Hauptschule","maennlich","","","",""
"16","1990","Hauptschule","weiblich","","","",""
"16","1990","Realschule","maennlich","","","",""
"16","1990","Realschule","weiblich","","","",""
"16","1990","(Fach-)Abitur","maennlich","","","",""
"16","1990","(Fach-)Abitur","weiblich","","","",""
"16","1990","AkademikerIn","maennlich","","","",""
"16","1990","AkademikerIn","weiblich","","","",""
"17","1990","(noch) kein Abschluss","maennlich","","","",""
"17","1990","(noch) kein Abschluss","weiblich","","","",""
"17","1990","Hauptschule","maennlich","","","",""
"17","1990","Hauptschule","weiblich","","","",""
"17","1990","Realschule","maennlich","","","",""
"17","1990","Realschule","weiblich","","","",""
"17","1990","(Fach-)Abitur","maennlich","","","",""
"17","1990","(Fach-)Abitur","weiblich","","","",""
"17","1990","AkademikerIn","maennlich","","","",""
"17","1990","AkademikerIn","weiblich","","","",""
"18","1990","(noch) kein Abschluss","maennlich","","","",""
"18","1990","(noch) kein Abschluss","weiblich","","","",""
"18","1990","Hauptschule","maennlich","","","",""
"18","1990","Hauptschule","weiblich","","","",""
"18","1990","Realschule","maennlich","","","",""
"18","1990","Realschule","weiblich","","","",""
"18","1990","(Fach-)Abitur","maennlich","","","",""
"18","1990","(Fach-)Abitur","weiblich","","","",""
"18","1990","AkademikerIn","maennlich","","","",""
"18","1990","AkademikerIn","weiblich","","","",""
"19","1990","(noch) kein Abschluss","maennlich","","","",""
"19","1990","(noch) kein Abschluss","weiblich","","","",""
"19","1990","Hauptschule","maennlich","","","",""
"19","1990","Hauptschule","weiblich","","","",""
"19","1990","Realschule","maennlich","","","",""
"19","1990","Realschule","weiblich","","","",""
"19","1990","(Fach-)Abitur","maennlich","","","",""
"19","1990","(Fach-)Abitur","weiblich","","","",""
"19","1990","AkademikerIn","maennlich","","","",""
"19","1990","AkademikerIn","weiblich","","","",""
"20","1990","(noch) kein Abschluss","maennlich","","","",""
"20","1990","(noch) kein Abschluss","weiblich","","","",""
"20","1990","Hauptschule","maennlich","","","",""
"20","1990","Hauptschule","weiblich","","","",""
"20","1990","Realschule","maennlich","","","",""
"20","1990","Realschule","weiblich","","","",""
"20","1990","(Fach-)Abitur","maennlich","","","",""
"20","1990","(Fach-)Abitur","weiblich","","","",""
"20","1990","AkademikerIn","maennlich","","","",""
"20","1990","AkademikerIn","weiblich","","","",""
"21","1990","(noch) kein Abschluss","maennlich","","","",""
"21","1990","(noch) kein Abschluss","weiblich","","","",""
"21","1990","Hauptschule","maennlich","","","",""
"21","1990","Hauptschule","weiblich","","","",""
"21","1990","Realschule","maennlich","","","",""
"21","1990","Realschule","weiblich","","","",""
"21","1990","(Fach-)Abitur","maennlich","","","",""
"21","1990","(Fach-)Abitur","weiblich","","","",""
"21","1990","AkademikerIn","maennlich","","","",""
"21","1990","AkademikerIn","weiblich","","","",""
"22","1990","(noch) kein Abschluss","maennlich","","","",""
"22","1990","(noch) kein Abschluss","weiblich","","","",""
"22","1990","Hauptschule","maennlich","","","",""
"22","1990","Hauptschule","weiblich","","","",""
"22","1990","Realschule","maennlich","","","",""
"22","1990","Realschule","weiblich","","","",""
"22","1990","(Fach-)Abitur","maennlich","","","",""
"22","1990","(Fach-)Abitur","weiblich","","","",""
"22","1990","AkademikerIn","maennlich","","","",""
"22","1990","AkademikerIn","weiblich","","","",""
"23","1990","(noch) kein Abschluss","maennlich","","","",""
"23","1990","(noch) kein Abschluss","weiblich","","","",""
"23","1990","Hauptschule","maennlich","","","",""
"23","1990","Hauptschule","weiblich","","","",""
"23","1990","Realschule","maennlich","","","",""
"23","1990","Realschule","weiblich","","","",""
"23","1990","(Fach-)Abitur","maennlich","","","",""
"23","1990","(Fach-)Abitur","weiblich","","","",""
"23","1990","AkademikerIn","maennlich","","","",""
"23","1990","AkademikerIn","weiblich","","","",""
"24","1990","(noch) kein Abschluss","maennlich","","","",""
"24","1990","(noch) kein Abschluss","weiblich","","","",""
"24","1990","Hauptschule","maennlich","","","",""
"24","1990","Hauptschule","weiblich","","","",""
"24","1990","Realschule","maennlich","","","",""
"24","1990","Realschule","weiblich","","","",""
"24","1990","(Fach-)Abitur","maennlich","","","",""
"24","1990","(Fach-)Abitur","weiblich","","","",""
"24","1990","AkademikerIn","maennlich","","","",""
"24","1990","AkademikerIn","weiblich","","","",""
"25","1990","(noch) kein Abschluss","maennlich","","","",""
"25","1990","(noch) kein Abschluss","weiblich","","","",""
"25","1990","Hauptschule","maennlich","","","",""
"25","1990","Hauptschule","weiblich","","","",""
"25","1990","Realschule","maennlich","","","",""
"25","1990","Realschule","weiblich","","","",""
"25","1990","(Fach-)Abitur","maennlich","","","",""
"25","1990","(Fach-)Abitur","weiblich","","","",""
"25","1990","AkademikerIn","maennlich","","","",""
"25","1990","AkademikerIn","weiblich","","","",""
"26","1990","(noch) kein Abschluss","maennlich","","","",""
"26","1990","(noch) kein Abschluss","weiblich","","","",""
"26","1990","Hauptschule","maennlich","","","",""
"26","1990","Hauptschule","weiblich","","","",""
"26","1990","Realschule","maennlich","","","",""
"26","1990","Realschule","weiblich","","","",""
"26","1990","(Fach-)Abitur","maennlich","","","",""
"26","1990","(Fach-)Abitur","weiblich","","","",""
"26","1990","AkademikerIn","maennlich","","","",""
"26","1990","AkademikerIn","weiblich","","","",""
"27","1990","(noch) kein Abschluss","maennlich","","","",""
"27","1990","(noch) kein Abschluss","weiblich","","","",""
"27","1990","Hauptschule","maennlich","","","",""
"27","1990","Hauptschule","weiblich","","","",""
"27","1990","Realschule","maennlich","","","",""
"27","1990","Realschule","weiblich","","","",""
"27","1990","(Fach-)Abitur","maennlich","","","",""
"27","1990","(Fach-)Abitur","weiblich","","","",""
"27","1990","AkademikerIn","maennlich","","","",""
"27","1990","AkademikerIn","weiblich","","","",""
"28","1990","(noch) kein Abschluss","maennlich","","","",""
"28","1990","(noch) kein Abschluss","weiblich","","","",""
"28","1990","Hauptschule","maennlich","","","",""
"28","1990","Hauptschule","weiblich","","","",""
"28","1990","Realschule","maennlich","","","",""
"28","1990","Realschule","weiblich","","","",""
"28","1990","(Fach-)Abitur","maennlich","","","",""
"28","1990","(Fach-)Abitur","weiblich","","","",""
"28","1990","AkademikerIn","maennlich","","","",""
"28","1990","AkademikerIn","weiblich","","","",""
"30","1990","(noch) kein Abschluss","maennlich","","","",""
"30","1990","(noch) kein Abschluss","weiblich","","","",""
"30","1990","Hauptschule","maennlich","","","",""
"30","1990","Hauptschule","weiblich","","","",""
"30","1990","Realschule","maennlich","","","",""
"30","1990","Realschule","weiblich","","","",""
"30","1990","(Fach-)Abitur","maennlich","","","",""
"30","1990","(Fach-)Abitur","weiblich","","","",""
"30","1990","AkademikerIn","maennlich","","","",""
"30","1990","AkademikerIn","weiblich","","","",""
"31","1990","(noch) kein Abschluss","maennlich","","","",""
"31","1990","(noch) kein Abschluss","weiblich","","","",""
"31","1990","Hauptschule","maennlich","","","",""
"31","1990","Hauptschule","weiblich","","","",""
"31","1990","Realschule","maennlich","","","",""
"31","1990","Realschule","weiblich","","","",""
"31","1990","(Fach-)Abitur","maennlich","","","",""
"31","1990","(Fach-)Abitur","weiblich","","","",""
"31","1990","AkademikerIn","maennlich","","","",""
"31","1990","AkademikerIn","weiblich","","","",""
"32","1990","(noch) kein Abschluss","maennlich","","","",""
"32","1990","(noch) kein Abschluss","weiblich","","","",""
"32","1990","Hauptschule","maennlich","","","",""
"32","1990","Hauptschule","weiblich","","","",""
"32","1990","Realschule","maennlich","","","",""
"32","1990","Realschule","weiblich","","","",""
"32","1990","(Fach-)Abitur","maennlich","","","",""
"32","1990","(Fach-)Abitur","weiblich","","","",""
"32","1990","AkademikerIn","maennlich","","","",""
"32","1990","AkademikerIn","weiblich","","","",""
"35","1990","(noch) kein Abschluss","maennlich","","","",""
"35","1990","(noch) kein Abschluss","weiblich","","","",""
"35","1990","Hauptschule","maennlich","","","",""
"35","1990","Hauptschule","weiblich","","","",""
"35","1990","Realschule","maennlich","","","",""
"35","1990","Realschule","weiblich","","","",""
"35","1990","(Fach-)Abitur","maennlich","","","",""
"35","1990","(Fach-)Abitur","weiblich","","","",""
"35","1990","AkademikerIn","maennlich","","","",""
"35","1990","AkademikerIn","weiblich","","","",""
"36","1990","(noch) kein Abschluss","maennlich","","","",""
"36","1990","(noch) kein Abschluss","weiblich","","","",""
"36","1990","Hauptschule","maennlich","","","",""
"36","1990","Hauptschule","weiblich","","","",""
"36","1990","Realschule","maennlich","","","",""
"36","1990","Realschule","weiblich","","","",""
"36","1990","(Fach-)Abitur","maennlich","","","",""
"36","1990","(Fach-)Abitur","weiblich","","","",""
"36","1990","AkademikerIn","maennlich","","","",""
"36","1990","AkademikerIn","weiblich","","","",""
"40","1990","(noch) kein Abschluss","maennlich","","","",""
"40","1990","(noch) kein Abschluss","weiblich","","","",""
"40","1990","Hauptschule","maennlich","","","",""
"40","1990","Hauptschule","weiblich","","","",""
"40","1990","Realschule","maennlich","","","",""
"40","1990","Realschule","weiblich","","","",""
"40","1990","(Fach-)Abitur","maennlich","","","",""
"40","1990","(Fach-)Abitur","weiblich","","","",""
"40","1990","AkademikerIn","maennlich","","","",""
"40","1990","AkademikerIn","weiblich","","","",""
"42","1990","(noch) kein Abschluss","maennlich","","","",""
"42","1990","(noch) kein Abschluss","weiblich","","","",""
"42","1990","Hauptschule","maennlich","","","",""
"42","1990","Hauptschule","weiblich","","","",""
"42","1990","Realschule","maennlich","","","",""
"42","1990","Realschule","weiblich","","","",""
"42","1990","(Fach-)Abitur","maennlich","","","",""
"42","1990","(Fach-)Abitur","weiblich","","","",""
"42","1990","AkademikerIn","maennlich","","","",""
"42","1990","AkademikerIn","weiblich","","","",""
"45","1990","(noch) kein Abschluss","maennlich","","","",""
"45","1990","(noch) kein Abschluss","weiblich","","","",""
"45","1990","Hauptschule","maennlich","","","",""
"45","1990","Hauptschule","weiblich","","","",""
"45","1990","Realschule","maennlich","","","",""
"45","1990","Realschule","weiblich","","","",""
"45","1990","(Fach-)Abitur","maennlich","","","",""
"45","1990","(Fach-)Abitur","weiblich","","","",""
"45","1990","AkademikerIn","maennlich","","","",""
"45","1990","AkademikerIn","weiblich","","","",""
"48","1990","(noch) kein Abschluss","maennlich","","","",""
"48","1990","(noch) kein Abschluss","weiblich","","","",""
"48","1990","Hauptschule","maennlich","","","",""
"48","1990","Hauptschule","weiblich","","","",""
"48","1990","Realschule","maennlich","","","",""
"48","1990","Realschule","weiblich","","","",""
"48","1990","(Fach-)Abitur","maennlich","","","",""
"48","1990","(Fach-)Abitur","weiblich","","","",""
"48","1990","AkademikerIn","maennlich","","","",""
"48","1990","AkademikerIn","weiblich","","","",""
"50","1990","(noch) kein Abschluss","maennlich","","","",""
"50","1990","(noch) kein Abschluss","weiblich","","","",""
"50","1990","Hauptschule","maennlich","","","",""
"50","1990","Hauptschule","weiblich","","","",""
"50","1990","Realschule","maennlich","","","",""
"50","1990","Realschule","weiblich","","","",""
"50","1990","(Fach-)Abitur","maennlich","","","",""
"50","1990","(Fach-)Abitur","weiblich","","","",""
"50","1990","AkademikerIn","maennlich","","","",""
"50","1990","AkademikerIn","weiblich","","","",""
"51","1990","(noch) kein Abschluss","maennlich","","","",""
"51","1990","(noch) kein Abschluss","weiblich","","","",""
"51","1990","Hauptschule","maennlich","","","",""
"51","1990","Hauptschule","weiblich","","","",""
"51","1990","Realschule","maennlich","","","",""
"51","1990","Realschule","weiblich","","","",""
"51","1990","(Fach-)Abitur","maennlich","","","",""
"51","1990","(Fach-)Abitur","weiblich","","","",""
"51","1990","AkademikerIn","maennlich","","","",""
"51","1990","AkademikerIn","weiblich","","","",""
"64","1990","(noch) kein Abschluss","maennlich","","","",""
"64","1990","(noch) kein Abschluss","weiblich","","","",""
"64","1990","Hauptschule","maennlich","","","",""
"64","1990","Hauptschule","weiblich","","","",""
"64","1990","Realschule","maennlich","","","",""
"64","1990","Realschule","weiblich","","","",""
"64","1990","(Fach-)Abitur","maennlich","","","",""
"64","1990","(Fach-)Abitur","weiblich","","","",""
"64","1990","AkademikerIn","maennlich","","","",""
"64","1990","AkademikerIn","weiblich","","","",""
"65","1990","(noch) kein Abschluss","maennlich","","","",""
"65","1990","(noch) kein Abschluss","weiblich","","","",""
"65","1990","Hauptschule","maennlich","","","",""
"65","1990","Hauptschule","weiblich","","","",""
"65","1990","Realschule","maennlich","","","",""
"65","1990","Realschule","weiblich","","","",""
"65","1990","(Fach-)Abitur","maennlich","","","",""
"65","1990","(Fach-)Abitur","weiblich","","","",""
"65","1990","AkademikerIn","maennlich","","","",""
"65","1990","AkademikerIn","weiblich","","","",""
"90","1990","(noch) kein Abschluss","maennlich","","","",""
"90","1990","(noch) kein Abschluss","weiblich","","","",""
"90","1990","Hauptschule","maennlich","","","",""
"90","1990","Hauptschule","weiblich","","","",""
"90","1990","Realschule","maennlich","","","",""
"90","1990","Realschule","weiblich","","","",""
"90","1990","(Fach-)Abitur","maennlich","","","",""
"90","1990","(Fach-)Abitur","weiblich","","","",""
"90","1990","AkademikerIn","maennlich","","","",""
"90","1990","AkademikerIn","weiblich","","","",""
"98","1990","(noch) kein Abschluss","maennlich","","","",""
"98","1990","(noch) kein Abschluss","weiblich","","","",""
"98","1990","Hauptschule","maennlich","","","",""
"98","1990","Hauptschule","weiblich","","","",""
"98","1990","Realschule","maennlich","","","",""
"98","1990","Realschule","weiblich","","","",""
"98","1990","(Fach-)Abitur","maennlich","","","",""
"98","1990","(Fach-)Abitur","weiblich","","","",""
"98","1990","AkademikerIn","maennlich","","","",""
"98","1990","AkademikerIn","weiblich","","","",""
"100","1990","(noch) kein Abschluss","maennlich","","","",""
"100","1990","(noch) kein Abschluss","weiblich","","","",""
"100","1990","Hauptschule","maennlich","","","",""
"100","1990","Hauptschule","weiblich","","","",""
"100","1990","Realschule","maennlich","","","",""
"100","1990","Realschule","weiblich","","","",""
"100","1990","(Fach-)Abitur","maennlich","","","",""
"100","1990","(Fach-)Abitur","weiblich","","","",""
"100","1990","AkademikerIn","maennlich","","","",""
"100","1990","AkademikerIn","weiblich","","","",""
"0","1991","(noch) kein Abschluss","maennlich","","","",""
"0","1991","(noch) kein Abschluss","weiblich","","","",""
"0","1991","Hauptschule","maennlich","","","",""
"0","1991","Hauptschule","weiblich","","","",""
"0","1991","Realschule","maennlich","","","",""
"0","1991","Realschule","weiblich","","","",""
"0","1991","(Fach-)Abitur","maennlich","","","",""
"0","1991","(Fach-)Abitur","weiblich","","","",""
"0","1991","AkademikerIn","maennlich","","","",""
"0","1991","AkademikerIn","weiblich","","","",""
"1","1991","(noch) kein Abschluss","maennlich","23","","",""
"1","1991","(noch) kein Abschluss","weiblich","42","0.820823973164594","0.715572551666293","0.926075394662894"
"1","1991","Hauptschule","maennlich","201","","",""
"1","1991","Hauptschule","weiblich","283","","",""
"1","1991","Realschule","maennlich","44","0.749095264012073","0.635547906248469","0.862642621775677"
"1","1991","Realschule","weiblich","110","","",""
"1","1991","(Fach-)Abitur","maennlich","38","0.874665694697984","0.780008160325859","0.969323229070109"
"1","1991","(Fach-)Abitur","weiblich","48","0.882732532088111","0.795284556663068","0.970180507513155"
"1","1991","AkademikerIn","maennlich","22","","",""
"1","1991","AkademikerIn","weiblich","26","","",""
"2","1991","(noch) kein Abschluss","maennlich","6","0.337518421920379","0.168309558758439","0.506727285082319"
"2","1991","(noch) kein Abschluss","weiblich","8","0.147176210075353","0.0499437074652845","0.244408712685422"
"2","1991","Hauptschule","maennlich","34","0.147511598937218","0.103901350844144","0.191121847030292"
"2","1991","Hauptschule","weiblich","48","0.153455850225297","0.116327099474103","0.190584600976491"
"2","1991","Realschule","maennlich","8","0.154686219335751","0.0599777397672821","0.24939469890422"
"2","1991","Realschule","weiblich","14","","",""
"2","1991","(Fach-)Abitur","maennlich","6","0.0935053538126615","0.0102714962921331","0.17673921133319"
"2","1991","(Fach-)Abitur","weiblich","4","0.117267467911889","0.0298194924868453","0.204715443336932"
"2","1991","AkademikerIn","maennlich","4","0.104227362315872","-0.00894981157594615","0.21740453620769"
"2","1991","AkademikerIn","weiblich","7","0.234648473611774","0.0962165723328199","0.373080374890728"
"3","1991","(noch) kein Abschluss","maennlich","1","","",""
"3","1991","(noch) kein Abschluss","weiblich","","","",""
"3","1991","Hauptschule","maennlich","9","0.0497144294169135","0.0229843942712198","0.0764444645626072"
"3","1991","Hauptschule","weiblich","16","","",""
"3","1991","Realschule","maennlich","2","","",""
"3","1991","Realschule","weiblich","5","0.0615870959003354","0.0208830536665386","0.102291138134132"
"3","1991","(Fach-)Abitur","maennlich","2","","",""
"3","1991","(Fach-)Abitur","weiblich","","","",""
"3","1991","AkademikerIn","maennlich","1","","",""
"3","1991","AkademikerIn","weiblich","2","","",""
"4","1991","(noch) kein Abschluss","maennlich","","","",""
"4","1991","(noch) kein Abschluss","weiblich","","","",""
"4","1991","Hauptschule","maennlich","3","","",""
"4","1991","Hauptschule","weiblich","4","0.0138311969521915","0.0018002636699441","0.0258621302344389"
"4","1991","Realschule","maennlich","1","","",""
"4","1991","Realschule","weiblich","1","","",""
"4","1991","(Fach-)Abitur","maennlich","1","","",""
"4","1991","(Fach-)Abitur","weiblich","","","",""
"4","1991","AkademikerIn","maennlich","1","","",""
"4","1991","AkademikerIn","weiblich","","","",""
"5","1991","(noch) kein Abschluss","maennlich","","","",""
"5","1991","(noch) kein Abschluss","weiblich","","","",""
"5","1991","Hauptschule","maennlich","1","","",""
"5","1991","Hauptschule","weiblich","1","","",""
"5","1991","Realschule","maennlich","","","",""
"5","1991","Realschule","weiblich","","","",""
"5","1991","(Fach-)Abitur","maennlich","","","",""
"5","1991","(Fach-)Abitur","weiblich","","","",""
"5","1991","AkademikerIn","maennlich","","","",""
"5","1991","AkademikerIn","weiblich","","","",""
"6","1991","(noch) kein Abschluss","maennlich","","","",""
"6","1991","(noch) kein Abschluss","weiblich","","","",""
"6","1991","Hauptschule","maennlich","1","","",""
"6","1991","Hauptschule","weiblich","3","","",""
"6","1991","Realschule","maennlich","1","","",""
"6","1991","Realschule","weiblich","","","",""
"6","1991","(Fach-)Abitur","maennlich","","","",""
"6","1991","(Fach-)Abitur","weiblich","","","",""
"6","1991","AkademikerIn","maennlich","","","",""
"6","1991","AkademikerIn","weiblich","1","","",""
"7","1991","(noch) kein Abschluss","maennlich","","","",""
"7","1991","(noch) kein Abschluss","weiblich","1","","",""
"7","1991","Hauptschule","maennlich","1","","",""
"7","1991","Hauptschule","weiblich","1","","",""
"7","1991","Realschule","maennlich","","","",""
"7","1991","Realschule","weiblich","","","",""
"7","1991","(Fach-)Abitur","maennlich","","","",""
"7","1991","(Fach-)Abitur","weiblich","","","",""
"7","1991","AkademikerIn","maennlich","","","",""
"7","1991","AkademikerIn","weiblich","","","",""
"8","1991","(noch) kein Abschluss","maennlich","","","",""
"8","1991","(noch) kein Abschluss","weiblich","","","",""
"8","1991","Hauptschule","maennlich","","","",""
"8","1991","Hauptschule","weiblich","1","","",""
"8","1991","Realschule","maennlich","","","",""
"8","1991","Realschule","weiblich","1","","",""
"8","1991","(Fach-)Abitur","maennlich","","","",""
"8","1991","(Fach-)Abitur","weiblich","","","",""
"8","1991","AkademikerIn","maennlich","","","",""
"8","1991","AkademikerIn","weiblich","","","",""
"9","1991","(noch) kein Abschluss","maennlich","","","",""
"9","1991","(noch) kein Abschluss","weiblich","","","",""
"9","1991","Hauptschule","maennlich","","","",""
"9","1991","Hauptschule","weiblich","1","","",""
"9","1991","Realschule","maennlich","","","",""
"9","1991","Realschule","weiblich","1","","",""
"9","1991","(Fach-)Abitur","maennlich","","","",""
"9","1991","(Fach-)Abitur","weiblich","","","",""
"9","1991","AkademikerIn","maennlich","","","",""
"9","1991","AkademikerIn","weiblich","","","",""
"10","1991","(noch) kein Abschluss","maennlich","","","",""
"10","1991","(noch) kein Abschluss","weiblich","","","",""
"10","1991","Hauptschule","maennlich","3","","",""
"10","1991","Hauptschule","weiblich","","","",""
"10","1991","Realschule","maennlich","","","",""
"10","1991","Realschule","weiblich","","","",""
"10","1991","(Fach-)Abitur","maennlich","","","",""
"10","1991","(Fach-)Abitur","weiblich","","","",""
"10","1991","AkademikerIn","maennlich","","","",""
"10","1991","AkademikerIn","weiblich","","","",""
"11","1991","(noch) kein Abschluss","maennlich","","","",""
"11","1991","(noch) kein Abschluss","weiblich","","","",""
"11","1991","Hauptschule","maennlich","","","",""
"11","1991","Hauptschule","weiblich","","","",""
"11","1991","Realschule","maennlich","","","",""
"11","1991","Realschule","weiblich","","","",""
"11","1991","(Fach-)Abitur","maennlich","","","",""
"11","1991","(Fach-)Abitur","weiblich","","","",""
"11","1991","AkademikerIn","maennlich","","","",""
"11","1991","AkademikerIn","weiblich","","","",""
"12","1991","(noch) kein Abschluss","maennlich","","","",""
"12","1991","(noch) kein Abschluss","weiblich","","","",""
"12","1991","Hauptschule","maennlich","","","",""
"12","1991","Hauptschule","weiblich","1","","",""
"12","1991","Realschule","maennlich","","","",""
"12","1991","Realschule","weiblich","","","",""
"12","1991","(Fach-)Abitur","maennlich","","","",""
"12","1991","(Fach-)Abitur","weiblich","","","",""
"12","1991","AkademikerIn","maennlich","","","",""
"12","1991","AkademikerIn","weiblich","","","",""
"13","1991","(noch) kein Abschluss","maennlich","","","",""
"13","1991","(noch) kein Abschluss","weiblich","","","",""
"13","1991","Hauptschule","maennlich","","","",""
"13","1991","Hauptschule","weiblich","","","",""
"13","1991","Realschule","maennlich","","","",""
"13","1991","Realschule","weiblich","","","",""
"13","1991","(Fach-)Abitur","maennlich","","","",""
"13","1991","(Fach-)Abitur","weiblich","","","",""
"13","1991","AkademikerIn","maennlich","","","",""
"13","1991","AkademikerIn","weiblich","","","",""
"14","1991","(noch) kein Abschluss","maennlich","","","",""
"14","1991","(noch) kein Abschluss","weiblich","","","",""
"14","1991","Hauptschule","maennlich","","","",""
"14","1991","Hauptschule","weiblich","1","","",""
"14","1991","Realschule","maennlich","","","",""
"14","1991","Realschule","weiblich","","","",""
"14","1991","(Fach-)Abitur","maennlich","","","",""
"14","1991","(Fach-)Abitur","weiblich","","","",""
"14","1991","AkademikerIn","maennlich","","","",""
"14","1991","AkademikerIn","weiblich","","","",""
"15","1991","(noch) kein Abschluss","maennlich","","","",""
"15","1991","(noch) kein Abschluss","weiblich","","","",""
"15","1991","Hauptschule","maennlich","","","",""
"15","1991","Hauptschule","weiblich","","","",""
"15","1991","Realschule","maennlich","","","",""
"15","1991","Realschule","weiblich","","","",""
"15","1991","(Fach-)Abitur","maennlich","","","",""
"15","1991","(Fach-)Abitur","weiblich","","","",""
"15","1991","AkademikerIn","maennlich","","","",""
"15","1991","AkademikerIn","weiblich","","","",""
"16","1991","(noch) kein Abschluss","maennlich","","","",""
"16","1991","(noch) kein Abschluss","weiblich","","","",""
"16","1991","Hauptschule","maennlich","","","",""
"16","1991","Hauptschule","weiblich","","","",""
"16","1991","Realschule","maennlich","","","",""
"16","1991","Realschule","weiblich","","","",""
"16","1991","(Fach-)Abitur","maennlich","","","",""
"16","1991","(Fach-)Abitur","weiblich","","","",""
"16","1991","AkademikerIn","maennlich","","","",""
"16","1991","AkademikerIn","weiblich","","","",""
"17","1991","(noch) kein Abschluss","maennlich","","","",""
"17","1991","(noch) kein Abschluss","weiblich","","","",""
"17","1991","Hauptschule","maennlich","","","",""
"17","1991","Hauptschule","weiblich","","","",""
"17","1991","Realschule","maennlich","","","",""
"17","1991","Realschule","weiblich","","","",""
"17","1991","(Fach-)Abitur","maennlich","","","",""
"17","1991","(Fach-)Abitur","weiblich","","","",""
"17","1991","AkademikerIn","maennlich","","","",""
"17","1991","AkademikerIn","weiblich","","","",""
"18","1991","(noch) kein Abschluss","maennlich","","","",""
"18","1991","(noch) kein Abschluss","weiblich","","","",""
"18","1991","Hauptschule","maennlich","","","",""
"18","1991","Hauptschule","weiblich","","","",""
"18","1991","Realschule","maennlich","","","",""
"18","1991","Realschule","weiblich","","","",""
"18","1991","(Fach-)Abitur","maennlich","","","",""
"18","1991","(Fach-)Abitur","weiblich","","","",""
"18","1991","AkademikerIn","maennlich","","","",""
"18","1991","AkademikerIn","weiblich","","","",""
"19","1991","(noch) kein Abschluss","maennlich","","","",""
"19","1991","(noch) kein Abschluss","weiblich","","","",""
"19","1991","Hauptschule","maennlich","","","",""
"19","1991","Hauptschule","weiblich","","","",""
"19","1991","Realschule","maennlich","","","",""
"19","1991","Realschule","weiblich","","","",""
"19","1991","(Fach-)Abitur","maennlich","","","",""
"19","1991","(Fach-)Abitur","weiblich","","","",""
"19","1991","AkademikerIn","maennlich","","","",""
"19","1991","AkademikerIn","weiblich","","","",""
"20","1991","(noch) kein Abschluss","maennlich","","","",""
"20","1991","(noch) kein Abschluss","weiblich","","","",""
"20","1991","Hauptschule","maennlich","1","","",""
"20","1991","Hauptschule","weiblich","","","",""
"20","1991","Realschule","maennlich","","","",""
"20","1991","Realschule","weiblich","1","","",""
"20","1991","(Fach-)Abitur","maennlich","","","",""
"20","1991","(Fach-)Abitur","weiblich","","","",""
"20","1991","AkademikerIn","maennlich","","","",""
"20","1991","AkademikerIn","weiblich","","","",""
"21","1991","(noch) kein Abschluss","maennlich","","","",""
"21","1991","(noch) kein Abschluss","weiblich","","","",""
"21","1991","Hauptschule","maennlich","","","",""
"21","1991","Hauptschule","weiblich","","","",""
"21","1991","Realschule","maennlich","","","",""
"21","1991","Realschule","weiblich","","","",""
"21","1991","(Fach-)Abitur","maennlich","","","",""
"21","1991","(Fach-)Abitur","weiblich","","","",""
"21","1991","AkademikerIn","maennlich","","","",""
"21","1991","AkademikerIn","weiblich","","","",""
"22","1991","(noch) kein Abschluss","maennlich","","","",""
"22","1991","(noch) kein Abschluss","weiblich","","","",""
"22","1991","Hauptschule","maennlich","","","",""
"22","1991","Hauptschule","weiblich","","","",""
"22","1991","Realschule","maennlich","","","",""
"22","1991","Realschule","weiblich","","","",""
"22","1991","(Fach-)Abitur","maennlich","","","",""
"22","1991","(Fach-)Abitur","weiblich","","","",""
"22","1991","AkademikerIn","maennlich","","","",""
"22","1991","AkademikerIn","weiblich","","","",""
"23","1991","(noch) kein Abschluss","maennlich","","","",""
"23","1991","(noch) kein Abschluss","weiblich","","","",""
"23","1991","Hauptschule","maennlich","","","",""
"23","1991","Hauptschule","weiblich","","","",""
"23","1991","Realschule","maennlich","","","",""
"23","1991","Realschule","weiblich","","","",""
"23","1991","(Fach-)Abitur","maennlich","","","",""
"23","1991","(Fach-)Abitur","weiblich","","","",""
"23","1991","AkademikerIn","maennlich","","","",""
"23","1991","AkademikerIn","weiblich","","","",""
"24","1991","(noch) kein Abschluss","maennlich","","","",""
"24","1991","(noch) kein Abschluss","weiblich","","","",""
"24","1991","Hauptschule","maennlich","","","",""
"24","1991","Hauptschule","weiblich","","","",""
"24","1991","Realschule","maennlich","","","",""
"24","1991","Realschule","weiblich","1","","",""
"24","1991","(Fach-)Abitur","maennlich","","","",""
"24","1991","(Fach-)Abitur","weiblich","","","",""
"24","1991","AkademikerIn","maennlich","","","",""
"24","1991","AkademikerIn","weiblich","","","",""
"25","1991","(noch) kein Abschluss","maennlich","","","",""
"25","1991","(noch) kein Abschluss","weiblich","","","",""
"25","1991","Hauptschule","maennlich","","","",""
"25","1991","Hauptschule","weiblich","","","",""
"25","1991","Realschule","maennlich","","","",""
"25","1991","Realschule","weiblich","","","",""
"25","1991","(Fach-)Abitur","maennlich","","","",""
"25","1991","(Fach-)Abitur","weiblich","","","",""
"25","1991","AkademikerIn","maennlich","","","",""
"25","1991","AkademikerIn","weiblich","","","",""
"26","1991","(noch) kein Abschluss","maennlich","","","",""
"26","1991","(noch) kein Abschluss","weiblich","","","",""
"26","1991","Hauptschule","maennlich","","","",""
"26","1991","Hauptschule","weiblich","","","",""
"26","1991","Realschule","maennlich","","","",""
"26","1991","Realschule","weiblich","","","",""
"26","1991","(Fach-)Abitur","maennlich","","","",""
"26","1991","(Fach-)Abitur","weiblich","","","",""
"26","1991","AkademikerIn","maennlich","","","",""
"26","1991","AkademikerIn","weiblich","","","",""
"27","1991","(noch) kein Abschluss","maennlich","","","",""
"27","1991","(noch) kein Abschluss","weiblich","","","",""
"27","1991","Hauptschule","maennlich","","","",""
"27","1991","Hauptschule","weiblich","1","","",""
"27","1991","Realschule","maennlich","","","",""
"27","1991","Realschule","weiblich","","","",""
"27","1991","(Fach-)Abitur","maennlich","","","",""
"27","1991","(Fach-)Abitur","weiblich","","","",""
"27","1991","AkademikerIn","maennlich","","","",""
"27","1991","AkademikerIn","weiblich","","","",""
"28","1991","(noch) kein Abschluss","maennlich","","","",""
"28","1991","(noch) kein Abschluss","weiblich","","","",""
"28","1991","Hauptschule","maennlich","","","",""
"28","1991","Hauptschule","weiblich","","","",""
"28","1991","Realschule","maennlich","","","",""
"28","1991","Realschule","weiblich","","","",""
"28","1991","(Fach-)Abitur","maennlich","","","",""
"28","1991","(Fach-)Abitur","weiblich","","","",""
"28","1991","AkademikerIn","maennlich","","","",""
"28","1991","AkademikerIn","weiblich","","","",""
"30","1991","(noch) kein Abschluss","maennlich","","","",""
"30","1991","(noch) kein Abschluss","weiblich","","","",""
"30","1991","Hauptschule","maennlich","","","",""
"30","1991","Hauptschule","weiblich","1","","",""
"30","1991","Realschule","maennlich","","","",""
"30","1991","Realschule","weiblich","","","",""
"30","1991","(Fach-)Abitur","maennlich","","","",""
"30","1991","(Fach-)Abitur","weiblich","","","",""
"30","1991","AkademikerIn","maennlich","","","",""
"30","1991","AkademikerIn","weiblich","","","",""
"31","1991","(noch) kein Abschluss","maennlich","","","",""
"31","1991","(noch) kein Abschluss","weiblich","","","",""
"31","1991","Hauptschule","maennlich","","","",""
"31","1991","Hauptschule","weiblich","","","",""
"31","1991","Realschule","maennlich","","","",""
"31","1991","Realschule","weiblich","","","",""
"31","1991","(Fach-)Abitur","maennlich","","","",""
"31","1991","(Fach-)Abitur","weiblich","","","",""
"31","1991","AkademikerIn","maennlich","","","",""
"31","1991","AkademikerIn","weiblich","","","",""
"32","1991","(noch) kein Abschluss","maennlich","","","",""
"32","1991","(noch) kein Abschluss","weiblich","","","",""
"32","1991","Hauptschule","maennlich","","","",""
"32","1991","Hauptschule","weiblich","","","",""
"32","1991","Realschule","maennlich","","","",""
"32","1991","Realschule","weiblich","","","",""
"32","1991","(Fach-)Abitur","maennlich","","","",""
"32","1991","(Fach-)Abitur","weiblich","","","",""
"32","1991","AkademikerIn","maennlich","","","",""
"32","1991","AkademikerIn","weiblich","","","",""
"35","1991","(noch) kein Abschluss","maennlich","","","",""
"35","1991","(noch) kein Abschluss","weiblich","","","",""
"35","1991","Hauptschule","maennlich","","","",""
"35","1991","Hauptschule","weiblich","","","",""
"35","1991","Realschule","maennlich","","","",""
"35","1991","Realschule","weiblich","","","",""
"35","1991","(Fach-)Abitur","maennlich","","","",""
"35","1991","(Fach-)Abitur","weiblich","","","",""
"35","1991","AkademikerIn","maennlich","","","",""
"35","1991","AkademikerIn","weiblich","","","",""
"36","1991","(noch) kein Abschluss","maennlich","","","",""
"36","1991","(noch) kein Abschluss","weiblich","","","",""
"36","1991","Hauptschule","maennlich","","","",""
"36","1991","Hauptschule","weiblich","","","",""
"36","1991","Realschule","maennlich","","","",""
"36","1991","Realschule","weiblich","","","",""
"36","1991","(Fach-)Abitur","maennlich","","","",""
"36","1991","(Fach-)Abitur","weiblich","","","",""
"36","1991","AkademikerIn","maennlich","","","",""
"36","1991","AkademikerIn","weiblich","","","",""
"40","1991","(noch) kein Abschluss","maennlich","","","",""
"40","1991","(noch) kein Abschluss","weiblich","","","",""
"40","1991","Hauptschule","maennlich","","","",""
"40","1991","Hauptschule","weiblich","","","",""
"40","1991","Realschule","maennlich","","","",""
"40","1991","Realschule","weiblich","","","",""
"40","1991","(Fach-)Abitur","maennlich","","","",""
"40","1991","(Fach-)Abitur","weiblich","","","",""
"40","1991","AkademikerIn","maennlich","","","",""
"40","1991","AkademikerIn","weiblich","","","",""
"42","1991","(noch) kein Abschluss","maennlich","","","",""
"42","1991","(noch) kein Abschluss","weiblich","","","",""
"42","1991","Hauptschule","maennlich","","","",""
"42","1991","Hauptschule","weiblich","","","",""
"42","1991","Realschule","maennlich","","","",""
"42","1991","Realschule","weiblich","","","",""
"42","1991","(Fach-)Abitur","maennlich","","","",""
"42","1991","(Fach-)Abitur","weiblich","","","",""
"42","1991","AkademikerIn","maennlich","","","",""
"42","1991","AkademikerIn","weiblich","","","",""
"45","1991","(noch) kein Abschluss","maennlich","","","",""
"45","1991","(noch) kein Abschluss","weiblich","","","",""
"45","1991","Hauptschule","maennlich","","","",""
"45","1991","Hauptschule","weiblich","","","",""
"45","1991","Realschule","maennlich","","","",""
"45","1991","Realschule","weiblich","","","",""
"45","1991","(Fach-)Abitur","maennlich","","","",""
"45","1991","(Fach-)Abitur","weiblich","","","",""
"45","1991","AkademikerIn","maennlich","","","",""
"45","1991","AkademikerIn","weiblich","","","",""
"48","1991","(noch) kein Abschluss","maennlich","","","",""
"48","1991","(noch) kein Abschluss","weiblich","","","",""
"48","1991","Hauptschule","maennlich","","","",""
"48","1991","Hauptschule","weiblich","","","",""
"48","1991","Realschule","maennlich","","","",""
"48","1991","Realschule","weiblich","","","",""
"48","1991","(Fach-)Abitur","maennlich","","","",""
"48","1991","(Fach-)Abitur","weiblich","","","",""
"48","1991","AkademikerIn","maennlich","","","",""
"48","1991","AkademikerIn","weiblich","","","",""
"50","1991","(noch) kein Abschluss","maennlich","","","",""
"50","1991","(noch) kein Abschluss","weiblich","","","",""
"50","1991","Hauptschule","maennlich","","","",""
"50","1991","Hauptschule","weiblich","","","",""
"50","1991","Realschule","maennlich","","","",""
"50","1991","Realschule","weiblich","","","",""
"50","1991","(Fach-)Abitur","maennlich","","","",""
"50","1991","(Fach-)Abitur","weiblich","","","",""
"50","1991","AkademikerIn","maennlich","","","",""
"50","1991","AkademikerIn","weiblich","","","",""
"51","1991","(noch) kein Abschluss","maennlich","","","",""
"51","1991","(noch) kein Abschluss","weiblich","","","",""
"51","1991","Hauptschule","maennlich","","","",""
"51","1991","Hauptschule","weiblich","","","",""
"51","1991","Realschule","maennlich","","","",""
"51","1991","Realschule","weiblich","","","",""
"51","1991","(Fach-)Abitur","maennlich","","","",""
"51","1991","(Fach-)Abitur","weiblich","","","",""
"51","1991","AkademikerIn","maennlich","","","",""
"51","1991","AkademikerIn","weiblich","","","",""
"64","1991","(noch) kein Abschluss","maennlich","","","",""
"64","1991","(noch) kein Abschluss","weiblich","","","",""
"64","1991","Hauptschule","maennlich","","","",""
"64","1991","Hauptschule","weiblich","","","",""
"64","1991","Realschule","maennlich","","","",""
"64","1991","Realschule","weiblich","","","",""
"64","1991","(Fach-)Abitur","maennlich","","","",""
"64","1991","(Fach-)Abitur","weiblich","","","",""
"64","1991","AkademikerIn","maennlich","","","",""
"64","1991","AkademikerIn","weiblich","","","",""
"65","1991","(noch) kein Abschluss","maennlich","","","",""
"65","1991","(noch) kein Abschluss","weiblich","","","",""
"65","1991","Hauptschule","maennlich","","","",""
"65","1991","Hauptschule","weiblich","","","",""
"65","1991","Realschule","maennlich","","","",""
"65","1991","Realschule","weiblich","","","",""
"65","1991","(Fach-)Abitur","maennlich","","","",""
"65","1991","(Fach-)Abitur","weiblich","","","",""
"65","1991","AkademikerIn","maennlich","","","",""
"65","1991","AkademikerIn","weiblich","","","",""
"90","1991","(noch) kein Abschluss","maennlich","","","",""
"90","1991","(noch) kein Abschluss","weiblich","","","",""
"90","1991","Hauptschule","maennlich","","","",""
"90","1991","Hauptschule","weiblich","","","",""
"90","1991","Realschule","maennlich","","","",""
"90","1991","Realschule","weiblich","","","",""
"90","1991","(Fach-)Abitur","maennlich","","","",""
"90","1991","(Fach-)Abitur","weiblich","","","",""
"90","1991","AkademikerIn","maennlich","","","",""
"90","1991","AkademikerIn","weiblich","","","",""
"98","1991","(noch) kein Abschluss","maennlich","","","",""
"98","1991","(noch) kein Abschluss","weiblich","","","",""
"98","1991","Hauptschule","maennlich","","","",""
"98","1991","Hauptschule","weiblich","","","",""
"98","1991","Realschule","maennlich","","","",""
"98","1991","Realschule","weiblich","","","",""
"98","1991","(Fach-)Abitur","maennlich","","","",""
"98","1991","(Fach-)Abitur","weiblich","","","",""
"98","1991","AkademikerIn","maennlich","","","",""
"98","1991","AkademikerIn","weiblich","","","",""
"100","1991","(noch) kein Abschluss","maennlich","","","",""
"100","1991","(noch) kein Abschluss","weiblich","","","",""
"100","1991","Hauptschule","maennlich","","","",""
"100","1991","Hauptschule","weiblich","","","",""
"100","1991","Realschule","maennlich","","","",""
"100","1991","Realschule","weiblich","","","",""
"100","1991","(Fach-)Abitur","maennlich","","","",""
"100","1991","(Fach-)Abitur","weiblich","","","",""
"100","1991","AkademikerIn","maennlich","","","",""
"100","1991","AkademikerIn","weiblich","","","",""
"0","1992","(noch) kein Abschluss","maennlich","","","",""
"0","1992","(noch) kein Abschluss","weiblich","","","",""
"0","1992","Hauptschule","maennlich","","","",""
"0","1992","Hauptschule","weiblich","","","",""
"0","1992","Realschule","maennlich","","","",""
"0","1992","Realschule","weiblich","","","",""
"0","1992","(Fach-)Abitur","maennlich","","","",""
"0","1992","(Fach-)Abitur","weiblich","","","",""
"0","1992","AkademikerIn","maennlich","","","",""
"0","1992","AkademikerIn","weiblich","","","",""
"1","1992","(noch) kein Abschluss","maennlich","21","","",""
"1","1992","(noch) kein Abschluss","weiblich","42","0.800852453916155","0.691248369635646","0.910456538196663"
"1","1992","Hauptschule","maennlich","230","","",""
"1","1992","Hauptschule","weiblich","339","0.763808149403492","0.723662502400594","0.80395379640639"
"1","1992","Realschule","maennlich","90","0.790775694644072","0.715445029318498","0.866106359969645"
"1","1992","Realschule","weiblich","156","","",""
"1","1992","(Fach-)Abitur","maennlich","34","0.753855572203275","0.631994063292591","0.875717081113959"
"1","1992","(Fach-)Abitur","weiblich","40","0.871821685929165","0.773047635314648","0.970595736543682"
"1","1992","AkademikerIn","maennlich","44","0.745494588336619","0.632415728350684","0.858573448322554"
"1","1992","AkademikerIn","weiblich","65","0.796432786393678","0.707642996867656","0.8852225759197"
"2","1992","(noch) kein Abschluss","maennlich","4","0.0736667599662304","-0.0248671275484857","0.172200647480946"
"2","1992","(noch) kein Abschluss","weiblich","7","0.0865105908584169","0.00935819795681976","0.163662983760014"
"2","1992","Hauptschule","maennlich","50","0.15270966362657","0.112207692136787","0.193211635116354"
"2","1992","Hauptschule","weiblich","64","0.168464359582707","0.133088392997737","0.203840326167677"
"2","1992","Realschule","maennlich","15","","",""
"2","1992","Realschule","weiblich","24","","",""
"2","1992","(Fach-)Abitur","maennlich","11","","",""
"2","1992","(Fach-)Abitur","weiblich","2","","",""
"2","1992","AkademikerIn","maennlich","10","","",""
"2","1992","AkademikerIn","weiblich","7","0.100714280380899","0.0343508356526744","0.167077725109123"
"3","1992","(noch) kein Abschluss","maennlich","1","","",""
"3","1992","(noch) kein Abschluss","weiblich","1","","",""
"3","1992","Hauptschule","maennlich","9","0.0452806970757671","0.0218696315528683","0.0686917625986659"
"3","1992","Hauptschule","weiblich","10","","",""
"3","1992","Realschule","maennlich","6","0.0673515708806888","0.0209351204456523","0.113768021315725"
"3","1992","Realschule","weiblich","5","0.0252115477368734","0.00309464142317451","0.0473284540505724"
"3","1992","(Fach-)Abitur","maennlich","2","","",""
"3","1992","(Fach-)Abitur","weiblich","2","","",""
"3","1992","AkademikerIn","maennlich","1","","",""
"3","1992","AkademikerIn","weiblich","4","0.0829931062194448","0.0221597390860557","0.143826473352834"
"4","1992","(noch) kein Abschluss","maennlich","","","",""
"4","1992","(noch) kein Abschluss","weiblich","1","","",""
"4","1992","Hauptschule","maennlich","2","","",""
"4","1992","Hauptschule","weiblich","5","0.0135836530986361","0.00264277234534701","0.0245245338519252"
"4","1992","Realschule","maennlich","","","",""
"4","1992","Realschule","weiblich","2","","",""
"4","1992","(Fach-)Abitur","maennlich","","","",""
"4","1992","(Fach-)Abitur","weiblich","","","",""
"4","1992","AkademikerIn","maennlich","1","","",""
"4","1992","AkademikerIn","weiblich","","","",""
"5","1992","(noch) kein Abschluss","maennlich","","","",""
"5","1992","(noch) kein Abschluss","weiblich","","","",""
"5","1992","Hauptschule","maennlich","2","","",""
"5","1992","Hauptschule","weiblich","4","0.00712811813393472","-0.000823360812331016","0.0150795970802004"
"5","1992","Realschule","maennlich","","","",""
"5","1992","Realschule","weiblich","2","","",""
"5","1992","(Fach-)Abitur","maennlich","","","",""
"5","1992","(Fach-)Abitur","weiblich","","","",""
"5","1992","AkademikerIn","maennlich","","","",""
"5","1992","AkademikerIn","weiblich","1","","",""
"6","1992","(noch) kein Abschluss","maennlich","","","",""
"6","1992","(noch) kein Abschluss","weiblich","","","",""
"6","1992","Hauptschule","maennlich","2","","",""
"6","1992","Hauptschule","weiblich","","","",""
"6","1992","Realschule","maennlich","1","","",""
"6","1992","Realschule","weiblich","1","","",""
"6","1992","(Fach-)Abitur","maennlich","","","",""
"6","1992","(Fach-)Abitur","weiblich","","","",""
"6","1992","AkademikerIn","maennlich","","","",""
"6","1992","AkademikerIn","weiblich","","","",""
"7","1992","(noch) kein Abschluss","maennlich","1","","",""
"7","1992","(noch) kein Abschluss","weiblich","","","",""
"7","1992","Hauptschule","maennlich","5","0.0149573794176443","0.0012901009589053","0.0286246578763832"
"7","1992","Hauptschule","weiblich","","","",""
"7","1992","Realschule","maennlich","","","",""
"7","1992","Realschule","weiblich","","","",""
"7","1992","(Fach-)Abitur","maennlich","","","",""
"7","1992","(Fach-)Abitur","weiblich","","","",""
"7","1992","AkademikerIn","maennlich","1","","",""
"7","1992","AkademikerIn","weiblich","","","",""
"8","1992","(noch) kein Abschluss","maennlich","","","",""
"8","1992","(noch) kein Abschluss","weiblich","","","",""
"8","1992","Hauptschule","maennlich","","","",""
"8","1992","Hauptschule","weiblich","2","","",""
"8","1992","Realschule","maennlich","","","",""
"8","1992","Realschule","weiblich","","","",""
"8","1992","(Fach-)Abitur","maennlich","1","","",""
"8","1992","(Fach-)Abitur","weiblich","","","",""
"8","1992","AkademikerIn","maennlich","","","",""
"8","1992","AkademikerIn","weiblich","","","",""
"9","1992","(noch) kein Abschluss","maennlich","","","",""
"9","1992","(noch) kein Abschluss","weiblich","","","",""
"9","1992","Hauptschule","maennlich","","","",""
"9","1992","Hauptschule","weiblich","1","","",""
"9","1992","Realschule","maennlich","","","",""
"9","1992","Realschule","weiblich","","","",""
"9","1992","(Fach-)Abitur","maennlich","","","",""
"9","1992","(Fach-)Abitur","weiblich","","","",""
"9","1992","AkademikerIn","maennlich","","","",""
"9","1992","AkademikerIn","weiblich","","","",""
"10","1992","(noch) kein Abschluss","maennlich","","","",""
"10","1992","(noch) kein Abschluss","weiblich","","","",""
"10","1992","Hauptschule","maennlich","1","","",""
"10","1992","Hauptschule","weiblich","2","","",""
"10","1992","Realschule","maennlich","","","",""
"10","1992","Realschule","weiblich","1","","",""
"10","1992","(Fach-)Abitur","maennlich","","","",""
"10","1992","(Fach-)Abitur","weiblich","","","",""
"10","1992","AkademikerIn","maennlich","","","",""
"10","1992","AkademikerIn","weiblich","1","","",""
"11","1992","(noch) kein Abschluss","maennlich","","","",""
"11","1992","(noch) kein Abschluss","weiblich","","","",""
"11","1992","Hauptschule","maennlich","","","",""
"11","1992","Hauptschule","weiblich","","","",""
"11","1992","Realschule","maennlich","","","",""
"11","1992","Realschule","weiblich","","","",""
"11","1992","(Fach-)Abitur","maennlich","","","",""
"11","1992","(Fach-)Abitur","weiblich","","","",""
"11","1992","AkademikerIn","maennlich","","","",""
"11","1992","AkademikerIn","weiblich","","","",""
"12","1992","(noch) kein Abschluss","maennlich","","","",""
"12","1992","(noch) kein Abschluss","weiblich","","","",""
"12","1992","Hauptschule","maennlich","1","","",""
"12","1992","Hauptschule","weiblich","","","",""
"12","1992","Realschule","maennlich","","","",""
"12","1992","Realschule","weiblich","1","","",""
"12","1992","(Fach-)Abitur","maennlich","","","",""
"12","1992","(Fach-)Abitur","weiblich","","","",""
"12","1992","AkademikerIn","maennlich","","","",""
"12","1992","AkademikerIn","weiblich","","","",""
"13","1992","(noch) kein Abschluss","maennlich","","","",""
"13","1992","(noch) kein Abschluss","weiblich","","","",""
"13","1992","Hauptschule","maennlich","","","",""
"13","1992","Hauptschule","weiblich","","","",""
"13","1992","Realschule","maennlich","","","",""
"13","1992","Realschule","weiblich","","","",""
"13","1992","(Fach-)Abitur","maennlich","","","",""
"13","1992","(Fach-)Abitur","weiblich","","","",""
"13","1992","AkademikerIn","maennlich","","","",""
"13","1992","AkademikerIn","weiblich","","","",""
"14","1992","(noch) kein Abschluss","maennlich","","","",""
"14","1992","(noch) kein Abschluss","weiblich","","","",""
"14","1992","Hauptschule","maennlich","","","",""
"14","1992","Hauptschule","weiblich","","","",""
"14","1992","Realschule","maennlich","","","",""
"14","1992","Realschule","weiblich","","","",""
"14","1992","(Fach-)Abitur","maennlich","","","",""
"14","1992","(Fach-)Abitur","weiblich","","","",""
"14","1992","AkademikerIn","maennlich","","","",""
"14","1992","AkademikerIn","weiblich","","","",""
"15","1992","(noch) kein Abschluss","maennlich","","","",""
"15","1992","(noch) kein Abschluss","weiblich","","","",""
"15","1992","Hauptschule","maennlich","","","",""
"15","1992","Hauptschule","weiblich","","","",""
"15","1992","Realschule","maennlich","","","",""
"15","1992","Realschule","weiblich","","","",""
"15","1992","(Fach-)Abitur","maennlich","","","",""
"15","1992","(Fach-)Abitur","weiblich","","","",""
"15","1992","AkademikerIn","maennlich","","","",""
"15","1992","AkademikerIn","weiblich","","","",""
"16","1992","(noch) kein Abschluss","maennlich","","","",""
"16","1992","(noch) kein Abschluss","weiblich","","","",""
"16","1992","Hauptschule","maennlich","","","",""
"16","1992","Hauptschule","weiblich","","","",""
"16","1992","Realschule","maennlich","","","",""
"16","1992","Realschule","weiblich","","","",""
"16","1992","(Fach-)Abitur","maennlich","","","",""
"16","1992","(Fach-)Abitur","weiblich","","","",""
"16","1992","AkademikerIn","maennlich","","","",""
"16","1992","AkademikerIn","weiblich","","","",""
"17","1992","(noch) kein Abschluss","maennlich","","","",""
"17","1992","(noch) kein Abschluss","weiblich","","","",""
"17","1992","Hauptschule","maennlich","","","",""
"17","1992","Hauptschule","weiblich","","","",""
"17","1992","Realschule","maennlich","","","",""
"17","1992","Realschule","weiblich","","","",""
"17","1992","(Fach-)Abitur","maennlich","","","",""
"17","1992","(Fach-)Abitur","weiblich","","","",""
"17","1992","AkademikerIn","maennlich","","","",""
"17","1992","AkademikerIn","weiblich","","","",""
"18","1992","(noch) kein Abschluss","maennlich","","","",""
"18","1992","(noch) kein Abschluss","weiblich","","","",""
"18","1992","Hauptschule","maennlich","","","",""
"18","1992","Hauptschule","weiblich","","","",""
"18","1992","Realschule","maennlich","","","",""
"18","1992","Realschule","weiblich","","","",""
"18","1992","(Fach-)Abitur","maennlich","","","",""
"18","1992","(Fach-)Abitur","weiblich","","","",""
"18","1992","AkademikerIn","maennlich","","","",""
"18","1992","AkademikerIn","weiblich","","","",""
"19","1992","(noch) kein Abschluss","maennlich","","","",""
"19","1992","(noch) kein Abschluss","weiblich","","","",""
"19","1992","Hauptschule","maennlich","","","",""
"19","1992","Hauptschule","weiblich","","","",""
"19","1992","Realschule","maennlich","","","",""
"19","1992","Realschule","weiblich","","","",""
"19","1992","(Fach-)Abitur","maennlich","","","",""
"19","1992","(Fach-)Abitur","weiblich","","","",""
"19","1992","AkademikerIn","maennlich","","","",""
"19","1992","AkademikerIn","weiblich","","","",""
"20","1992","(noch) kein Abschluss","maennlich","","","",""
"20","1992","(noch) kein Abschluss","weiblich","","","",""
"20","1992","Hauptschule","maennlich","","","",""
"20","1992","Hauptschule","weiblich","","","",""
"20","1992","Realschule","maennlich","","","",""
"20","1992","Realschule","weiblich","","","",""
"20","1992","(Fach-)Abitur","maennlich","","","",""
"20","1992","(Fach-)Abitur","weiblich","","","",""
"20","1992","AkademikerIn","maennlich","","","",""
"20","1992","AkademikerIn","weiblich","","","",""
"21","1992","(noch) kein Abschluss","maennlich","","","",""
"21","1992","(noch) kein Abschluss","weiblich","","","",""
"21","1992","Hauptschule","maennlich","1","","",""
"21","1992","Hauptschule","weiblich","3","","",""
"21","1992","Realschule","maennlich","","","",""
"21","1992","Realschule","weiblich","","","",""
"21","1992","(Fach-)Abitur","maennlich","","","",""
"21","1992","(Fach-)Abitur","weiblich","","","",""
"21","1992","AkademikerIn","maennlich","","","",""
"21","1992","AkademikerIn","weiblich","","","",""
"22","1992","(noch) kein Abschluss","maennlich","","","",""
"22","1992","(noch) kein Abschluss","weiblich","","","",""
"22","1992","Hauptschule","maennlich","","","",""
"22","1992","Hauptschule","weiblich","","","",""
"22","1992","Realschule","maennlich","","","",""
"22","1992","Realschule","weiblich","","","",""
"22","1992","(Fach-)Abitur","maennlich","","","",""
"22","1992","(Fach-)Abitur","weiblich","","","",""
"22","1992","AkademikerIn","maennlich","","","",""
"22","1992","AkademikerIn","weiblich","","","",""
"23","1992","(noch) kein Abschluss","maennlich","","","",""
"23","1992","(noch) kein Abschluss","weiblich","","","",""
"23","1992","Hauptschule","maennlich","","","",""
"23","1992","Hauptschule","weiblich","","","",""
"23","1992","Realschule","maennlich","","","",""
"23","1992","Realschule","weiblich","","","",""
"23","1992","(Fach-)Abitur","maennlich","","","",""
"23","1992","(Fach-)Abitur","weiblich","","","",""
"23","1992","AkademikerIn","maennlich","","","",""
"23","1992","AkademikerIn","weiblich","","","",""
"24","1992","(noch) kein Abschluss","maennlich","","","",""
"24","1992","(noch) kein Abschluss","weiblich","","","",""
"24","1992","Hauptschule","maennlich","","","",""
"24","1992","Hauptschule","weiblich","","","",""
"24","1992","Realschule","maennlich","","","",""
"24","1992","Realschule","weiblich","","","",""
"24","1992","(Fach-)Abitur","maennlich","","","",""
"24","1992","(Fach-)Abitur","weiblich","","","",""
"24","1992","AkademikerIn","maennlich","","","",""
"24","1992","AkademikerIn","weiblich","","","",""
"25","1992","(noch) kein Abschluss","maennlich","","","",""
"25","1992","(noch) kein Abschluss","weiblich","","","",""
"25","1992","Hauptschule","maennlich","","","",""
"25","1992","Hauptschule","weiblich","","","",""
"25","1992","Realschule","maennlich","","","",""
"25","1992","Realschule","weiblich","","","",""
"25","1992","(Fach-)Abitur","maennlich","","","",""
"25","1992","(Fach-)Abitur","weiblich","","","",""
"25","1992","AkademikerIn","maennlich","","","",""
"25","1992","AkademikerIn","weiblich","","","",""
"26","1992","(noch) kein Abschluss","maennlich","","","",""
"26","1992","(noch) kein Abschluss","weiblich","","","",""
"26","1992","Hauptschule","maennlich","","","",""
"26","1992","Hauptschule","weiblich","","","",""
"26","1992","Realschule","maennlich","","","",""
"26","1992","Realschule","weiblich","","","",""
"26","1992","(Fach-)Abitur","maennlich","","","",""
"26","1992","(Fach-)Abitur","weiblich","","","",""
"26","1992","AkademikerIn","maennlich","","","",""
"26","1992","AkademikerIn","weiblich","","","",""
"27","1992","(noch) kein Abschluss","maennlich","","","",""
"27","1992","(noch) kein Abschluss","weiblich","","","",""
"27","1992","Hauptschule","maennlich","","","",""
"27","1992","Hauptschule","weiblich","","","",""
"27","1992","Realschule","maennlich","","","",""
"27","1992","Realschule","weiblich","","","",""
"27","1992","(Fach-)Abitur","maennlich","","","",""
"27","1992","(Fach-)Abitur","weiblich","","","",""
"27","1992","AkademikerIn","maennlich","","","",""
"27","1992","AkademikerIn","weiblich","","","",""
"28","1992","(noch) kein Abschluss","maennlich","","","",""
"28","1992","(noch) kein Abschluss","weiblich","","","",""
"28","1992","Hauptschule","maennlich","","","",""
"28","1992","Hauptschule","weiblich","","","",""
"28","1992","Realschule","maennlich","","","",""
"28","1992","Realschule","weiblich","","","",""
"28","1992","(Fach-)Abitur","maennlich","","","",""
"28","1992","(Fach-)Abitur","weiblich","","","",""
"28","1992","AkademikerIn","maennlich","","","",""
"28","1992","AkademikerIn","weiblich","","","",""
"30","1992","(noch) kein Abschluss","maennlich","","","",""
"30","1992","(noch) kein Abschluss","weiblich","","","",""
"30","1992","Hauptschule","maennlich","","","",""
"30","1992","Hauptschule","weiblich","","","",""
"30","1992","Realschule","maennlich","","","",""
"30","1992","Realschule","weiblich","","","",""
"30","1992","(Fach-)Abitur","maennlich","","","",""
"30","1992","(Fach-)Abitur","weiblich","","","",""
"30","1992","AkademikerIn","maennlich","","","",""
"30","1992","AkademikerIn","weiblich","1","","",""
"31","1992","(noch) kein Abschluss","maennlich","","","",""
"31","1992","(noch) kein Abschluss","weiblich","","","",""
"31","1992","Hauptschule","maennlich","","","",""
"31","1992","Hauptschule","weiblich","","","",""
"31","1992","Realschule","maennlich","","","",""
"31","1992","Realschule","weiblich","","","",""
"31","1992","(Fach-)Abitur","maennlich","","","",""
"31","1992","(Fach-)Abitur","weiblich","","","",""
"31","1992","AkademikerIn","maennlich","","","",""
"31","1992","AkademikerIn","weiblich","","","",""
"32","1992","(noch) kein Abschluss","maennlich","","","",""
"32","1992","(noch) kein Abschluss","weiblich","","","",""
"32","1992","Hauptschule","maennlich","","","",""
"32","1992","Hauptschule","weiblich","","","",""
"32","1992","Realschule","maennlich","","","",""
"32","1992","Realschule","weiblich","","","",""
"32","1992","(Fach-)Abitur","maennlich","","","",""
"32","1992","(Fach-)Abitur","weiblich","","","",""
"32","1992","AkademikerIn","maennlich","","","",""
"32","1992","AkademikerIn","weiblich","","","",""
"35","1992","(noch) kein Abschluss","maennlich","","","",""
"35","1992","(noch) kein Abschluss","weiblich","","","",""
"35","1992","Hauptschule","maennlich","","","",""
"35","1992","Hauptschule","weiblich","","","",""
"35","1992","Realschule","maennlich","","","",""
"35","1992","Realschule","weiblich","","","",""
"35","1992","(Fach-)Abitur","maennlich","","","",""
"35","1992","(Fach-)Abitur","weiblich","","","",""
"35","1992","AkademikerIn","maennlich","","","",""
"35","1992","AkademikerIn","weiblich","","","",""
"36","1992","(noch) kein Abschluss","maennlich","","","",""
"36","1992","(noch) kein Abschluss","weiblich","","","",""
"36","1992","Hauptschule","maennlich","","","",""
"36","1992","Hauptschule","weiblich","","","",""
"36","1992","Realschule","maennlich","","","",""
"36","1992","Realschule","weiblich","","","",""
"36","1992","(Fach-)Abitur","maennlich","","","",""
"36","1992","(Fach-)Abitur","weiblich","","","",""
"36","1992","AkademikerIn","maennlich","","","",""
"36","1992","AkademikerIn","weiblich","","","",""
"40","1992","(noch) kein Abschluss","maennlich","","","",""
"40","1992","(noch) kein Abschluss","weiblich","","","",""
"40","1992","Hauptschule","maennlich","","","",""
"40","1992","Hauptschule","weiblich","","","",""
"40","1992","Realschule","maennlich","","","",""
"40","1992","Realschule","weiblich","","","",""
"40","1992","(Fach-)Abitur","maennlich","","","",""
"40","1992","(Fach-)Abitur","weiblich","","","",""
"40","1992","AkademikerIn","maennlich","","","",""
"40","1992","AkademikerIn","weiblich","","","",""
"42","1992","(noch) kein Abschluss","maennlich","","","",""
"42","1992","(noch) kein Abschluss","weiblich","","","",""
"42","1992","Hauptschule","maennlich","","","",""
"42","1992","Hauptschule","weiblich","","","",""
"42","1992","Realschule","maennlich","","","",""
"42","1992","Realschule","weiblich","","","",""
"42","1992","(Fach-)Abitur","maennlich","","","",""
"42","1992","(Fach-)Abitur","weiblich","","","",""
"42","1992","AkademikerIn","maennlich","","","",""
"42","1992","AkademikerIn","weiblich","","","",""
"45","1992","(noch) kein Abschluss","maennlich","","","",""
"45","1992","(noch) kein Abschluss","weiblich","","","",""
"45","1992","Hauptschule","maennlich","","","",""
"45","1992","Hauptschule","weiblich","","","",""
"45","1992","Realschule","maennlich","","","",""
"45","1992","Realschule","weiblich","","","",""
"45","1992","(Fach-)Abitur","maennlich","","","",""
"45","1992","(Fach-)Abitur","weiblich","","","",""
"45","1992","AkademikerIn","maennlich","","","",""
"45","1992","AkademikerIn","weiblich","","","",""
"48","1992","(noch) kein Abschluss","maennlich","","","",""
"48","1992","(noch) kein Abschluss","weiblich","","","",""
"48","1992","Hauptschule","maennlich","","","",""
"48","1992","Hauptschule","weiblich","","","",""
"48","1992","Realschule","maennlich","","","",""
"48","1992","Realschule","weiblich","","","",""
"48","1992","(Fach-)Abitur","maennlich","","","",""
"48","1992","(Fach-)Abitur","weiblich","","","",""
"48","1992","AkademikerIn","maennlich","","","",""
"48","1992","AkademikerIn","weiblich","","","",""
"50","1992","(noch) kein Abschluss","maennlich","","","",""
"50","1992","(noch) kein Abschluss","weiblich","","","",""
"50","1992","Hauptschule","maennlich","","","",""
"50","1992","Hauptschule","weiblich","","","",""
"50","1992","Realschule","maennlich","","","",""
"50","1992","Realschule","weiblich","","","",""
"50","1992","(Fach-)Abitur","maennlich","","","",""
"50","1992","(Fach-)Abitur","weiblich","","","",""
"50","1992","AkademikerIn","maennlich","","","",""
"50","1992","AkademikerIn","weiblich","","","",""
"51","1992","(noch) kein Abschluss","maennlich","","","",""
"51","1992","(noch) kein Abschluss","weiblich","","","",""
"51","1992","Hauptschule","maennlich","","","",""
"51","1992","Hauptschule","weiblich","","","",""
"51","1992","Realschule","maennlich","","","",""
"51","1992","Realschule","weiblich","","","",""
"51","1992","(Fach-)Abitur","maennlich","","","",""
"51","1992","(Fach-)Abitur","weiblich","","","",""
"51","1992","AkademikerIn","maennlich","","","",""
"51","1992","AkademikerIn","weiblich","","","",""
"64","1992","(noch) kein Abschluss","maennlich","","","",""
"64","1992","(noch) kein Abschluss","weiblich","","","",""
"64","1992","Hauptschule","maennlich","","","",""
"64","1992","Hauptschule","weiblich","","","",""
"64","1992","Realschule","maennlich","","","",""
"64","1992","Realschule","weiblich","","","",""
"64","1992","(Fach-)Abitur","maennlich","","","",""
"64","1992","(Fach-)Abitur","weiblich","","","",""
"64","1992","AkademikerIn","maennlich","","","",""
"64","1992","AkademikerIn","weiblich","","","",""
"65","1992","(noch) kein Abschluss","maennlich","","","",""
"65","1992","(noch) kein Abschluss","weiblich","","","",""
"65","1992","Hauptschule","maennlich","","","",""
"65","1992","Hauptschule","weiblich","","","",""
"65","1992","Realschule","maennlich","","","",""
"65","1992","Realschule","weiblich","1","","",""
"65","1992","(Fach-)Abitur","maennlich","","","",""
"65","1992","(Fach-)Abitur","weiblich","","","",""
"65","1992","AkademikerIn","maennlich","","","",""
"65","1992","AkademikerIn","weiblich","","","",""
"90","1992","(noch) kein Abschluss","maennlich","","","",""
"90","1992","(noch) kein Abschluss","weiblich","","","",""
"90","1992","Hauptschule","maennlich","","","",""
"90","1992","Hauptschule","weiblich","","","",""
"90","1992","Realschule","maennlich","","","",""
"90","1992","Realschule","weiblich","","","",""
"90","1992","(Fach-)Abitur","maennlich","","","",""
"90","1992","(Fach-)Abitur","weiblich","","","",""
"90","1992","AkademikerIn","maennlich","","","",""
"90","1992","AkademikerIn","weiblich","","","",""
"98","1992","(noch) kein Abschluss","maennlich","","","",""
"98","1992","(noch) kein Abschluss","weiblich","","","",""
"98","1992","Hauptschule","maennlich","","","",""
"98","1992","Hauptschule","weiblich","","","",""
"98","1992","Realschule","maennlich","","","",""
"98","1992","Realschule","weiblich","","","",""
"98","1992","(Fach-)Abitur","maennlich","","","",""
"98","1992","(Fach-)Abitur","weiblich","","","",""
"98","1992","AkademikerIn","maennlich","","","",""
"98","1992","AkademikerIn","weiblich","","","",""
"100","1992","(noch) kein Abschluss","maennlich","","","",""
"100","1992","(noch) kein Abschluss","weiblich","","","",""
"100","1992","Hauptschule","maennlich","","","",""
"100","1992","Hauptschule","weiblich","","","",""
"100","1992","Realschule","maennlich","","","",""
"100","1992","Realschule","weiblich","","","",""
"100","1992","(Fach-)Abitur","maennlich","","","",""
"100","1992","(Fach-)Abitur","weiblich","","","",""
"100","1992","AkademikerIn","maennlich","","","",""
"100","1992","AkademikerIn","weiblich","","","",""
"0","1993","(noch) kein Abschluss","maennlich","","","",""
"0","1993","(noch) kein Abschluss","weiblich","","","",""
"0","1993","Hauptschule","maennlich","","","",""
"0","1993","Hauptschule","weiblich","","","",""
"0","1993","Realschule","maennlich","","","",""
"0","1993","Realschule","weiblich","","","",""
"0","1993","(Fach-)Abitur","maennlich","","","",""
"0","1993","(Fach-)Abitur","weiblich","","","",""
"0","1993","AkademikerIn","maennlich","","","",""
"0","1993","AkademikerIn","weiblich","","","",""
"1","1993","(noch) kein Abschluss","maennlich","","","",""
"1","1993","(noch) kein Abschluss","weiblich","","","",""
"1","1993","Hauptschule","maennlich","","","",""
"1","1993","Hauptschule","weiblich","","","",""
"1","1993","Realschule","maennlich","","","",""
"1","1993","Realschule","weiblich","","","",""
"1","1993","(Fach-)Abitur","maennlich","","","",""
"1","1993","(Fach-)Abitur","weiblich","","","",""
"1","1993","AkademikerIn","maennlich","","","",""
"1","1993","AkademikerIn","weiblich","","","",""
"2","1993","(noch) kein Abschluss","maennlich","","","",""
"2","1993","(noch) kein Abschluss","weiblich","","","",""
"2","1993","Hauptschule","maennlich","","","",""
"2","1993","Hauptschule","weiblich","","","",""
"2","1993","Realschule","maennlich","","","",""
"2","1993","Realschule","weiblich","","","",""
"2","1993","(Fach-)Abitur","maennlich","","","",""
"2","1993","(Fach-)Abitur","weiblich","","","",""
"2","1993","AkademikerIn","maennlich","","","",""
"2","1993","AkademikerIn","weiblich","","","",""
"3","1993","(noch) kein Abschluss","maennlich","","","",""
"3","1993","(noch) kein Abschluss","weiblich","","","",""
"3","1993","Hauptschule","maennlich","","","",""
"3","1993","Hauptschule","weiblich","","","",""
"3","1993","Realschule","maennlich","","","",""
"3","1993","Realschule","weiblich","","","",""
"3","1993","(Fach-)Abitur","maennlich","","","",""
"3","1993","(Fach-)Abitur","weiblich","","","",""
"3","1993","AkademikerIn","maennlich","","","",""
"3","1993","AkademikerIn","weiblich","","","",""
"4","1993","(noch) kein Abschluss","maennlich","","","",""
"4","1993","(noch) kein Abschluss","weiblich","","","",""
"4","1993","Hauptschule","maennlich","","","",""
"4","1993","Hauptschule","weiblich","","","",""
"4","1993","Realschule","maennlich","","","",""
"4","1993","Realschule","weiblich","","","",""
"4","1993","(Fach-)Abitur","maennlich","","","",""
"4","1993","(Fach-)Abitur","weiblich","","","",""
"4","1993","AkademikerIn","maennlich","","","",""
"4","1993","AkademikerIn","weiblich","","","",""
"5","1993","(noch) kein Abschluss","maennlich","","","",""
"5","1993","(noch) kein Abschluss","weiblich","","","",""
"5","1993","Hauptschule","maennlich","","","",""
"5","1993","Hauptschule","weiblich","","","",""
"5","1993","Realschule","maennlich","","","",""
"5","1993","Realschule","weiblich","","","",""
"5","1993","(Fach-)Abitur","maennlich","","","",""
"5","1993","(Fach-)Abitur","weiblich","","","",""
"5","1993","AkademikerIn","maennlich","","","",""
"5","1993","AkademikerIn","weiblich","","","",""
"6","1993","(noch) kein Abschluss","maennlich","","","",""
"6","1993","(noch) kein Abschluss","weiblich","","","",""
"6","1993","Hauptschule","maennlich","","","",""
"6","1993","Hauptschule","weiblich","","","",""
"6","1993","Realschule","maennlich","","","",""
"6","1993","Realschule","weiblich","","","",""
"6","1993","(Fach-)Abitur","maennlich","","","",""
"6","1993","(Fach-)Abitur","weiblich","","","",""
"6","1993","AkademikerIn","maennlich","","","",""
"6","1993","AkademikerIn","weiblich","","","",""
"7","1993","(noch) kein Abschluss","maennlich","","","",""
"7","1993","(noch) kein Abschluss","weiblich","","","",""
"7","1993","Hauptschule","maennlich","","","",""
"7","1993","Hauptschule","weiblich","","","",""
"7","1993","Realschule","maennlich","","","",""
"7","1993","Realschule","weiblich","","","",""
"7","1993","(Fach-)Abitur","maennlich","","","",""
"7","1993","(Fach-)Abitur","weiblich","","","",""
"7","1993","AkademikerIn","maennlich","","","",""
"7","1993","AkademikerIn","weiblich","","","",""
"8","1993","(noch) kein Abschluss","maennlich","","","",""
"8","1993","(noch) kein Abschluss","weiblich","","","",""
"8","1993","Hauptschule","maennlich","","","",""
"8","1993","Hauptschule","weiblich","","","",""
"8","1993","Realschule","maennlich","","","",""
"8","1993","Realschule","weiblich","","","",""
"8","1993","(Fach-)Abitur","maennlich","","","",""
"8","1993","(Fach-)Abitur","weiblich","","","",""
"8","1993","AkademikerIn","maennlich","","","",""
"8","1993","AkademikerIn","weiblich","","","",""
"9","1993","(noch) kein Abschluss","maennlich","","","",""
"9","1993","(noch) kein Abschluss","weiblich","","","",""
"9","1993","Hauptschule","maennlich","","","",""
"9","1993","Hauptschule","weiblich","","","",""
"9","1993","Realschule","maennlich","","","",""
"9","1993","Realschule","weiblich","","","",""
"9","1993","(Fach-)Abitur","maennlich","","","",""
"9","1993","(Fach-)Abitur","weiblich","","","",""
"9","1993","AkademikerIn","maennlich","","","",""
"9","1993","AkademikerIn","weiblich","","","",""
"10","1993","(noch) kein Abschluss","maennlich","","","",""
"10","1993","(noch) kein Abschluss","weiblich","","","",""
"10","1993","Hauptschule","maennlich","","","",""
"10","1993","Hauptschule","weiblich","","","",""
"10","1993","Realschule","maennlich","","","",""
"10","1993","Realschule","weiblich","","","",""
"10","1993","(Fach-)Abitur","maennlich","","","",""
"10","1993","(Fach-)Abitur","weiblich","","","",""
"10","1993","AkademikerIn","maennlich","","","",""
"10","1993","AkademikerIn","weiblich","","","",""
"11","1993","(noch) kein Abschluss","maennlich","","","",""
"11","1993","(noch) kein Abschluss","weiblich","","","",""
"11","1993","Hauptschule","maennlich","","","",""
"11","1993","Hauptschule","weiblich","","","",""
"11","1993","Realschule","maennlich","","","",""
"11","1993","Realschule","weiblich","","","",""
"11","1993","(Fach-)Abitur","maennlich","","","",""
"11","1993","(Fach-)Abitur","weiblich","","","",""
"11","1993","AkademikerIn","maennlich","","","",""
"11","1993","AkademikerIn","weiblich","","","",""
"12","1993","(noch) kein Abschluss","maennlich","","","",""
"12","1993","(noch) kein Abschluss","weiblich","","","",""
"12","1993","Hauptschule","maennlich","","","",""
"12","1993","Hauptschule","weiblich","","","",""
"12","1993","Realschule","maennlich","","","",""
"12","1993","Realschule","weiblich","","","",""
"12","1993","(Fach-)Abitur","maennlich","","","",""
"12","1993","(Fach-)Abitur","weiblich","","","",""
"12","1993","AkademikerIn","maennlich","","","",""
"12","1993","AkademikerIn","weiblich","","","",""
"13","1993","(noch) kein Abschluss","maennlich","","","",""
"13","1993","(noch) kein Abschluss","weiblich","","","",""
"13","1993","Hauptschule","maennlich","","","",""
"13","1993","Hauptschule","weiblich","","","",""
"13","1993","Realschule","maennlich","","","",""
"13","1993","Realschule","weiblich","","","",""
"13","1993","(Fach-)Abitur","maennlich","","","",""
"13","1993","(Fach-)Abitur","weiblich","","","",""
"13","1993","AkademikerIn","maennlich","","","",""
"13","1993","AkademikerIn","weiblich","","","",""
"14","1993","(noch) kein Abschluss","maennlich","","","",""
"14","1993","(noch) kein Abschluss","weiblich","","","",""
"14","1993","Hauptschule","maennlich","","","",""
"14","1993","Hauptschule","weiblich","","","",""
"14","1993","Realschule","maennlich","","","",""
"14","1993","Realschule","weiblich","","","",""
"14","1993","(Fach-)Abitur","maennlich","","","",""
"14","1993","(Fach-)Abitur","weiblich","","","",""
"14","1993","AkademikerIn","maennlich","","","",""
"14","1993","AkademikerIn","weiblich","","","",""
"15","1993","(noch) kein Abschluss","maennlich","","","",""
"15","1993","(noch) kein Abschluss","weiblich","","","",""
"15","1993","Hauptschule","maennlich","","","",""
"15","1993","Hauptschule","weiblich","","","",""
"15","1993","Realschule","maennlich","","","",""
"15","1993","Realschule","weiblich","","","",""
"15","1993","(Fach-)Abitur","maennlich","","","",""
"15","1993","(Fach-)Abitur","weiblich","","","",""
"15","1993","AkademikerIn","maennlich","","","",""
"15","1993","AkademikerIn","weiblich","","","",""
"16","1993","(noch) kein Abschluss","maennlich","","","",""
"16","1993","(noch) kein Abschluss","weiblich","","","",""
"16","1993","Hauptschule","maennlich","","","",""
"16","1993","Hauptschule","weiblich","","","",""
"16","1993","Realschule","maennlich","","","",""
"16","1993","Realschule","weiblich","","","",""
"16","1993","(Fach-)Abitur","maennlich","","","",""
"16","1993","(Fach-)Abitur","weiblich","","","",""
"16","1993","AkademikerIn","maennlich","","","",""
"16","1993","AkademikerIn","weiblich","","","",""
"17","1993","(noch) kein Abschluss","maennlich","","","",""
"17","1993","(noch) kein Abschluss","weiblich","","","",""
"17","1993","Hauptschule","maennlich","","","",""
"17","1993","Hauptschule","weiblich","","","",""
"17","1993","Realschule","maennlich","","","",""
"17","1993","Realschule","weiblich","","","",""
"17","1993","(Fach-)Abitur","maennlich","","","",""
"17","1993","(Fach-)Abitur","weiblich","","","",""
"17","1993","AkademikerIn","maennlich","","","",""
"17","1993","AkademikerIn","weiblich","","","",""
"18","1993","(noch) kein Abschluss","maennlich","","","",""
"18","1993","(noch) kein Abschluss","weiblich","","","",""
"18","1993","Hauptschule","maennlich","","","",""
"18","1993","Hauptschule","weiblich","","","",""
"18","1993","Realschule","maennlich","","","",""
"18","1993","Realschule","weiblich","","","",""
"18","1993","(Fach-)Abitur","maennlich","","","",""
"18","1993","(Fach-)Abitur","weiblich","","","",""
"18","1993","AkademikerIn","maennlich","","","",""
"18","1993","AkademikerIn","weiblich","","","",""
"19","1993","(noch) kein Abschluss","maennlich","","","",""
"19","1993","(noch) kein Abschluss","weiblich","","","",""
"19","1993","Hauptschule","maennlich","","","",""
"19","1993","Hauptschule","weiblich","","","",""
"19","1993","Realschule","maennlich","","","",""
"19","1993","Realschule","weiblich","","","",""
"19","1993","(Fach-)Abitur","maennlich","","","",""
"19","1993","(Fach-)Abitur","weiblich","","","",""
"19","1993","AkademikerIn","maennlich","","","",""
"19","1993","AkademikerIn","weiblich","","","",""
"20","1993","(noch) kein Abschluss","maennlich","","","",""
"20","1993","(noch) kein Abschluss","weiblich","","","",""
"20","1993","Hauptschule","maennlich","","","",""
"20","1993","Hauptschule","weiblich","","","",""
"20","1993","Realschule","maennlich","","","",""
"20","1993","Realschule","weiblich","","","",""
"20","1993","(Fach-)Abitur","maennlich","","","",""
"20","1993","(Fach-)Abitur","weiblich","","","",""
"20","1993","AkademikerIn","maennlich","","","",""
"20","1993","AkademikerIn","weiblich","","","",""
"21","1993","(noch) kein Abschluss","maennlich","","","",""
"21","1993","(noch) kein Abschluss","weiblich","","","",""
"21","1993","Hauptschule","maennlich","","","",""
"21","1993","Hauptschule","weiblich","","","",""
"21","1993","Realschule","maennlich","","","",""
"21","1993","Realschule","weiblich","","","",""
"21","1993","(Fach-)Abitur","maennlich","","","",""
"21","1993","(Fach-)Abitur","weiblich","","","",""
"21","1993","AkademikerIn","maennlich","","","",""
"21","1993","AkademikerIn","weiblich","","","",""
"22","1993","(noch) kein Abschluss","maennlich","","","",""
"22","1993","(noch) kein Abschluss","weiblich","","","",""
"22","1993","Hauptschule","maennlich","","","",""
"22","1993","Hauptschule","weiblich","","","",""
"22","1993","Realschule","maennlich","","","",""
"22","1993","Realschule","weiblich","","","",""
"22","1993","(Fach-)Abitur","maennlich","","","",""
"22","1993","(Fach-)Abitur","weiblich","","","",""
"22","1993","AkademikerIn","maennlich","","","",""
"22","1993","AkademikerIn","weiblich","","","",""
"23","1993","(noch) kein Abschluss","maennlich","","","",""
"23","1993","(noch) kein Abschluss","weiblich","","","",""
"23","1993","Hauptschule","maennlich","","","",""
"23","1993","Hauptschule","weiblich","","","",""
"23","1993","Realschule","maennlich","","","",""
"23","1993","Realschule","weiblich","","","",""
"23","1993","(Fach-)Abitur","maennlich","","","",""
"23","1993","(Fach-)Abitur","weiblich","","","",""
"23","1993","AkademikerIn","maennlich","","","",""
"23","1993","AkademikerIn","weiblich","","","",""
"24","1993","(noch) kein Abschluss","maennlich","","","",""
"24","1993","(noch) kein Abschluss","weiblich","","","",""
"24","1993","Hauptschule","maennlich","","","",""
"24","1993","Hauptschule","weiblich","","","",""
"24","1993","Realschule","maennlich","","","",""
"24","1993","Realschule","weiblich","","","",""
"24","1993","(Fach-)Abitur","maennlich","","","",""
"24","1993","(Fach-)Abitur","weiblich","","","",""
"24","1993","AkademikerIn","maennlich","","","",""
"24","1993","AkademikerIn","weiblich","","","",""
"25","1993","(noch) kein Abschluss","maennlich","","","",""
"25","1993","(noch) kein Abschluss","weiblich","","","",""
"25","1993","Hauptschule","maennlich","","","",""
"25","1993","Hauptschule","weiblich","","","",""
"25","1993","Realschule","maennlich","","","",""
"25","1993","Realschule","weiblich","","","",""
"25","1993","(Fach-)Abitur","maennlich","","","",""
"25","1993","(Fach-)Abitur","weiblich","","","",""
"25","1993","AkademikerIn","maennlich","","","",""
"25","1993","AkademikerIn","weiblich","","","",""
"26","1993","(noch) kein Abschluss","maennlich","","","",""
"26","1993","(noch) kein Abschluss","weiblich","","","",""
"26","1993","Hauptschule","maennlich","","","",""
"26","1993","Hauptschule","weiblich","","","",""
"26","1993","Realschule","maennlich","","","",""
"26","1993","Realschule","weiblich","","","",""
"26","1993","(Fach-)Abitur","maennlich","","","",""
"26","1993","(Fach-)Abitur","weiblich","","","",""
"26","1993","AkademikerIn","maennlich","","","",""
"26","1993","AkademikerIn","weiblich","","","",""
"27","1993","(noch) kein Abschluss","maennlich","","","",""
"27","1993","(noch) kein Abschluss","weiblich","","","",""
"27","1993","Hauptschule","maennlich","","","",""
"27","1993","Hauptschule","weiblich","","","",""
"27","1993","Realschule","maennlich","","","",""
"27","1993","Realschule","weiblich","","","",""
"27","1993","(Fach-)Abitur","maennlich","","","",""
"27","1993","(Fach-)Abitur","weiblich","","","",""
"27","1993","AkademikerIn","maennlich","","","",""
"27","1993","AkademikerIn","weiblich","","","",""
"28","1993","(noch) kein Abschluss","maennlich","","","",""
"28","1993","(noch) kein Abschluss","weiblich","","","",""
"28","1993","Hauptschule","maennlich","","","",""
"28","1993","Hauptschule","weiblich","","","",""
"28","1993","Realschule","maennlich","","","",""
"28","1993","Realschule","weiblich","","","",""
"28","1993","(Fach-)Abitur","maennlich","","","",""
"28","1993","(Fach-)Abitur","weiblich","","","",""
"28","1993","AkademikerIn","maennlich","","","",""
"28","1993","AkademikerIn","weiblich","","","",""
"30","1993","(noch) kein Abschluss","maennlich","","","",""
"30","1993","(noch) kein Abschluss","weiblich","","","",""
"30","1993","Hauptschule","maennlich","","","",""
"30","1993","Hauptschule","weiblich","","","",""
"30","1993","Realschule","maennlich","","","",""
"30","1993","Realschule","weiblich","","","",""
"30","1993","(Fach-)Abitur","maennlich","","","",""
"30","1993","(Fach-)Abitur","weiblich","","","",""
"30","1993","AkademikerIn","maennlich","","","",""
"30","1993","AkademikerIn","weiblich","","","",""
"31","1993","(noch) kein Abschluss","maennlich","","","",""
"31","1993","(noch) kein Abschluss","weiblich","","","",""
"31","1993","Hauptschule","maennlich","","","",""
"31","1993","Hauptschule","weiblich","","","",""
"31","1993","Realschule","maennlich","","","",""
"31","1993","Realschule","weiblich","","","",""
"31","1993","(Fach-)Abitur","maennlich","","","",""
"31","1993","(Fach-)Abitur","weiblich","","","",""
"31","1993","AkademikerIn","maennlich","","","",""
"31","1993","AkademikerIn","weiblich","","","",""
"32","1993","(noch) kein Abschluss","maennlich","","","",""
"32","1993","(noch) kein Abschluss","weiblich","","","",""
"32","1993","Hauptschule","maennlich","","","",""
"32","1993","Hauptschule","weiblich","","","",""
"32","1993","Realschule","maennlich","","","",""
"32","1993","Realschule","weiblich","","","",""
"32","1993","(Fach-)Abitur","maennlich","","","",""
"32","1993","(Fach-)Abitur","weiblich","","","",""
"32","1993","AkademikerIn","maennlich","","","",""
"32","1993","AkademikerIn","weiblich","","","",""
"35","1993","(noch) kein Abschluss","maennlich","","","",""
"35","1993","(noch) kein Abschluss","weiblich","","","",""
"35","1993","Hauptschule","maennlich","","","",""
"35","1993","Hauptschule","weiblich","","","",""
"35","1993","Realschule","maennlich","","","",""
"35","1993","Realschule","weiblich","","","",""
"35","1993","(Fach-)Abitur","maennlich","","","",""
"35","1993","(Fach-)Abitur","weiblich","","","",""
"35","1993","AkademikerIn","maennlich","","","",""
"35","1993","AkademikerIn","weiblich","","","",""
"36","1993","(noch) kein Abschluss","maennlich","","","",""
"36","1993","(noch) kein Abschluss","weiblich","","","",""
"36","1993","Hauptschule","maennlich","","","",""
"36","1993","Hauptschule","weiblich","","","",""
"36","1993","Realschule","maennlich","","","",""
"36","1993","Realschule","weiblich","","","",""
"36","1993","(Fach-)Abitur","maennlich","","","",""
"36","1993","(Fach-)Abitur","weiblich","","","",""
"36","1993","AkademikerIn","maennlich","","","",""
"36","1993","AkademikerIn","weiblich","","","",""
"40","1993","(noch) kein Abschluss","maennlich","","","",""
"40","1993","(noch) kein Abschluss","weiblich","","","",""
"40","1993","Hauptschule","maennlich","","","",""
"40","1993","Hauptschule","weiblich","","","",""
"40","1993","Realschule","maennlich","","","",""
"40","1993","Realschule","weiblich","","","",""
"40","1993","(Fach-)Abitur","maennlich","","","",""
"40","1993","(Fach-)Abitur","weiblich","","","",""
"40","1993","AkademikerIn","maennlich","","","",""
"40","1993","AkademikerIn","weiblich","","","",""
"42","1993","(noch) kein Abschluss","maennlich","","","",""
"42","1993","(noch) kein Abschluss","weiblich","","","",""
"42","1993","Hauptschule","maennlich","","","",""
"42","1993","Hauptschule","weiblich","","","",""
"42","1993","Realschule","maennlich","","","",""
"42","1993","Realschule","weiblich","","","",""
"42","1993","(Fach-)Abitur","maennlich","","","",""
"42","1993","(Fach-)Abitur","weiblich","","","",""
"42","1993","AkademikerIn","maennlich","","","",""
"42","1993","AkademikerIn","weiblich","","","",""
"45","1993","(noch) kein Abschluss","maennlich","","","",""
"45","1993","(noch) kein Abschluss","weiblich","","","",""
"45","1993","Hauptschule","maennlich","","","",""
"45","1993","Hauptschule","weiblich","","","",""
"45","1993","Realschule","maennlich","","","",""
"45","1993","Realschule","weiblich","","","",""
"45","1993","(Fach-)Abitur","maennlich","","","",""
"45","1993","(Fach-)Abitur","weiblich","","","",""
"45","1993","AkademikerIn","maennlich","","","",""
"45","1993","AkademikerIn","weiblich","","","",""
"48","1993","(noch) kein Abschluss","maennlich","","","",""
"48","1993","(noch) kein Abschluss","weiblich","","","",""
"48","1993","Hauptschule","maennlich","","","",""
"48","1993","Hauptschule","weiblich","","","",""
"48","1993","Realschule","maennlich","","","",""
"48","1993","Realschule","weiblich","","","",""
"48","1993","(Fach-)Abitur","maennlich","","","",""
"48","1993","(Fach-)Abitur","weiblich","","","",""
"48","1993","AkademikerIn","maennlich","","","",""
"48","1993","AkademikerIn","weiblich","","","",""
"50","1993","(noch) kein Abschluss","maennlich","","","",""
"50","1993","(noch) kein Abschluss","weiblich","","","",""
"50","1993","Hauptschule","maennlich","","","",""
"50","1993","Hauptschule","weiblich","","","",""
"50","1993","Realschule","maennlich","","","",""
"50","1993","Realschule","weiblich","","","",""
"50","1993","(Fach-)Abitur","maennlich","","","",""
"50","1993","(Fach-)Abitur","weiblich","","","",""
"50","1993","AkademikerIn","maennlich","","","",""
"50","1993","AkademikerIn","weiblich","","","",""
"51","1993","(noch) kein Abschluss","maennlich","","","",""
"51","1993","(noch) kein Abschluss","weiblich","","","",""
"51","1993","Hauptschule","maennlich","","","",""
"51","1993","Hauptschule","weiblich","","","",""
"51","1993","Realschule","maennlich","","","",""
"51","1993","Realschule","weiblich","","","",""
"51","1993","(Fach-)Abitur","maennlich","","","",""
"51","1993","(Fach-)Abitur","weiblich","","","",""
"51","1993","AkademikerIn","maennlich","","","",""
"51","1993","AkademikerIn","weiblich","","","",""
"64","1993","(noch) kein Abschluss","maennlich","","","",""
"64","1993","(noch) kein Abschluss","weiblich","","","",""
"64","1993","Hauptschule","maennlich","","","",""
"64","1993","Hauptschule","weiblich","","","",""
"64","1993","Realschule","maennlich","","","",""
"64","1993","Realschule","weiblich","","","",""
"64","1993","(Fach-)Abitur","maennlich","","","",""
"64","1993","(Fach-)Abitur","weiblich","","","",""
"64","1993","AkademikerIn","maennlich","","","",""
"64","1993","AkademikerIn","weiblich","","","",""
"65","1993","(noch) kein Abschluss","maennlich","","","",""
"65","1993","(noch) kein Abschluss","weiblich","","","",""
"65","1993","Hauptschule","maennlich","","","",""
"65","1993","Hauptschule","weiblich","","","",""
"65","1993","Realschule","maennlich","","","",""
"65","1993","Realschule","weiblich","","","",""
"65","1993","(Fach-)Abitur","maennlich","","","",""
"65","1993","(Fach-)Abitur","weiblich","","","",""
"65","1993","AkademikerIn","maennlich","","","",""
"65","1993","AkademikerIn","weiblich","","","",""
"90","1993","(noch) kein Abschluss","maennlich","","","",""
"90","1993","(noch) kein Abschluss","weiblich","","","",""
"90","1993","Hauptschule","maennlich","","","",""
"90","1993","Hauptschule","weiblich","","","",""
"90","1993","Realschule","maennlich","","","",""
"90","1993","Realschule","weiblich","","","",""
"90","1993","(Fach-)Abitur","maennlich","","","",""
"90","1993","(Fach-)Abitur","weiblich","","","",""
"90","1993","AkademikerIn","maennlich","","","",""
"90","1993","AkademikerIn","weiblich","","","",""
"98","1993","(noch) kein Abschluss","maennlich","","","",""
"98","1993","(noch) kein Abschluss","weiblich","","","",""
"98","1993","Hauptschule","maennlich","","","",""
"98","1993","Hauptschule","weiblich","","","",""
"98","1993","Realschule","maennlich","","","",""
"98","1993","Realschule","weiblich","","","",""
"98","1993","(Fach-)Abitur","maennlich","","","",""
"98","1993","(Fach-)Abitur","weiblich","","","",""
"98","1993","AkademikerIn","maennlich","","","",""
"98","1993","AkademikerIn","weiblich","","","",""
"100","1993","(noch) kein Abschluss","maennlich","","","",""
"100","1993","(noch) kein Abschluss","weiblich","","","",""
"100","1993","Hauptschule","maennlich","","","",""
"100","1993","Hauptschule","weiblich","","","",""
"100","1993","Realschule","maennlich","","","",""
"100","1993","Realschule","weiblich","","","",""
"100","1993","(Fach-)Abitur","maennlich","","","",""
"100","1993","(Fach-)Abitur","weiblich","","","",""
"100","1993","AkademikerIn","maennlich","","","",""
"100","1993","AkademikerIn","weiblich","","","",""
"0","1994","(noch) kein Abschluss","maennlich","","","",""
"0","1994","(noch) kein Abschluss","weiblich","","","",""
"0","1994","Hauptschule","maennlich","","","",""
"0","1994","Hauptschule","weiblich","","","",""
"0","1994","Realschule","maennlich","","","",""
"0","1994","Realschule","weiblich","","","",""
"0","1994","(Fach-)Abitur","maennlich","","","",""
"0","1994","(Fach-)Abitur","weiblich","","","",""
"0","1994","AkademikerIn","maennlich","","","",""
"0","1994","AkademikerIn","weiblich","","","",""
"1","1994","(noch) kein Abschluss","maennlich","30","0.948355423897893","0.872848105670906","1.02386274212488"
"1","1994","(noch) kein Abschluss","weiblich","48","0.782390572926899","0.673342648571923","0.891438497281875"
"1","1994","Hauptschule","maennlich","233","","",""
"1","1994","Hauptschule","weiblich","352","0.783011897029926","0.744714414440812","0.821309379619039"
"1","1994","Realschule","maennlich","71","0.774645997740472","0.68972973049042","0.859562264990525"
"1","1994","Realschule","weiblich","172","","",""
"1","1994","(Fach-)Abitur","maennlich","22","","",""
"1","1994","(Fach-)Abitur","weiblich","43","0.819767822227484","0.717246827835532","0.922288816619436"
"1","1994","AkademikerIn","maennlich","51","0.817576818389111","0.721447349313049","0.913706287465173"
"1","1994","AkademikerIn","weiblich","63","0.75039001222278","0.655553057623653","0.845226966821907"
"2","1994","(noch) kein Abschluss","maennlich","1","","",""
"2","1994","(noch) kein Abschluss","weiblich","6","0.114761163941941","0.0305258017271628","0.198996526156719"
"2","1994","Hauptschule","maennlich","41","0.127946773330553","0.0900851995217895","0.165808347139317"
"2","1994","Hauptschule","weiblich","60","0.136288787213949","0.104411421286255","0.168166153141643"
"2","1994","Realschule","maennlich","14","","",""
"2","1994","Realschule","weiblich","26","","",""
"2","1994","(Fach-)Abitur","maennlich","6","0.257322328344794","0.0982157955310209","0.416428861158568"
"2","1994","(Fach-)Abitur","weiblich","9","0.151993627506159","0.0562381868770531","0.247749068135266"
"2","1994","AkademikerIn","maennlich","7","0.128237402732452","0.0450114608435479","0.211463344621357"
"2","1994","AkademikerIn","weiblich","11","","",""
"3","1994","(noch) kein Abschluss","maennlich","2","","",""
"3","1994","(noch) kein Abschluss","weiblich","","","",""
"3","1994","Hauptschule","maennlich","10","","",""
"3","1994","Hauptschule","weiblich","16","","",""
"3","1994","Realschule","maennlich","3","","",""
"3","1994","Realschule","weiblich","6","0.0274281846954507","0.00539048625987749","0.0494658831310238"
"3","1994","(Fach-)Abitur","maennlich","1","","",""
"3","1994","(Fach-)Abitur","weiblich","1","","",""
"3","1994","AkademikerIn","maennlich","1","","",""
"3","1994","AkademikerIn","weiblich","2","","",""
"4","1994","(noch) kein Abschluss","maennlich","","","",""
"4","1994","(noch) kein Abschluss","weiblich","","","",""
"4","1994","Hauptschule","maennlich","9","0.0372568688869821","0.0157898920365895","0.0587238457373748"
"4","1994","Hauptschule","weiblich","3","","",""
"4","1994","Realschule","maennlich","3","","",""
"4","1994","Realschule","weiblich","1","","",""
"4","1994","(Fach-)Abitur","maennlich","","","",""
"4","1994","(Fach-)Abitur","weiblich","","","",""
"4","1994","AkademikerIn","maennlich","1","","",""
"4","1994","AkademikerIn","weiblich","1","","",""
"5","1994","(noch) kein Abschluss","maennlich","","","",""
"5","1994","(noch) kein Abschluss","weiblich","","","",""
"5","1994","Hauptschule","maennlich","2","","",""
"5","1994","Hauptschule","weiblich","1","","",""
"5","1994","Realschule","maennlich","","","",""
"5","1994","Realschule","weiblich","1","","",""
"5","1994","(Fach-)Abitur","maennlich","","","",""
"5","1994","(Fach-)Abitur","weiblich","1","","",""
"5","1994","AkademikerIn","maennlich","1","","",""
"5","1994","AkademikerIn","weiblich","1","","",""
"6","1994","(noch) kein Abschluss","maennlich","","","",""
"6","1994","(noch) kein Abschluss","weiblich","1","","",""
"6","1994","Hauptschule","maennlich","","","",""
"6","1994","Hauptschule","weiblich","2","","",""
"6","1994","Realschule","maennlich","1","","",""
"6","1994","Realschule","weiblich","3","","",""
"6","1994","(Fach-)Abitur","maennlich","","","",""
"6","1994","(Fach-)Abitur","weiblich","","","",""
"6","1994","AkademikerIn","maennlich","","","",""
"6","1994","AkademikerIn","weiblich","","","",""
"7","1994","(noch) kein Abschluss","maennlich","","","",""
"7","1994","(noch) kein Abschluss","weiblich","","","",""
"7","1994","Hauptschule","maennlich","","","",""
"7","1994","Hauptschule","weiblich","2","","",""
"7","1994","Realschule","maennlich","","","",""
"7","1994","Realschule","weiblich","1","","",""
"7","1994","(Fach-)Abitur","maennlich","","","",""
"7","1994","(Fach-)Abitur","weiblich","","","",""
"7","1994","AkademikerIn","maennlich","","","",""
"7","1994","AkademikerIn","weiblich","1","","",""
"8","1994","(noch) kein Abschluss","maennlich","","","",""
"8","1994","(noch) kein Abschluss","weiblich","","","",""
"8","1994","Hauptschule","maennlich","1","","",""
"8","1994","Hauptschule","weiblich","3","","",""
"8","1994","Realschule","maennlich","","","",""
"8","1994","Realschule","weiblich","","","",""
"8","1994","(Fach-)Abitur","maennlich","","","",""
"8","1994","(Fach-)Abitur","weiblich","","","",""
"8","1994","AkademikerIn","maennlich","","","",""
"8","1994","AkademikerIn","weiblich","","","",""
"9","1994","(noch) kein Abschluss","maennlich","","","",""
"9","1994","(noch) kein Abschluss","weiblich","","","",""
"9","1994","Hauptschule","maennlich","","","",""
"9","1994","Hauptschule","weiblich","","","",""
"9","1994","Realschule","maennlich","","","",""
"9","1994","Realschule","weiblich","","","",""
"9","1994","(Fach-)Abitur","maennlich","","","",""
"9","1994","(Fach-)Abitur","weiblich","","","",""
"9","1994","AkademikerIn","maennlich","","","",""
"9","1994","AkademikerIn","weiblich","","","",""
"10","1994","(noch) kein Abschluss","maennlich","","","",""
"10","1994","(noch) kein Abschluss","weiblich","","","",""
"10","1994","Hauptschule","maennlich","","","",""
"10","1994","Hauptschule","weiblich","3","","",""
"10","1994","Realschule","maennlich","","","",""
"10","1994","Realschule","weiblich","","","",""
"10","1994","(Fach-)Abitur","maennlich","","","",""
"10","1994","(Fach-)Abitur","weiblich","","","",""
"10","1994","AkademikerIn","maennlich","","","",""
"10","1994","AkademikerIn","weiblich","","","",""
"11","1994","(noch) kein Abschluss","maennlich","","","",""
"11","1994","(noch) kein Abschluss","weiblich","","","",""
"11","1994","Hauptschule","maennlich","","","",""
"11","1994","Hauptschule","weiblich","","","",""
"11","1994","Realschule","maennlich","","","",""
"11","1994","Realschule","weiblich","","","",""
"11","1994","(Fach-)Abitur","maennlich","","","",""
"11","1994","(Fach-)Abitur","weiblich","","","",""
"11","1994","AkademikerIn","maennlich","","","",""
"11","1994","AkademikerIn","weiblich","","","",""
"12","1994","(noch) kein Abschluss","maennlich","","","",""
"12","1994","(noch) kein Abschluss","weiblich","","","",""
"12","1994","Hauptschule","maennlich","","","",""
"12","1994","Hauptschule","weiblich","","","",""
"12","1994","Realschule","maennlich","1","","",""
"12","1994","Realschule","weiblich","","","",""
"12","1994","(Fach-)Abitur","maennlich","","","",""
"12","1994","(Fach-)Abitur","weiblich","","","",""
"12","1994","AkademikerIn","maennlich","","","",""
"12","1994","AkademikerIn","weiblich","","","",""
"13","1994","(noch) kein Abschluss","maennlich","","","",""
"13","1994","(noch) kein Abschluss","weiblich","","","",""
"13","1994","Hauptschule","maennlich","","","",""
"13","1994","Hauptschule","weiblich","","","",""
"13","1994","Realschule","maennlich","","","",""
"13","1994","Realschule","weiblich","1","","",""
"13","1994","(Fach-)Abitur","maennlich","","","",""
"13","1994","(Fach-)Abitur","weiblich","","","",""
"13","1994","AkademikerIn","maennlich","","","",""
"13","1994","AkademikerIn","weiblich","","","",""
"14","1994","(noch) kein Abschluss","maennlich","","","",""
"14","1994","(noch) kein Abschluss","weiblich","","","",""
"14","1994","Hauptschule","maennlich","1","","",""
"14","1994","Hauptschule","weiblich","1","","",""
"14","1994","Realschule","maennlich","","","",""
"14","1994","Realschule","weiblich","","","",""
"14","1994","(Fach-)Abitur","maennlich","","","",""
"14","1994","(Fach-)Abitur","weiblich","","","",""
"14","1994","AkademikerIn","maennlich","1","","",""
"14","1994","AkademikerIn","weiblich","","","",""
"15","1994","(noch) kein Abschluss","maennlich","","","",""
"15","1994","(noch) kein Abschluss","weiblich","","","",""
"15","1994","Hauptschule","maennlich","","","",""
"15","1994","Hauptschule","weiblich","1","","",""
"15","1994","Realschule","maennlich","","","",""
"15","1994","Realschule","weiblich","","","",""
"15","1994","(Fach-)Abitur","maennlich","","","",""
"15","1994","(Fach-)Abitur","weiblich","","","",""
"15","1994","AkademikerIn","maennlich","","","",""
"15","1994","AkademikerIn","weiblich","","","",""
"16","1994","(noch) kein Abschluss","maennlich","","","",""
"16","1994","(noch) kein Abschluss","weiblich","","","",""
"16","1994","Hauptschule","maennlich","1","","",""
"16","1994","Hauptschule","weiblich","","","",""
"16","1994","Realschule","maennlich","","","",""
"16","1994","Realschule","weiblich","","","",""
"16","1994","(Fach-)Abitur","maennlich","","","",""
"16","1994","(Fach-)Abitur","weiblich","","","",""
"16","1994","AkademikerIn","maennlich","","","",""
"16","1994","AkademikerIn","weiblich","","","",""
"17","1994","(noch) kein Abschluss","maennlich","","","",""
"17","1994","(noch) kein Abschluss","weiblich","","","",""
"17","1994","Hauptschule","maennlich","","","",""
"17","1994","Hauptschule","weiblich","","","",""
"17","1994","Realschule","maennlich","","","",""
"17","1994","Realschule","weiblich","","","",""
"17","1994","(Fach-)Abitur","maennlich","","","",""
"17","1994","(Fach-)Abitur","weiblich","","","",""
"17","1994","AkademikerIn","maennlich","","","",""
"17","1994","AkademikerIn","weiblich","","","",""
"18","1994","(noch) kein Abschluss","maennlich","","","",""
"18","1994","(noch) kein Abschluss","weiblich","","","",""
"18","1994","Hauptschule","maennlich","","","",""
"18","1994","Hauptschule","weiblich","","","",""
"18","1994","Realschule","maennlich","","","",""
"18","1994","Realschule","weiblich","","","",""
"18","1994","(Fach-)Abitur","maennlich","","","",""
"18","1994","(Fach-)Abitur","weiblich","","","",""
"18","1994","AkademikerIn","maennlich","","","",""
"18","1994","AkademikerIn","weiblich","","","",""
"19","1994","(noch) kein Abschluss","maennlich","","","",""
"19","1994","(noch) kein Abschluss","weiblich","","","",""
"19","1994","Hauptschule","maennlich","","","",""
"19","1994","Hauptschule","weiblich","","","",""
"19","1994","Realschule","maennlich","","","",""
"19","1994","Realschule","weiblich","","","",""
"19","1994","(Fach-)Abitur","maennlich","","","",""
"19","1994","(Fach-)Abitur","weiblich","","","",""
"19","1994","AkademikerIn","maennlich","","","",""
"19","1994","AkademikerIn","weiblich","","","",""
"20","1994","(noch) kein Abschluss","maennlich","","","",""
"20","1994","(noch) kein Abschluss","weiblich","","","",""
"20","1994","Hauptschule","maennlich","","","",""
"20","1994","Hauptschule","weiblich","","","",""
"20","1994","Realschule","maennlich","","","",""
"20","1994","Realschule","weiblich","","","",""
"20","1994","(Fach-)Abitur","maennlich","","","",""
"20","1994","(Fach-)Abitur","weiblich","","","",""
"20","1994","AkademikerIn","maennlich","","","",""
"20","1994","AkademikerIn","weiblich","","","",""
"21","1994","(noch) kein Abschluss","maennlich","","","",""
"21","1994","(noch) kein Abschluss","weiblich","","","",""
"21","1994","Hauptschule","maennlich","","","",""
"21","1994","Hauptschule","weiblich","1","","",""
"21","1994","Realschule","maennlich","","","",""
"21","1994","Realschule","weiblich","","","",""
"21","1994","(Fach-)Abitur","maennlich","","","",""
"21","1994","(Fach-)Abitur","weiblich","","","",""
"21","1994","AkademikerIn","maennlich","","","",""
"21","1994","AkademikerIn","weiblich","1","","",""
"22","1994","(noch) kein Abschluss","maennlich","","","",""
"22","1994","(noch) kein Abschluss","weiblich","","","",""
"22","1994","Hauptschule","maennlich","","","",""
"22","1994","Hauptschule","weiblich","","","",""
"22","1994","Realschule","maennlich","","","",""
"22","1994","Realschule","weiblich","","","",""
"22","1994","(Fach-)Abitur","maennlich","","","",""
"22","1994","(Fach-)Abitur","weiblich","","","",""
"22","1994","AkademikerIn","maennlich","","","",""
"22","1994","AkademikerIn","weiblich","","","",""
"23","1994","(noch) kein Abschluss","maennlich","","","",""
"23","1994","(noch) kein Abschluss","weiblich","","","",""
"23","1994","Hauptschule","maennlich","","","",""
"23","1994","Hauptschule","weiblich","","","",""
"23","1994","Realschule","maennlich","","","",""
"23","1994","Realschule","weiblich","","","",""
"23","1994","(Fach-)Abitur","maennlich","","","",""
"23","1994","(Fach-)Abitur","weiblich","","","",""
"23","1994","AkademikerIn","maennlich","","","",""
"23","1994","AkademikerIn","weiblich","","","",""
"24","1994","(noch) kein Abschluss","maennlich","","","",""
"24","1994","(noch) kein Abschluss","weiblich","","","",""
"24","1994","Hauptschule","maennlich","","","",""
"24","1994","Hauptschule","weiblich","","","",""
"24","1994","Realschule","maennlich","","","",""
"24","1994","Realschule","weiblich","","","",""
"24","1994","(Fach-)Abitur","maennlich","","","",""
"24","1994","(Fach-)Abitur","weiblich","","","",""
"24","1994","AkademikerIn","maennlich","","","",""
"24","1994","AkademikerIn","weiblich","","","",""
"25","1994","(noch) kein Abschluss","maennlich","","","",""
"25","1994","(noch) kein Abschluss","weiblich","","","",""
"25","1994","Hauptschule","maennlich","","","",""
"25","1994","Hauptschule","weiblich","","","",""
"25","1994","Realschule","maennlich","","","",""
"25","1994","Realschule","weiblich","","","",""
"25","1994","(Fach-)Abitur","maennlich","","","",""
"25","1994","(Fach-)Abitur","weiblich","","","",""
"25","1994","AkademikerIn","maennlich","","","",""
"25","1994","AkademikerIn","weiblich","","","",""
"26","1994","(noch) kein Abschluss","maennlich","","","",""
"26","1994","(noch) kein Abschluss","weiblich","","","",""
"26","1994","Hauptschule","maennlich","","","",""
"26","1994","Hauptschule","weiblich","","","",""
"26","1994","Realschule","maennlich","","","",""
"26","1994","Realschule","weiblich","","","",""
"26","1994","(Fach-)Abitur","maennlich","","","",""
"26","1994","(Fach-)Abitur","weiblich","","","",""
"26","1994","AkademikerIn","maennlich","","","",""
"26","1994","AkademikerIn","weiblich","","","",""
"27","1994","(noch) kein Abschluss","maennlich","","","",""
"27","1994","(noch) kein Abschluss","weiblich","","","",""
"27","1994","Hauptschule","maennlich","","","",""
"27","1994","Hauptschule","weiblich","","","",""
"27","1994","Realschule","maennlich","","","",""
"27","1994","Realschule","weiblich","","","",""
"27","1994","(Fach-)Abitur","maennlich","","","",""
"27","1994","(Fach-)Abitur","weiblich","","","",""
"27","1994","AkademikerIn","maennlich","","","",""
"27","1994","AkademikerIn","weiblich","","","",""
"28","1994","(noch) kein Abschluss","maennlich","","","",""
"28","1994","(noch) kein Abschluss","weiblich","","","",""
"28","1994","Hauptschule","maennlich","","","",""
"28","1994","Hauptschule","weiblich","","","",""
"28","1994","Realschule","maennlich","","","",""
"28","1994","Realschule","weiblich","","","",""
"28","1994","(Fach-)Abitur","maennlich","","","",""
"28","1994","(Fach-)Abitur","weiblich","","","",""
"28","1994","AkademikerIn","maennlich","","","",""
"28","1994","AkademikerIn","weiblich","","","",""
"30","1994","(noch) kein Abschluss","maennlich","","","",""
"30","1994","(noch) kein Abschluss","weiblich","","","",""
"30","1994","Hauptschule","maennlich","","","",""
"30","1994","Hauptschule","weiblich","","","",""
"30","1994","Realschule","maennlich","","","",""
"30","1994","Realschule","weiblich","","","",""
"30","1994","(Fach-)Abitur","maennlich","","","",""
"30","1994","(Fach-)Abitur","weiblich","","","",""
"30","1994","AkademikerIn","maennlich","","","",""
"30","1994","AkademikerIn","weiblich","","","",""
"31","1994","(noch) kein Abschluss","maennlich","","","",""
"31","1994","(noch) kein Abschluss","weiblich","","","",""
"31","1994","Hauptschule","maennlich","","","",""
"31","1994","Hauptschule","weiblich","","","",""
"31","1994","Realschule","maennlich","","","",""
"31","1994","Realschule","weiblich","","","",""
"31","1994","(Fach-)Abitur","maennlich","","","",""
"31","1994","(Fach-)Abitur","weiblich","","","",""
"31","1994","AkademikerIn","maennlich","","","",""
"31","1994","AkademikerIn","weiblich","","","",""
"32","1994","(noch) kein Abschluss","maennlich","","","",""
"32","1994","(noch) kein Abschluss","weiblich","","","",""
"32","1994","Hauptschule","maennlich","","","",""
"32","1994","Hauptschule","weiblich","","","",""
"32","1994","Realschule","maennlich","","","",""
"32","1994","Realschule","weiblich","","","",""
"32","1994","(Fach-)Abitur","maennlich","","","",""
"32","1994","(Fach-)Abitur","weiblich","","","",""
"32","1994","AkademikerIn","maennlich","","","",""
"32","1994","AkademikerIn","weiblich","","","",""
"35","1994","(noch) kein Abschluss","maennlich","","","",""
"35","1994","(noch) kein Abschluss","weiblich","","","",""
"35","1994","Hauptschule","maennlich","","","",""
"35","1994","Hauptschule","weiblich","","","",""
"35","1994","Realschule","maennlich","","","",""
"35","1994","Realschule","weiblich","","","",""
"35","1994","(Fach-)Abitur","maennlich","","","",""
"35","1994","(Fach-)Abitur","weiblich","","","",""
"35","1994","AkademikerIn","maennlich","","","",""
"35","1994","AkademikerIn","weiblich","","","",""
"36","1994","(noch) kein Abschluss","maennlich","","","",""
"36","1994","(noch) kein Abschluss","weiblich","","","",""
"36","1994","Hauptschule","maennlich","","","",""
"36","1994","Hauptschule","weiblich","","","",""
"36","1994","Realschule","maennlich","","","",""
"36","1994","Realschule","weiblich","","","",""
"36","1994","(Fach-)Abitur","maennlich","","","",""
"36","1994","(Fach-)Abitur","weiblich","","","",""
"36","1994","AkademikerIn","maennlich","","","",""
"36","1994","AkademikerIn","weiblich","","","",""
"40","1994","(noch) kein Abschluss","maennlich","","","",""
"40","1994","(noch) kein Abschluss","weiblich","","","",""
"40","1994","Hauptschule","maennlich","","","",""
"40","1994","Hauptschule","weiblich","","","",""
"40","1994","Realschule","maennlich","","","",""
"40","1994","Realschule","weiblich","","","",""
"40","1994","(Fach-)Abitur","maennlich","","","",""
"40","1994","(Fach-)Abitur","weiblich","","","",""
"40","1994","AkademikerIn","maennlich","","","",""
"40","1994","AkademikerIn","weiblich","","","",""
"42","1994","(noch) kein Abschluss","maennlich","","","",""
"42","1994","(noch) kein Abschluss","weiblich","","","",""
"42","1994","Hauptschule","maennlich","","","",""
"42","1994","Hauptschule","weiblich","","","",""
"42","1994","Realschule","maennlich","","","",""
"42","1994","Realschule","weiblich","","","",""
"42","1994","(Fach-)Abitur","maennlich","","","",""
"42","1994","(Fach-)Abitur","weiblich","","","",""
"42","1994","AkademikerIn","maennlich","","","",""
"42","1994","AkademikerIn","weiblich","","","",""
"45","1994","(noch) kein Abschluss","maennlich","","","",""
"45","1994","(noch) kein Abschluss","weiblich","","","",""
"45","1994","Hauptschule","maennlich","","","",""
"45","1994","Hauptschule","weiblich","","","",""
"45","1994","Realschule","maennlich","","","",""
"45","1994","Realschule","weiblich","","","",""
"45","1994","(Fach-)Abitur","maennlich","","","",""
"45","1994","(Fach-)Abitur","weiblich","","","",""
"45","1994","AkademikerIn","maennlich","","","",""
"45","1994","AkademikerIn","weiblich","","","",""
"48","1994","(noch) kein Abschluss","maennlich","","","",""
"48","1994","(noch) kein Abschluss","weiblich","","","",""
"48","1994","Hauptschule","maennlich","","","",""
"48","1994","Hauptschule","weiblich","","","",""
"48","1994","Realschule","maennlich","","","",""
"48","1994","Realschule","weiblich","","","",""
"48","1994","(Fach-)Abitur","maennlich","","","",""
"48","1994","(Fach-)Abitur","weiblich","","","",""
"48","1994","AkademikerIn","maennlich","","","",""
"48","1994","AkademikerIn","weiblich","","","",""
"50","1994","(noch) kein Abschluss","maennlich","","","",""
"50","1994","(noch) kein Abschluss","weiblich","","","",""
"50","1994","Hauptschule","maennlich","1","","",""
"50","1994","Hauptschule","weiblich","","","",""
"50","1994","Realschule","maennlich","","","",""
"50","1994","Realschule","weiblich","","","",""
"50","1994","(Fach-)Abitur","maennlich","","","",""
"50","1994","(Fach-)Abitur","weiblich","","","",""
"50","1994","AkademikerIn","maennlich","","","",""
"50","1994","AkademikerIn","weiblich","","","",""
"51","1994","(noch) kein Abschluss","maennlich","","","",""
"51","1994","(noch) kein Abschluss","weiblich","","","",""
"51","1994","Hauptschule","maennlich","","","",""
"51","1994","Hauptschule","weiblich","","","",""
"51","1994","Realschule","maennlich","","","",""
"51","1994","Realschule","weiblich","","","",""
"51","1994","(Fach-)Abitur","maennlich","","","",""
"51","1994","(Fach-)Abitur","weiblich","","","",""
"51","1994","AkademikerIn","maennlich","","","",""
"51","1994","AkademikerIn","weiblich","","","",""
"64","1994","(noch) kein Abschluss","maennlich","","","",""
"64","1994","(noch) kein Abschluss","weiblich","","","",""
"64","1994","Hauptschule","maennlich","","","",""
"64","1994","Hauptschule","weiblich","","","",""
"64","1994","Realschule","maennlich","","","",""
"64","1994","Realschule","weiblich","","","",""
"64","1994","(Fach-)Abitur","maennlich","","","",""
"64","1994","(Fach-)Abitur","weiblich","","","",""
"64","1994","AkademikerIn","maennlich","","","",""
"64","1994","AkademikerIn","weiblich","","","",""
"65","1994","(noch) kein Abschluss","maennlich","","","",""
"65","1994","(noch) kein Abschluss","weiblich","","","",""
"65","1994","Hauptschule","maennlich","","","",""
"65","1994","Hauptschule","weiblich","","","",""
"65","1994","Realschule","maennlich","","","",""
"65","1994","Realschule","weiblich","","","",""
"65","1994","(Fach-)Abitur","maennlich","","","",""
"65","1994","(Fach-)Abitur","weiblich","","","",""
"65","1994","AkademikerIn","maennlich","","","",""
"65","1994","AkademikerIn","weiblich","","","",""
"90","1994","(noch) kein Abschluss","maennlich","","","",""
"90","1994","(noch) kein Abschluss","weiblich","","","",""
"90","1994","Hauptschule","maennlich","","","",""
"90","1994","Hauptschule","weiblich","","","",""
"90","1994","Realschule","maennlich","","","",""
"90","1994","Realschule","weiblich","","","",""
"90","1994","(Fach-)Abitur","maennlich","","","",""
"90","1994","(Fach-)Abitur","weiblich","","","",""
"90","1994","AkademikerIn","maennlich","","","",""
"90","1994","AkademikerIn","weiblich","","","",""
"98","1994","(noch) kein Abschluss","maennlich","","","",""
"98","1994","(noch) kein Abschluss","weiblich","","","",""
"98","1994","Hauptschule","maennlich","","","",""
"98","1994","Hauptschule","weiblich","","","",""
"98","1994","Realschule","maennlich","","","",""
"98","1994","Realschule","weiblich","","","",""
"98","1994","(Fach-)Abitur","maennlich","","","",""
"98","1994","(Fach-)Abitur","weiblich","","","",""
"98","1994","AkademikerIn","maennlich","","","",""
"98","1994","AkademikerIn","weiblich","","","",""
"100","1994","(noch) kein Abschluss","maennlich","","","",""
"100","1994","(noch) kein Abschluss","weiblich","","","",""
"100","1994","Hauptschule","maennlich","","","",""
"100","1994","Hauptschule","weiblich","","","",""
"100","1994","Realschule","maennlich","","","",""
"100","1994","Realschule","weiblich","","","",""
"100","1994","(Fach-)Abitur","maennlich","","","",""
"100","1994","(Fach-)Abitur","weiblich","","","",""
"100","1994","AkademikerIn","maennlich","","","",""
"100","1994","AkademikerIn","weiblich","","","",""
"0","1995","(noch) kein Abschluss","maennlich","","","",""
"0","1995","(noch) kein Abschluss","weiblich","","","",""
"0","1995","Hauptschule","maennlich","1","","",""
"0","1995","Hauptschule","weiblich","2","","",""
"0","1995","Realschule","maennlich","","","",""
"0","1995","Realschule","weiblich","4","0.0116610941894816","-0.00255723716248384","0.0258794255414471"
"0","1995","(Fach-)Abitur","maennlich","","","",""
"0","1995","(Fach-)Abitur","weiblich","","","",""
"0","1995","AkademikerIn","maennlich","","","",""
"0","1995","AkademikerIn","weiblich","","","",""
"1","1995","(noch) kein Abschluss","maennlich","25","","",""
"1","1995","(noch) kein Abschluss","weiblich","40","0.749105867284103","0.636560527902588","0.861651206665617"
"1","1995","Hauptschule","maennlich","231","","",""
"1","1995","Hauptschule","weiblich","339","0.712294386439658","0.669947668168844","0.754641104710473"
"1","1995","Realschule","maennlich","76","0.749910942120056","0.665453175153329","0.834368709086783"
"1","1995","Realschule","weiblich","168","","",""
"1","1995","(Fach-)Abitur","maennlich","33","0.903252793961144","0.810475936018762","0.996029651903526"
"1","1995","(Fach-)Abitur","weiblich","60","0.869766594585333","0.791481068056288","0.948052121114378"
"1","1995","AkademikerIn","maennlich","55","0.74599639953387","0.645449161602619","0.84654363746512"
"1","1995","AkademikerIn","weiblich","66","0.811800984241871","0.728706520609063","0.894895447874678"
"2","1995","(noch) kein Abschluss","maennlich","3","","",""
"2","1995","(noch) kein Abschluss","weiblich","10","","",""
"2","1995","Hauptschule","maennlich","56","0.181579491021412","0.139142937150294","0.224016044892531"
"2","1995","Hauptschule","weiblich","65","0.199496447805145","0.162114231495535","0.236878664114755"
"2","1995","Realschule","maennlich","17","","",""
"2","1995","Realschule","weiblich","26","","",""
"2","1995","(Fach-)Abitur","maennlich","4","0.0716077531011159","-0.00931330695454216","0.152528813156774"
"2","1995","(Fach-)Abitur","weiblich","9","0.119380988192705","0.0439620298079408","0.194799946577469"
"2","1995","AkademikerIn","maennlich","9","0.143905650951846","0.0628316543984333","0.22497964750526"
"2","1995","AkademikerIn","weiblich","15","","",""
"3","1995","(noch) kein Abschluss","maennlich","","","",""
"3","1995","(noch) kein Abschluss","weiblich","4","0.0461999359574363","-0.00829548649090125","0.100695358405774"
"3","1995","Hauptschule","maennlich","15","","",""
"3","1995","Hauptschule","weiblich","18","","",""
"3","1995","Realschule","maennlich","4","0.0711843304156698","0.0210373978265523","0.121331263004787"
"3","1995","Realschule","weiblich","5","0.0228020019762987","0.00303213225744963","0.0425718716951477"
"3","1995","(Fach-)Abitur","maennlich","1","","",""
"3","1995","(Fach-)Abitur","weiblich","1","","",""
"3","1995","AkademikerIn","maennlich","4","0.0353010655736092","-0.00732464675513865","0.0779267779023571"
"3","1995","AkademikerIn","weiblich","2","","",""
"4","1995","(noch) kein Abschluss","maennlich","2","","",""
"4","1995","(noch) kein Abschluss","weiblich","1","","",""
"4","1995","Hauptschule","maennlich","6","0.0153929498192816","0.00184071689645439","0.0289451827421088"
"4","1995","Hauptschule","weiblich","6","0.0139212743783859","0.00296126004655931","0.0248812887102125"
"4","1995","Realschule","maennlich","2","","",""
"4","1995","Realschule","weiblich","5","0.0211690176971056","0.0021043060813559","0.0402337293128553"
"4","1995","(Fach-)Abitur","maennlich","","","",""
"4","1995","(Fach-)Abitur","weiblich","1","","",""
"4","1995","AkademikerIn","maennlich","2","","",""
"4","1995","AkademikerIn","weiblich","1","","",""
"5","1995","(noch) kein Abschluss","maennlich","","","",""
"5","1995","(noch) kein Abschluss","weiblich","1","","",""
"5","1995","Hauptschule","maennlich","1","","",""
"5","1995","Hauptschule","weiblich","2","","",""
"5","1995","Realschule","maennlich","","","",""
"5","1995","Realschule","weiblich","5","0.0269036588886638","0.00547427784025287","0.0483330399370747"
"5","1995","(Fach-)Abitur","maennlich","1","","",""
"5","1995","(Fach-)Abitur","weiblich","","","",""
"5","1995","AkademikerIn","maennlich","","","",""
"5","1995","AkademikerIn","weiblich","1","","",""
"6","1995","(noch) kein Abschluss","maennlich","","","",""
"6","1995","(noch) kein Abschluss","weiblich","","","",""
"6","1995","Hauptschule","maennlich","1","","",""
"6","1995","Hauptschule","weiblich","1","","",""
"6","1995","Realschule","maennlich","","","",""
"6","1995","Realschule","weiblich","4","0.0329497899005813","0.00930818961833767","0.0565913901828249"
"6","1995","(Fach-)Abitur","maennlich","","","",""
"6","1995","(Fach-)Abitur","weiblich","","","",""
"6","1995","AkademikerIn","maennlich","1","","",""
"6","1995","AkademikerIn","weiblich","","","",""
"7","1995","(noch) kein Abschluss","maennlich","","","",""
"7","1995","(noch) kein Abschluss","weiblich","","","",""
"7","1995","Hauptschule","maennlich","1","","",""
"7","1995","Hauptschule","weiblich","1","","",""
"7","1995","Realschule","maennlich","","","",""
"7","1995","Realschule","weiblich","","","",""
"7","1995","(Fach-)Abitur","maennlich","","","",""
"7","1995","(Fach-)Abitur","weiblich","","","",""
"7","1995","AkademikerIn","maennlich","","","",""
"7","1995","AkademikerIn","weiblich","","","",""
"8","1995","(noch) kein Abschluss","maennlich","","","",""
"8","1995","(noch) kein Abschluss","weiblich","","","",""
"8","1995","Hauptschule","maennlich","","","",""
"8","1995","Hauptschule","weiblich","1","","",""
"8","1995","Realschule","maennlich","","","",""
"8","1995","Realschule","weiblich","1","","",""
"8","1995","(Fach-)Abitur","maennlich","","","",""
"8","1995","(Fach-)Abitur","weiblich","","","",""
"8","1995","AkademikerIn","maennlich","","","",""
"8","1995","AkademikerIn","weiblich","","","",""
"9","1995","(noch) kein Abschluss","maennlich","","","",""
"9","1995","(noch) kein Abschluss","weiblich","","","",""
"9","1995","Hauptschule","maennlich","","","",""
"9","1995","Hauptschule","weiblich","1","","",""
"9","1995","Realschule","maennlich","","","",""
"9","1995","Realschule","weiblich","","","",""
"9","1995","(Fach-)Abitur","maennlich","","","",""
"9","1995","(Fach-)Abitur","weiblich","","","",""
"9","1995","AkademikerIn","maennlich","","","",""
"9","1995","AkademikerIn","weiblich","","","",""
"10","1995","(noch) kein Abschluss","maennlich","","","",""
"10","1995","(noch) kein Abschluss","weiblich","","","",""
"10","1995","Hauptschule","maennlich","","","",""
"10","1995","Hauptschule","weiblich","1","","",""
"10","1995","Realschule","maennlich","1","","",""
"10","1995","Realschule","weiblich","","","",""
"10","1995","(Fach-)Abitur","maennlich","","","",""
"10","1995","(Fach-)Abitur","weiblich","","","",""
"10","1995","AkademikerIn","maennlich","","","",""
"10","1995","AkademikerIn","weiblich","","","",""
"11","1995","(noch) kein Abschluss","maennlich","","","",""
"11","1995","(noch) kein Abschluss","weiblich","","","",""
"11","1995","Hauptschule","maennlich","1","","",""
"11","1995","Hauptschule","weiblich","2","","",""
"11","1995","Realschule","maennlich","1","","",""
"11","1995","Realschule","weiblich","1","","",""
"11","1995","(Fach-)Abitur","maennlich","","","",""
"11","1995","(Fach-)Abitur","weiblich","","","",""
"11","1995","AkademikerIn","maennlich","","","",""
"11","1995","AkademikerIn","weiblich","","","",""
"12","1995","(noch) kein Abschluss","maennlich","","","",""
"12","1995","(noch) kein Abschluss","weiblich","1","","",""
"12","1995","Hauptschule","maennlich","1","","",""
"12","1995","Hauptschule","weiblich","","","",""
"12","1995","Realschule","maennlich","","","",""
"12","1995","Realschule","weiblich","","","",""
"12","1995","(Fach-)Abitur","maennlich","","","",""
"12","1995","(Fach-)Abitur","weiblich","","","",""
"12","1995","AkademikerIn","maennlich","","","",""
"12","1995","AkademikerIn","weiblich","","","",""
"13","1995","(noch) kein Abschluss","maennlich","","","",""
"13","1995","(noch) kein Abschluss","weiblich","","","",""
"13","1995","Hauptschule","maennlich","","","",""
"13","1995","Hauptschule","weiblich","","","",""
"13","1995","Realschule","maennlich","","","",""
"13","1995","Realschule","weiblich","","","",""
"13","1995","(Fach-)Abitur","maennlich","","","",""
"13","1995","(Fach-)Abitur","weiblich","","","",""
"13","1995","AkademikerIn","maennlich","","","",""
"13","1995","AkademikerIn","weiblich","","","",""
"14","1995","(noch) kein Abschluss","maennlich","","","",""
"14","1995","(noch) kein Abschluss","weiblich","","","",""
"14","1995","Hauptschule","maennlich","1","","",""
"14","1995","Hauptschule","weiblich","","","",""
"14","1995","Realschule","maennlich","","","",""
"14","1995","Realschule","weiblich","","","",""
"14","1995","(Fach-)Abitur","maennlich","","","",""
"14","1995","(Fach-)Abitur","weiblich","","","",""
"14","1995","AkademikerIn","maennlich","","","",""
"14","1995","AkademikerIn","weiblich","","","",""
"15","1995","(noch) kein Abschluss","maennlich","","","",""
"15","1995","(noch) kein Abschluss","weiblich","","","",""
"15","1995","Hauptschule","maennlich","","","",""
"15","1995","Hauptschule","weiblich","","","",""
"15","1995","Realschule","maennlich","","","",""
"15","1995","Realschule","weiblich","","","",""
"15","1995","(Fach-)Abitur","maennlich","","","",""
"15","1995","(Fach-)Abitur","weiblich","","","",""
"15","1995","AkademikerIn","maennlich","","","",""
"15","1995","AkademikerIn","weiblich","","","",""
"16","1995","(noch) kein Abschluss","maennlich","","","",""
"16","1995","(noch) kein Abschluss","weiblich","","","",""
"16","1995","Hauptschule","maennlich","","","",""
"16","1995","Hauptschule","weiblich","","","",""
"16","1995","Realschule","maennlich","","","",""
"16","1995","Realschule","weiblich","","","",""
"16","1995","(Fach-)Abitur","maennlich","","","",""
"16","1995","(Fach-)Abitur","weiblich","","","",""
"16","1995","AkademikerIn","maennlich","","","",""
"16","1995","AkademikerIn","weiblich","","","",""
"17","1995","(noch) kein Abschluss","maennlich","","","",""
"17","1995","(noch) kein Abschluss","weiblich","","","",""
"17","1995","Hauptschule","maennlich","","","",""
"17","1995","Hauptschule","weiblich","","","",""
"17","1995","Realschule","maennlich","","","",""
"17","1995","Realschule","weiblich","","","",""
"17","1995","(Fach-)Abitur","maennlich","","","",""
"17","1995","(Fach-)Abitur","weiblich","","","",""
"17","1995","AkademikerIn","maennlich","","","",""
"17","1995","AkademikerIn","weiblich","","","",""
"18","1995","(noch) kein Abschluss","maennlich","","","",""
"18","1995","(noch) kein Abschluss","weiblich","","","",""
"18","1995","Hauptschule","maennlich","1","","",""
"18","1995","Hauptschule","weiblich","","","",""
"18","1995","Realschule","maennlich","","","",""
"18","1995","Realschule","weiblich","","","",""
"18","1995","(Fach-)Abitur","maennlich","","","",""
"18","1995","(Fach-)Abitur","weiblich","","","",""
"18","1995","AkademikerIn","maennlich","","","",""
"18","1995","AkademikerIn","weiblich","","","",""
"19","1995","(noch) kein Abschluss","maennlich","","","",""
"19","1995","(noch) kein Abschluss","weiblich","","","",""
"19","1995","Hauptschule","maennlich","","","",""
"19","1995","Hauptschule","weiblich","","","",""
"19","1995","Realschule","maennlich","","","",""
"19","1995","Realschule","weiblich","","","",""
"19","1995","(Fach-)Abitur","maennlich","","","",""
"19","1995","(Fach-)Abitur","weiblich","","","",""
"19","1995","AkademikerIn","maennlich","","","",""
"19","1995","AkademikerIn","weiblich","","","",""
"20","1995","(noch) kein Abschluss","maennlich","1","","",""
"20","1995","(noch) kein Abschluss","weiblich","","","",""
"20","1995","Hauptschule","maennlich","","","",""
"20","1995","Hauptschule","weiblich","","","",""
"20","1995","Realschule","maennlich","","","",""
"20","1995","Realschule","weiblich","","","",""
"20","1995","(Fach-)Abitur","maennlich","","","",""
"20","1995","(Fach-)Abitur","weiblich","","","",""
"20","1995","AkademikerIn","maennlich","","","",""
"20","1995","AkademikerIn","weiblich","","","",""
"21","1995","(noch) kein Abschluss","maennlich","","","",""
"21","1995","(noch) kein Abschluss","weiblich","","","",""
"21","1995","Hauptschule","maennlich","1","","",""
"21","1995","Hauptschule","weiblich","","","",""
"21","1995","Realschule","maennlich","","","",""
"21","1995","Realschule","weiblich","","","",""
"21","1995","(Fach-)Abitur","maennlich","","","",""
"21","1995","(Fach-)Abitur","weiblich","","","",""
"21","1995","AkademikerIn","maennlich","","","",""
"21","1995","AkademikerIn","weiblich","","","",""
"22","1995","(noch) kein Abschluss","maennlich","","","",""
"22","1995","(noch) kein Abschluss","weiblich","","","",""
"22","1995","Hauptschule","maennlich","","","",""
"22","1995","Hauptschule","weiblich","","","",""
"22","1995","Realschule","maennlich","","","",""
"22","1995","Realschule","weiblich","","","",""
"22","1995","(Fach-)Abitur","maennlich","","","",""
"22","1995","(Fach-)Abitur","weiblich","","","",""
"22","1995","AkademikerIn","maennlich","","","",""
"22","1995","AkademikerIn","weiblich","","","",""
"23","1995","(noch) kein Abschluss","maennlich","","","",""
"23","1995","(noch) kein Abschluss","weiblich","","","",""
"23","1995","Hauptschule","maennlich","","","",""
"23","1995","Hauptschule","weiblich","","","",""
"23","1995","Realschule","maennlich","","","",""
"23","1995","Realschule","weiblich","","","",""
"23","1995","(Fach-)Abitur","maennlich","","","",""
"23","1995","(Fach-)Abitur","weiblich","","","",""
"23","1995","AkademikerIn","maennlich","","","",""
"23","1995","AkademikerIn","weiblich","","","",""
"24","1995","(noch) kein Abschluss","maennlich","","","",""
"24","1995","(noch) kein Abschluss","weiblich","","","",""
"24","1995","Hauptschule","maennlich","","","",""
"24","1995","Hauptschule","weiblich","","","",""
"24","1995","Realschule","maennlich","","","",""
"24","1995","Realschule","weiblich","","","",""
"24","1995","(Fach-)Abitur","maennlich","","","",""
"24","1995","(Fach-)Abitur","weiblich","","","",""
"24","1995","AkademikerIn","maennlich","","","",""
"24","1995","AkademikerIn","weiblich","","","",""
"25","1995","(noch) kein Abschluss","maennlich","","","",""
"25","1995","(noch) kein Abschluss","weiblich","","","",""
"25","1995","Hauptschule","maennlich","","","",""
"25","1995","Hauptschule","weiblich","","","",""
"25","1995","Realschule","maennlich","","","",""
"25","1995","Realschule","weiblich","","","",""
"25","1995","(Fach-)Abitur","maennlich","","","",""
"25","1995","(Fach-)Abitur","weiblich","","","",""
"25","1995","AkademikerIn","maennlich","","","",""
"25","1995","AkademikerIn","weiblich","","","",""
"26","1995","(noch) kein Abschluss","maennlich","","","",""
"26","1995","(noch) kein Abschluss","weiblich","","","",""
"26","1995","Hauptschule","maennlich","","","",""
"26","1995","Hauptschule","weiblich","","","",""
"26","1995","Realschule","maennlich","","","",""
"26","1995","Realschule","weiblich","","","",""
"26","1995","(Fach-)Abitur","maennlich","","","",""
"26","1995","(Fach-)Abitur","weiblich","","","",""
"26","1995","AkademikerIn","maennlich","","","",""
"26","1995","AkademikerIn","weiblich","","","",""
"27","1995","(noch) kein Abschluss","maennlich","","","",""
"27","1995","(noch) kein Abschluss","weiblich","","","",""
"27","1995","Hauptschule","maennlich","","","",""
"27","1995","Hauptschule","weiblich","","","",""
"27","1995","Realschule","maennlich","","","",""
"27","1995","Realschule","weiblich","","","",""
"27","1995","(Fach-)Abitur","maennlich","","","",""
"27","1995","(Fach-)Abitur","weiblich","","","",""
"27","1995","AkademikerIn","maennlich","","","",""
"27","1995","AkademikerIn","weiblich","","","",""
"28","1995","(noch) kein Abschluss","maennlich","","","",""
"28","1995","(noch) kein Abschluss","weiblich","","","",""
"28","1995","Hauptschule","maennlich","","","",""
"28","1995","Hauptschule","weiblich","","","",""
"28","1995","Realschule","maennlich","","","",""
"28","1995","Realschule","weiblich","","","",""
"28","1995","(Fach-)Abitur","maennlich","","","",""
"28","1995","(Fach-)Abitur","weiblich","","","",""
"28","1995","AkademikerIn","maennlich","","","",""
"28","1995","AkademikerIn","weiblich","","","",""
"30","1995","(noch) kein Abschluss","maennlich","","","",""
"30","1995","(noch) kein Abschluss","weiblich","","","",""
"30","1995","Hauptschule","maennlich","","","",""
"30","1995","Hauptschule","weiblich","","","",""
"30","1995","Realschule","maennlich","","","",""
"30","1995","Realschule","weiblich","","","",""
"30","1995","(Fach-)Abitur","maennlich","","","",""
"30","1995","(Fach-)Abitur","weiblich","","","",""
"30","1995","AkademikerIn","maennlich","","","",""
"30","1995","AkademikerIn","weiblich","","","",""
"31","1995","(noch) kein Abschluss","maennlich","","","",""
"31","1995","(noch) kein Abschluss","weiblich","","","",""
"31","1995","Hauptschule","maennlich","","","",""
"31","1995","Hauptschule","weiblich","","","",""
"31","1995","Realschule","maennlich","","","",""
"31","1995","Realschule","weiblich","","","",""
"31","1995","(Fach-)Abitur","maennlich","","","",""
"31","1995","(Fach-)Abitur","weiblich","","","",""
"31","1995","AkademikerIn","maennlich","","","",""
"31","1995","AkademikerIn","weiblich","","","",""
"32","1995","(noch) kein Abschluss","maennlich","","","",""
"32","1995","(noch) kein Abschluss","weiblich","","","",""
"32","1995","Hauptschule","maennlich","","","",""
"32","1995","Hauptschule","weiblich","","","",""
"32","1995","Realschule","maennlich","","","",""
"32","1995","Realschule","weiblich","","","",""
"32","1995","(Fach-)Abitur","maennlich","","","",""
"32","1995","(Fach-)Abitur","weiblich","","","",""
"32","1995","AkademikerIn","maennlich","","","",""
"32","1995","AkademikerIn","weiblich","","","",""
"35","1995","(noch) kein Abschluss","maennlich","","","",""
"35","1995","(noch) kein Abschluss","weiblich","","","",""
"35","1995","Hauptschule","maennlich","","","",""
"35","1995","Hauptschule","weiblich","","","",""
"35","1995","Realschule","maennlich","","","",""
"35","1995","Realschule","weiblich","","","",""
"35","1995","(Fach-)Abitur","maennlich","","","",""
"35","1995","(Fach-)Abitur","weiblich","","","",""
"35","1995","AkademikerIn","maennlich","1","","",""
"35","1995","AkademikerIn","weiblich","","","",""
"36","1995","(noch) kein Abschluss","maennlich","","","",""
"36","1995","(noch) kein Abschluss","weiblich","","","",""
"36","1995","Hauptschule","maennlich","","","",""
"36","1995","Hauptschule","weiblich","","","",""
"36","1995","Realschule","maennlich","","","",""
"36","1995","Realschule","weiblich","","","",""
"36","1995","(Fach-)Abitur","maennlich","","","",""
"36","1995","(Fach-)Abitur","weiblich","","","",""
"36","1995","AkademikerIn","maennlich","","","",""
"36","1995","AkademikerIn","weiblich","","","",""
"40","1995","(noch) kein Abschluss","maennlich","","","",""
"40","1995","(noch) kein Abschluss","weiblich","","","",""
"40","1995","Hauptschule","maennlich","","","",""
"40","1995","Hauptschule","weiblich","","","",""
"40","1995","Realschule","maennlich","","","",""
"40","1995","Realschule","weiblich","","","",""
"40","1995","(Fach-)Abitur","maennlich","","","",""
"40","1995","(Fach-)Abitur","weiblich","","","",""
"40","1995","AkademikerIn","maennlich","","","",""
"40","1995","AkademikerIn","weiblich","","","",""
"42","1995","(noch) kein Abschluss","maennlich","","","",""
"42","1995","(noch) kein Abschluss","weiblich","","","",""
"42","1995","Hauptschule","maennlich","","","",""
"42","1995","Hauptschule","weiblich","","","",""
"42","1995","Realschule","maennlich","","","",""
"42","1995","Realschule","weiblich","","","",""
"42","1995","(Fach-)Abitur","maennlich","","","",""
"42","1995","(Fach-)Abitur","weiblich","","","",""
"42","1995","AkademikerIn","maennlich","","","",""
"42","1995","AkademikerIn","weiblich","","","",""
"45","1995","(noch) kein Abschluss","maennlich","","","",""
"45","1995","(noch) kein Abschluss","weiblich","","","",""
"45","1995","Hauptschule","maennlich","","","",""
"45","1995","Hauptschule","weiblich","","","",""
"45","1995","Realschule","maennlich","","","",""
"45","1995","Realschule","weiblich","","","",""
"45","1995","(Fach-)Abitur","maennlich","","","",""
"45","1995","(Fach-)Abitur","weiblich","","","",""
"45","1995","AkademikerIn","maennlich","","","",""
"45","1995","AkademikerIn","weiblich","","","",""
"48","1995","(noch) kein Abschluss","maennlich","","","",""
"48","1995","(noch) kein Abschluss","weiblich","","","",""
"48","1995","Hauptschule","maennlich","","","",""
"48","1995","Hauptschule","weiblich","","","",""
"48","1995","Realschule","maennlich","","","",""
"48","1995","Realschule","weiblich","","","",""
"48","1995","(Fach-)Abitur","maennlich","","","",""
"48","1995","(Fach-)Abitur","weiblich","","","",""
"48","1995","AkademikerIn","maennlich","","","",""
"48","1995","AkademikerIn","weiblich","","","",""
"50","1995","(noch) kein Abschluss","maennlich","","","",""
"50","1995","(noch) kein Abschluss","weiblich","","","",""
"50","1995","Hauptschule","maennlich","","","",""
"50","1995","Hauptschule","weiblich","","","",""
"50","1995","Realschule","maennlich","","","",""
"50","1995","Realschule","weiblich","","","",""
"50","1995","(Fach-)Abitur","maennlich","","","",""
"50","1995","(Fach-)Abitur","weiblich","","","",""
"50","1995","AkademikerIn","maennlich","","","",""
"50","1995","AkademikerIn","weiblich","","","",""
"51","1995","(noch) kein Abschluss","maennlich","","","",""
"51","1995","(noch) kein Abschluss","weiblich","","","",""
"51","1995","Hauptschule","maennlich","","","",""
"51","1995","Hauptschule","weiblich","","","",""
"51","1995","Realschule","maennlich","","","",""
"51","1995","Realschule","weiblich","","","",""
"51","1995","(Fach-)Abitur","maennlich","","","",""
"51","1995","(Fach-)Abitur","weiblich","","","",""
"51","1995","AkademikerIn","maennlich","","","",""
"51","1995","AkademikerIn","weiblich","","","",""
"64","1995","(noch) kein Abschluss","maennlich","","","",""
"64","1995","(noch) kein Abschluss","weiblich","","","",""
"64","1995","Hauptschule","maennlich","","","",""
"64","1995","Hauptschule","weiblich","","","",""
"64","1995","Realschule","maennlich","","","",""
"64","1995","Realschule","weiblich","","","",""
"64","1995","(Fach-)Abitur","maennlich","","","",""
"64","1995","(Fach-)Abitur","weiblich","","","",""
"64","1995","AkademikerIn","maennlich","","","",""
"64","1995","AkademikerIn","weiblich","","","",""
"65","1995","(noch) kein Abschluss","maennlich","","","",""
"65","1995","(noch) kein Abschluss","weiblich","","","",""
"65","1995","Hauptschule","maennlich","","","",""
"65","1995","Hauptschule","weiblich","","","",""
"65","1995","Realschule","maennlich","","","",""
"65","1995","Realschule","weiblich","","","",""
"65","1995","(Fach-)Abitur","maennlich","","","",""
"65","1995","(Fach-)Abitur","weiblich","","","",""
"65","1995","AkademikerIn","maennlich","","","",""
"65","1995","AkademikerIn","weiblich","","","",""
"90","1995","(noch) kein Abschluss","maennlich","","","",""
"90","1995","(noch) kein Abschluss","weiblich","","","",""
"90","1995","Hauptschule","maennlich","","","",""
"90","1995","Hauptschule","weiblich","","","",""
"90","1995","Realschule","maennlich","","","",""
"90","1995","Realschule","weiblich","","","",""
"90","1995","(Fach-)Abitur","maennlich","","","",""
"90","1995","(Fach-)Abitur","weiblich","","","",""
"90","1995","AkademikerIn","maennlich","","","",""
"90","1995","AkademikerIn","weiblich","","","",""
"98","1995","(noch) kein Abschluss","maennlich","","","",""
"98","1995","(noch) kein Abschluss","weiblich","","","",""
"98","1995","Hauptschule","maennlich","","","",""
"98","1995","Hauptschule","weiblich","","","",""
"98","1995","Realschule","maennlich","","","",""
"98","1995","Realschule","weiblich","","","",""
"98","1995","(Fach-)Abitur","maennlich","","","",""
"98","1995","(Fach-)Abitur","weiblich","","","",""
"98","1995","AkademikerIn","maennlich","","","",""
"98","1995","AkademikerIn","weiblich","","","",""
"100","1995","(noch) kein Abschluss","maennlich","","","",""
"100","1995","(noch) kein Abschluss","weiblich","","","",""
"100","1995","Hauptschule","maennlich","","","",""
"100","1995","Hauptschule","weiblich","","","",""
"100","1995","Realschule","maennlich","","","",""
"100","1995","Realschule","weiblich","","","",""
"100","1995","(Fach-)Abitur","maennlich","","","",""
"100","1995","(Fach-)Abitur","weiblich","","","",""
"100","1995","AkademikerIn","maennlich","","","",""
"100","1995","AkademikerIn","weiblich","","","",""
"0","1996","(noch) kein Abschluss","maennlich","","","",""
"0","1996","(noch) kein Abschluss","weiblich","","","",""
"0","1996","Hauptschule","maennlich","","","",""
"0","1996","Hauptschule","weiblich","","","",""
"0","1996","Realschule","maennlich","","","",""
"0","1996","Realschule","weiblich","","","",""
"0","1996","(Fach-)Abitur","maennlich","","","",""
"0","1996","(Fach-)Abitur","weiblich","","","",""
"0","1996","AkademikerIn","maennlich","","","",""
"0","1996","AkademikerIn","weiblich","","","",""
"1","1996","(noch) kein Abschluss","maennlich","23","","",""
"1","1996","(noch) kein Abschluss","weiblich","48","0.847858342945227","0.756213547702709","0.939503138187745"
"1","1996","Hauptschule","maennlich","229","","",""
"1","1996","Hauptschule","weiblich","317","0.713668049317979","0.670176280021244","0.757159818614713"
"1","1996","Realschule","maennlich","82","0.821939155673399","0.748058025921926","0.895820285424871"
"1","1996","Realschule","weiblich","209","","",""
"1","1996","(Fach-)Abitur","maennlich","35","0.738073305993072","0.605100425786236","0.871046186199907"
"1","1996","(Fach-)Abitur","weiblich","58","0.842027450580158","0.754697215711511","0.929357685448804"
"1","1996","AkademikerIn","maennlich","69","0.797981748619083","0.713613264179964","0.882350233058202"
"1","1996","AkademikerIn","weiblich","82","0.870267966031484","0.803742922777866","0.936793009285103"
"2","1996","(noch) kein Abschluss","maennlich","5","0.153897962035413","0.0288717979550548","0.278924126115771"
"2","1996","(noch) kein Abschluss","weiblich","10","","",""
"2","1996","Hauptschule","maennlich","41","0.159193884071764","0.11793136481336","0.200456403330169"
"2","1996","Hauptschule","weiblich","62","0.180692109017752","0.143673746425987","0.217710471609517"
"2","1996","Realschule","maennlich","14","","",""
"2","1996","Realschule","weiblich","25","","",""
"2","1996","(Fach-)Abitur","maennlich","5","0.13467609044495","0.0314337008324215","0.237918480057479"
"2","1996","(Fach-)Abitur","weiblich","7","0.099964117344719","0.0281412615136202","0.171786973175818"
"2","1996","AkademikerIn","maennlich","13","","",""
"2","1996","AkademikerIn","weiblich","11","","",""
"3","1996","(noch) kein Abschluss","maennlich","2","","",""
"3","1996","(noch) kein Abschluss","weiblich","1","","",""
"3","1996","Hauptschule","maennlich","15","","",""
"3","1996","Hauptschule","weiblich","19","","",""
"3","1996","Realschule","maennlich","3","","",""
"3","1996","Realschule","weiblich","5","0.0188560424013697","0.00182439377775532","0.0358876910249841"
"3","1996","(Fach-)Abitur","maennlich","","","",""
"3","1996","(Fach-)Abitur","weiblich","2","","",""
"3","1996","AkademikerIn","maennlich","3","","",""
"3","1996","AkademikerIn","weiblich","3","","",""
"4","1996","(noch) kein Abschluss","maennlich","1","","",""
"4","1996","(noch) kein Abschluss","weiblich","","","",""
"4","1996","Hauptschule","maennlich","3","","",""
"4","1996","Hauptschule","weiblich","6","0.0226047033798509","0.0083039613880557","0.0369054453716461"
"4","1996","Realschule","maennlich","","","",""
"4","1996","Realschule","weiblich","1","","",""
"4","1996","(Fach-)Abitur","maennlich","1","","",""
"4","1996","(Fach-)Abitur","weiblich","","","",""
"4","1996","AkademikerIn","maennlich","","","",""
"4","1996","AkademikerIn","weiblich","","","",""
"5","1996","(noch) kein Abschluss","maennlich","1","","",""
"5","1996","(noch) kein Abschluss","weiblich","","","",""
"5","1996","Hauptschule","maennlich","6","0.0214065216622845","0.00508281317411687","0.0377302301504521"
"5","1996","Hauptschule","weiblich","2","","",""
"5","1996","Realschule","maennlich","","","",""
"5","1996","Realschule","weiblich","2","","",""
"5","1996","(Fach-)Abitur","maennlich","","","",""
"5","1996","(Fach-)Abitur","weiblich","","","",""
"5","1996","AkademikerIn","maennlich","","","",""
"5","1996","AkademikerIn","weiblich","","","",""
"6","1996","(noch) kein Abschluss","maennlich","","","",""
"6","1996","(noch) kein Abschluss","weiblich","","","",""
"6","1996","Hauptschule","maennlich","2","","",""
"6","1996","Hauptschule","weiblich","1","","",""
"6","1996","Realschule","maennlich","","","",""
"6","1996","Realschule","weiblich","1","","",""
"6","1996","(Fach-)Abitur","maennlich","","","",""
"6","1996","(Fach-)Abitur","weiblich","","","",""
"6","1996","AkademikerIn","maennlich","","","",""
"6","1996","AkademikerIn","weiblich","","","",""
"7","1996","(noch) kein Abschluss","maennlich","","","",""
"7","1996","(noch) kein Abschluss","weiblich","","","",""
"7","1996","Hauptschule","maennlich","3","","",""
"7","1996","Hauptschule","weiblich","3","","",""
"7","1996","Realschule","maennlich","1","","",""
"7","1996","Realschule","weiblich","1","","",""
"7","1996","(Fach-)Abitur","maennlich","","","",""
"7","1996","(Fach-)Abitur","weiblich","","","",""
"7","1996","AkademikerIn","maennlich","","","",""
"7","1996","AkademikerIn","weiblich","1","","",""
"8","1996","(noch) kein Abschluss","maennlich","","","",""
"8","1996","(noch) kein Abschluss","weiblich","","","",""
"8","1996","Hauptschule","maennlich","","","",""
"8","1996","Hauptschule","weiblich","","","",""
"8","1996","Realschule","maennlich","","","",""
"8","1996","Realschule","weiblich","","","",""
"8","1996","(Fach-)Abitur","maennlich","","","",""
"8","1996","(Fach-)Abitur","weiblich","","","",""
"8","1996","AkademikerIn","maennlich","","","",""
"8","1996","AkademikerIn","weiblich","","","",""
"9","1996","(noch) kein Abschluss","maennlich","","","",""
"9","1996","(noch) kein Abschluss","weiblich","","","",""
"9","1996","Hauptschule","maennlich","","","",""
"9","1996","Hauptschule","weiblich","","","",""
"9","1996","Realschule","maennlich","1","","",""
"9","1996","Realschule","weiblich","","","",""
"9","1996","(Fach-)Abitur","maennlich","","","",""
"9","1996","(Fach-)Abitur","weiblich","","","",""
"9","1996","AkademikerIn","maennlich","1","","",""
"9","1996","AkademikerIn","weiblich","","","",""
"10","1996","(noch) kein Abschluss","maennlich","","","",""
"10","1996","(noch) kein Abschluss","weiblich","","","",""
"10","1996","Hauptschule","maennlich","","","",""
"10","1996","Hauptschule","weiblich","1","","",""
"10","1996","Realschule","maennlich","1","","",""
"10","1996","Realschule","weiblich","","","",""
"10","1996","(Fach-)Abitur","maennlich","","","",""
"10","1996","(Fach-)Abitur","weiblich","","","",""
"10","1996","AkademikerIn","maennlich","","","",""
"10","1996","AkademikerIn","weiblich","1","","",""
"11","1996","(noch) kein Abschluss","maennlich","","","",""
"11","1996","(noch) kein Abschluss","weiblich","","","",""
"11","1996","Hauptschule","maennlich","","","",""
"11","1996","Hauptschule","weiblich","","","",""
"11","1996","Realschule","maennlich","","","",""
"11","1996","Realschule","weiblich","","","",""
"11","1996","(Fach-)Abitur","maennlich","","","",""
"11","1996","(Fach-)Abitur","weiblich","","","",""
"11","1996","AkademikerIn","maennlich","","","",""
"11","1996","AkademikerIn","weiblich","","","",""
"12","1996","(noch) kein Abschluss","maennlich","","","",""
"12","1996","(noch) kein Abschluss","weiblich","","","",""
"12","1996","Hauptschule","maennlich","","","",""
"12","1996","Hauptschule","weiblich","1","","",""
"12","1996","Realschule","maennlich","","","",""
"12","1996","Realschule","weiblich","","","",""
"12","1996","(Fach-)Abitur","maennlich","","","",""
"12","1996","(Fach-)Abitur","weiblich","","","",""
"12","1996","AkademikerIn","maennlich","","","",""
"12","1996","AkademikerIn","weiblich","","","",""
"13","1996","(noch) kein Abschluss","maennlich","","","",""
"13","1996","(noch) kein Abschluss","weiblich","","","",""
"13","1996","Hauptschule","maennlich","","","",""
"13","1996","Hauptschule","weiblich","","","",""
"13","1996","Realschule","maennlich","","","",""
"13","1996","Realschule","weiblich","","","",""
"13","1996","(Fach-)Abitur","maennlich","","","",""
"13","1996","(Fach-)Abitur","weiblich","","","",""
"13","1996","AkademikerIn","maennlich","","","",""
"13","1996","AkademikerIn","weiblich","","","",""
"14","1996","(noch) kein Abschluss","maennlich","","","",""
"14","1996","(noch) kein Abschluss","weiblich","","","",""
"14","1996","Hauptschule","maennlich","","","",""
"14","1996","Hauptschule","weiblich","1","","",""
"14","1996","Realschule","maennlich","","","",""
"14","1996","Realschule","weiblich","1","","",""
"14","1996","(Fach-)Abitur","maennlich","1","","",""
"14","1996","(Fach-)Abitur","weiblich","","","",""
"14","1996","AkademikerIn","maennlich","1","","",""
"14","1996","AkademikerIn","weiblich","","","",""
"15","1996","(noch) kein Abschluss","maennlich","","","",""
"15","1996","(noch) kein Abschluss","weiblich","","","",""
"15","1996","Hauptschule","maennlich","2","","",""
"15","1996","Hauptschule","weiblich","","","",""
"15","1996","Realschule","maennlich","","","",""
"15","1996","Realschule","weiblich","","","",""
"15","1996","(Fach-)Abitur","maennlich","","","",""
"15","1996","(Fach-)Abitur","weiblich","","","",""
"15","1996","AkademikerIn","maennlich","","","",""
"15","1996","AkademikerIn","weiblich","","","",""
"16","1996","(noch) kein Abschluss","maennlich","","","",""
"16","1996","(noch) kein Abschluss","weiblich","","","",""
"16","1996","Hauptschule","maennlich","","","",""
"16","1996","Hauptschule","weiblich","","","",""
"16","1996","Realschule","maennlich","","","",""
"16","1996","Realschule","weiblich","","","",""
"16","1996","(Fach-)Abitur","maennlich","","","",""
"16","1996","(Fach-)Abitur","weiblich","","","",""
"16","1996","AkademikerIn","maennlich","","","",""
"16","1996","AkademikerIn","weiblich","","","",""
"17","1996","(noch) kein Abschluss","maennlich","","","",""
"17","1996","(noch) kein Abschluss","weiblich","","","",""
"17","1996","Hauptschule","maennlich","1","","",""
"17","1996","Hauptschule","weiblich","","","",""
"17","1996","Realschule","maennlich","","","",""
"17","1996","Realschule","weiblich","","","",""
"17","1996","(Fach-)Abitur","maennlich","","","",""
"17","1996","(Fach-)Abitur","weiblich","","","",""
"17","1996","AkademikerIn","maennlich","","","",""
"17","1996","AkademikerIn","weiblich","","","",""
"18","1996","(noch) kein Abschluss","maennlich","","","",""
"18","1996","(noch) kein Abschluss","weiblich","","","",""
"18","1996","Hauptschule","maennlich","","","",""
"18","1996","Hauptschule","weiblich","","","",""
"18","1996","Realschule","maennlich","","","",""
"18","1996","Realschule","weiblich","","","",""
"18","1996","(Fach-)Abitur","maennlich","","","",""
"18","1996","(Fach-)Abitur","weiblich","","","",""
"18","1996","AkademikerIn","maennlich","","","",""
"18","1996","AkademikerIn","weiblich","","","",""
"19","1996","(noch) kein Abschluss","maennlich","","","",""
"19","1996","(noch) kein Abschluss","weiblich","","","",""
"19","1996","Hauptschule","maennlich","","","",""
"19","1996","Hauptschule","weiblich","","","",""
"19","1996","Realschule","maennlich","","","",""
"19","1996","Realschule","weiblich","","","",""
"19","1996","(Fach-)Abitur","maennlich","","","",""
"19","1996","(Fach-)Abitur","weiblich","","","",""
"19","1996","AkademikerIn","maennlich","","","",""
"19","1996","AkademikerIn","weiblich","","","",""
"20","1996","(noch) kein Abschluss","maennlich","","","",""
"20","1996","(noch) kein Abschluss","weiblich","","","",""
"20","1996","Hauptschule","maennlich","","","",""
"20","1996","Hauptschule","weiblich","","","",""
"20","1996","Realschule","maennlich","","","",""
"20","1996","Realschule","weiblich","","","",""
"20","1996","(Fach-)Abitur","maennlich","","","",""
"20","1996","(Fach-)Abitur","weiblich","","","",""
"20","1996","AkademikerIn","maennlich","","","",""
"20","1996","AkademikerIn","weiblich","","","",""
"21","1996","(noch) kein Abschluss","maennlich","","","",""
"21","1996","(noch) kein Abschluss","weiblich","","","",""
"21","1996","Hauptschule","maennlich","","","",""
"21","1996","Hauptschule","weiblich","","","",""
"21","1996","Realschule","maennlich","","","",""
"21","1996","Realschule","weiblich","","","",""
"21","1996","(Fach-)Abitur","maennlich","","","",""
"21","1996","(Fach-)Abitur","weiblich","","","",""
"21","1996","AkademikerIn","maennlich","","","",""
"21","1996","AkademikerIn","weiblich","","","",""
"22","1996","(noch) kein Abschluss","maennlich","","","",""
"22","1996","(noch) kein Abschluss","weiblich","","","",""
"22","1996","Hauptschule","maennlich","","","",""
"22","1996","Hauptschule","weiblich","","","",""
"22","1996","Realschule","maennlich","","","",""
"22","1996","Realschule","weiblich","","","",""
"22","1996","(Fach-)Abitur","maennlich","","","",""
"22","1996","(Fach-)Abitur","weiblich","","","",""
"22","1996","AkademikerIn","maennlich","","","",""
"22","1996","AkademikerIn","weiblich","","","",""
"23","1996","(noch) kein Abschluss","maennlich","","","",""
"23","1996","(noch) kein Abschluss","weiblich","","","",""
"23","1996","Hauptschule","maennlich","","","",""
"23","1996","Hauptschule","weiblich","","","",""
"23","1996","Realschule","maennlich","","","",""
"23","1996","Realschule","weiblich","","","",""
"23","1996","(Fach-)Abitur","maennlich","","","",""
"23","1996","(Fach-)Abitur","weiblich","","","",""
"23","1996","AkademikerIn","maennlich","","","",""
"23","1996","AkademikerIn","weiblich","","","",""
"24","1996","(noch) kein Abschluss","maennlich","","","",""
"24","1996","(noch) kein Abschluss","weiblich","","","",""
"24","1996","Hauptschule","maennlich","","","",""
"24","1996","Hauptschule","weiblich","","","",""
"24","1996","Realschule","maennlich","","","",""
"24","1996","Realschule","weiblich","","","",""
"24","1996","(Fach-)Abitur","maennlich","","","",""
"24","1996","(Fach-)Abitur","weiblich","","","",""
"24","1996","AkademikerIn","maennlich","","","",""
"24","1996","AkademikerIn","weiblich","","","",""
"25","1996","(noch) kein Abschluss","maennlich","","","",""
"25","1996","(noch) kein Abschluss","weiblich","","","",""
"25","1996","Hauptschule","maennlich","","","",""
"25","1996","Hauptschule","weiblich","","","",""
"25","1996","Realschule","maennlich","","","",""
"25","1996","Realschule","weiblich","","","",""
"25","1996","(Fach-)Abitur","maennlich","","","",""
"25","1996","(Fach-)Abitur","weiblich","","","",""
"25","1996","AkademikerIn","maennlich","","","",""
"25","1996","AkademikerIn","weiblich","","","",""
"26","1996","(noch) kein Abschluss","maennlich","","","",""
"26","1996","(noch) kein Abschluss","weiblich","","","",""
"26","1996","Hauptschule","maennlich","","","",""
"26","1996","Hauptschule","weiblich","","","",""
"26","1996","Realschule","maennlich","","","",""
"26","1996","Realschule","weiblich","","","",""
"26","1996","(Fach-)Abitur","maennlich","","","",""
"26","1996","(Fach-)Abitur","weiblich","","","",""
"26","1996","AkademikerIn","maennlich","","","",""
"26","1996","AkademikerIn","weiblich","","","",""
"27","1996","(noch) kein Abschluss","maennlich","","","",""
"27","1996","(noch) kein Abschluss","weiblich","","","",""
"27","1996","Hauptschule","maennlich","","","",""
"27","1996","Hauptschule","weiblich","","","",""
"27","1996","Realschule","maennlich","","","",""
"27","1996","Realschule","weiblich","","","",""
"27","1996","(Fach-)Abitur","maennlich","","","",""
"27","1996","(Fach-)Abitur","weiblich","","","",""
"27","1996","AkademikerIn","maennlich","","","",""
"27","1996","AkademikerIn","weiblich","","","",""
"28","1996","(noch) kein Abschluss","maennlich","","","",""
"28","1996","(noch) kein Abschluss","weiblich","","","",""
"28","1996","Hauptschule","maennlich","","","",""
"28","1996","Hauptschule","weiblich","1","","",""
"28","1996","Realschule","maennlich","","","",""
"28","1996","Realschule","weiblich","","","",""
"28","1996","(Fach-)Abitur","maennlich","","","",""
"28","1996","(Fach-)Abitur","weiblich","","","",""
"28","1996","AkademikerIn","maennlich","","","",""
"28","1996","AkademikerIn","weiblich","","","",""
"30","1996","(noch) kein Abschluss","maennlich","","","",""
"30","1996","(noch) kein Abschluss","weiblich","","","",""
"30","1996","Hauptschule","maennlich","","","",""
"30","1996","Hauptschule","weiblich","","","",""
"30","1996","Realschule","maennlich","1","","",""
"30","1996","Realschule","weiblich","","","",""
"30","1996","(Fach-)Abitur","maennlich","","","",""
"30","1996","(Fach-)Abitur","weiblich","","","",""
"30","1996","AkademikerIn","maennlich","","","",""
"30","1996","AkademikerIn","weiblich","","","",""
"31","1996","(noch) kein Abschluss","maennlich","","","",""
"31","1996","(noch) kein Abschluss","weiblich","","","",""
"31","1996","Hauptschule","maennlich","","","",""
"31","1996","Hauptschule","weiblich","","","",""
"31","1996","Realschule","maennlich","","","",""
"31","1996","Realschule","weiblich","","","",""
"31","1996","(Fach-)Abitur","maennlich","","","",""
"31","1996","(Fach-)Abitur","weiblich","","","",""
"31","1996","AkademikerIn","maennlich","","","",""
"31","1996","AkademikerIn","weiblich","","","",""
"32","1996","(noch) kein Abschluss","maennlich","","","",""
"32","1996","(noch) kein Abschluss","weiblich","","","",""
"32","1996","Hauptschule","maennlich","","","",""
"32","1996","Hauptschule","weiblich","","","",""
"32","1996","Realschule","maennlich","","","",""
"32","1996","Realschule","weiblich","","","",""
"32","1996","(Fach-)Abitur","maennlich","","","",""
"32","1996","(Fach-)Abitur","weiblich","","","",""
"32","1996","AkademikerIn","maennlich","","","",""
"32","1996","AkademikerIn","weiblich","","","",""
"35","1996","(noch) kein Abschluss","maennlich","","","",""
"35","1996","(noch) kein Abschluss","weiblich","","","",""
"35","1996","Hauptschule","maennlich","","","",""
"35","1996","Hauptschule","weiblich","1","","",""
"35","1996","Realschule","maennlich","","","",""
"35","1996","Realschule","weiblich","","","",""
"35","1996","(Fach-)Abitur","maennlich","","","",""
"35","1996","(Fach-)Abitur","weiblich","","","",""
"35","1996","AkademikerIn","maennlich","","","",""
"35","1996","AkademikerIn","weiblich","","","",""
"36","1996","(noch) kein Abschluss","maennlich","","","",""
"36","1996","(noch) kein Abschluss","weiblich","","","",""
"36","1996","Hauptschule","maennlich","","","",""
"36","1996","Hauptschule","weiblich","","","",""
"36","1996","Realschule","maennlich","","","",""
"36","1996","Realschule","weiblich","","","",""
"36","1996","(Fach-)Abitur","maennlich","","","",""
"36","1996","(Fach-)Abitur","weiblich","","","",""
"36","1996","AkademikerIn","maennlich","","","",""
"36","1996","AkademikerIn","weiblich","","","",""
"40","1996","(noch) kein Abschluss","maennlich","","","",""
"40","1996","(noch) kein Abschluss","weiblich","","","",""
"40","1996","Hauptschule","maennlich","","","",""
"40","1996","Hauptschule","weiblich","","","",""
"40","1996","Realschule","maennlich","","","",""
"40","1996","Realschule","weiblich","","","",""
"40","1996","(Fach-)Abitur","maennlich","","","",""
"40","1996","(Fach-)Abitur","weiblich","","","",""
"40","1996","AkademikerIn","maennlich","","","",""
"40","1996","AkademikerIn","weiblich","","","",""
"42","1996","(noch) kein Abschluss","maennlich","","","",""
"42","1996","(noch) kein Abschluss","weiblich","","","",""
"42","1996","Hauptschule","maennlich","","","",""
"42","1996","Hauptschule","weiblich","","","",""
"42","1996","Realschule","maennlich","","","",""
"42","1996","Realschule","weiblich","","","",""
"42","1996","(Fach-)Abitur","maennlich","","","",""
"42","1996","(Fach-)Abitur","weiblich","","","",""
"42","1996","AkademikerIn","maennlich","","","",""
"42","1996","AkademikerIn","weiblich","","","",""
"45","1996","(noch) kein Abschluss","maennlich","","","",""
"45","1996","(noch) kein Abschluss","weiblich","","","",""
"45","1996","Hauptschule","maennlich","","","",""
"45","1996","Hauptschule","weiblich","","","",""
"45","1996","Realschule","maennlich","","","",""
"45","1996","Realschule","weiblich","","","",""
"45","1996","(Fach-)Abitur","maennlich","","","",""
"45","1996","(Fach-)Abitur","weiblich","","","",""
"45","1996","AkademikerIn","maennlich","","","",""
"45","1996","AkademikerIn","weiblich","","","",""
"48","1996","(noch) kein Abschluss","maennlich","","","",""
"48","1996","(noch) kein Abschluss","weiblich","","","",""
"48","1996","Hauptschule","maennlich","","","",""
"48","1996","Hauptschule","weiblich","","","",""
"48","1996","Realschule","maennlich","","","",""
"48","1996","Realschule","weiblich","","","",""
"48","1996","(Fach-)Abitur","maennlich","","","",""
"48","1996","(Fach-)Abitur","weiblich","","","",""
"48","1996","AkademikerIn","maennlich","","","",""
"48","1996","AkademikerIn","weiblich","","","",""
"50","1996","(noch) kein Abschluss","maennlich","","","",""
"50","1996","(noch) kein Abschluss","weiblich","","","",""
"50","1996","Hauptschule","maennlich","","","",""
"50","1996","Hauptschule","weiblich","","","",""
"50","1996","Realschule","maennlich","","","",""
"50","1996","Realschule","weiblich","","","",""
"50","1996","(Fach-)Abitur","maennlich","","","",""
"50","1996","(Fach-)Abitur","weiblich","","","",""
"50","1996","AkademikerIn","maennlich","","","",""
"50","1996","AkademikerIn","weiblich","","","",""
"51","1996","(noch) kein Abschluss","maennlich","","","",""
"51","1996","(noch) kein Abschluss","weiblich","","","",""
"51","1996","Hauptschule","maennlich","","","",""
"51","1996","Hauptschule","weiblich","","","",""
"51","1996","Realschule","maennlich","","","",""
"51","1996","Realschule","weiblich","","","",""
"51","1996","(Fach-)Abitur","maennlich","","","",""
"51","1996","(Fach-)Abitur","weiblich","","","",""
"51","1996","AkademikerIn","maennlich","","","",""
"51","1996","AkademikerIn","weiblich","","","",""
"64","1996","(noch) kein Abschluss","maennlich","","","",""
"64","1996","(noch) kein Abschluss","weiblich","","","",""
"64","1996","Hauptschule","maennlich","","","",""
"64","1996","Hauptschule","weiblich","","","",""
"64","1996","Realschule","maennlich","","","",""
"64","1996","Realschule","weiblich","","","",""
"64","1996","(Fach-)Abitur","maennlich","","","",""
"64","1996","(Fach-)Abitur","weiblich","","","",""
"64","1996","AkademikerIn","maennlich","","","",""
"64","1996","AkademikerIn","weiblich","","","",""
"65","1996","(noch) kein Abschluss","maennlich","","","",""
"65","1996","(noch) kein Abschluss","weiblich","","","",""
"65","1996","Hauptschule","maennlich","","","",""
"65","1996","Hauptschule","weiblich","","","",""
"65","1996","Realschule","maennlich","","","",""
"65","1996","Realschule","weiblich","","","",""
"65","1996","(Fach-)Abitur","maennlich","","","",""
"65","1996","(Fach-)Abitur","weiblich","","","",""
"65","1996","AkademikerIn","maennlich","","","",""
"65","1996","AkademikerIn","weiblich","","","",""
"90","1996","(noch) kein Abschluss","maennlich","","","",""
"90","1996","(noch) kein Abschluss","weiblich","","","",""
"90","1996","Hauptschule","maennlich","","","",""
"90","1996","Hauptschule","weiblich","","","",""
"90","1996","Realschule","maennlich","","","",""
"90","1996","Realschule","weiblich","","","",""
"90","1996","(Fach-)Abitur","maennlich","","","",""
"90","1996","(Fach-)Abitur","weiblich","","","",""
"90","1996","AkademikerIn","maennlich","","","",""
"90","1996","AkademikerIn","weiblich","","","",""
"98","1996","(noch) kein Abschluss","maennlich","","","",""
"98","1996","(noch) kein Abschluss","weiblich","","","",""
"98","1996","Hauptschule","maennlich","","","",""
"98","1996","Hauptschule","weiblich","","","",""
"98","1996","Realschule","maennlich","","","",""
"98","1996","Realschule","weiblich","","","",""
"98","1996","(Fach-)Abitur","maennlich","","","",""
"98","1996","(Fach-)Abitur","weiblich","","","",""
"98","1996","AkademikerIn","maennlich","","","",""
"98","1996","AkademikerIn","weiblich","","","",""
"100","1996","(noch) kein Abschluss","maennlich","","","",""
"100","1996","(noch) kein Abschluss","weiblich","","","",""
"100","1996","Hauptschule","maennlich","","","",""
"100","1996","Hauptschule","weiblich","","","",""
"100","1996","Realschule","maennlich","","","",""
"100","1996","Realschule","weiblich","","","",""
"100","1996","(Fach-)Abitur","maennlich","","","",""
"100","1996","(Fach-)Abitur","weiblich","","","",""
"100","1996","AkademikerIn","maennlich","","","",""
"100","1996","AkademikerIn","weiblich","","","",""
"0","1997","(noch) kein Abschluss","maennlich","","","",""
"0","1997","(noch) kein Abschluss","weiblich","","","",""
"0","1997","Hauptschule","maennlich","","","",""
"0","1997","Hauptschule","weiblich","","","",""
"0","1997","Realschule","maennlich","","","",""
"0","1997","Realschule","weiblich","","","",""
"0","1997","(Fach-)Abitur","maennlich","","","",""
"0","1997","(Fach-)Abitur","weiblich","","","",""
"0","1997","AkademikerIn","maennlich","","","",""
"0","1997","AkademikerIn","weiblich","","","",""
"1","1997","(noch) kein Abschluss","maennlich","32","0.778415218514105","0.648071108415254","0.908759328612955"
"1","1997","(noch) kein Abschluss","weiblich","38","0.896877267677835","0.808021515392299","0.985733019963371"
"1","1997","Hauptschule","maennlich","231","","",""
"1","1997","Hauptschule","weiblich","338","0.765370196216013","0.726085654468732","0.804654737963295"
"1","1997","Realschule","maennlich","82","0.827805852415984","0.75380758852166","0.901804116310309"
"1","1997","Realschule","weiblich","166","","",""
"1","1997","(Fach-)Abitur","maennlich","31","0.92522989488338","0.839311597018209","1.01114819274855"
"1","1997","(Fach-)Abitur","weiblich","65","0.883092555589083","0.811786734524701","0.954398376653465"
"1","1997","AkademikerIn","maennlich","63","0.769733336829598","0.677478577684117","0.861988095975079"
"1","1997","AkademikerIn","weiblich","66","0.855405817468721","0.77735772384914","0.933453911088302"
"2","1997","(noch) kein Abschluss","maennlich","5","0.100896348280982","0.00636880033748623","0.195423896224477"
"2","1997","(noch) kein Abschluss","weiblich","5","0.0531301374758352","-0.0124024703675384","0.118662745319209"
"2","1997","Hauptschule","maennlich","51","0.169328364053875","0.128107785984369","0.21054894212338"
"2","1997","Hauptschule","weiblich","81","0.156669726029927","0.122973154402756","0.190366297657097"
"2","1997","Realschule","maennlich","12","","",""
"2","1997","Realschule","weiblich","27","","",""
"2","1997","(Fach-)Abitur","maennlich","4","0.0605675863457131","-0.017352557314704","0.13848773000613"
"2","1997","(Fach-)Abitur","weiblich","12","","",""
"2","1997","AkademikerIn","maennlich","8","0.101268823089005","0.0351605393068813","0.167377106871129"
"2","1997","AkademikerIn","weiblich","10","","",""
"3","1997","(noch) kein Abschluss","maennlich","2","","",""
"3","1997","(noch) kein Abschluss","weiblich","1","","",""
"3","1997","Hauptschule","maennlich","20","","",""
"3","1997","Hauptschule","weiblich","16","","",""
"3","1997","Realschule","maennlich","2","","",""
"3","1997","Realschule","weiblich","4","0.0145407242707896","-0.00188578820078243","0.0309672367423617"
"3","1997","(Fach-)Abitur","maennlich","","","",""
"3","1997","(Fach-)Abitur","weiblich","","","",""
"3","1997","AkademikerIn","maennlich","6","0.0558453377148137","0.0055279449919986","0.106162730437629"
"3","1997","AkademikerIn","weiblich","1","","",""
"4","1997","(noch) kein Abschluss","maennlich","","","",""
"4","1997","(noch) kein Abschluss","weiblich","","","",""
"4","1997","Hauptschule","maennlich","3","","",""
"4","1997","Hauptschule","weiblich","2","","",""
"4","1997","Realschule","maennlich","2","","",""
"4","1997","Realschule","weiblich","4","0.0133931295681226","-0.00238102565730597","0.0291672847935512"
"4","1997","(Fach-)Abitur","maennlich","","","",""
"4","1997","(Fach-)Abitur","weiblich","","","",""
"4","1997","AkademikerIn","maennlich","","","",""
"4","1997","AkademikerIn","weiblich","1","","",""
"5","1997","(noch) kein Abschluss","maennlich","","","",""
"5","1997","(noch) kein Abschluss","weiblich","","","",""
"5","1997","Hauptschule","maennlich","1","","",""
"5","1997","Hauptschule","weiblich","4","0.013346889401401","0.00270872726758936","0.0239850515352126"
"5","1997","Realschule","maennlich","","","",""
"5","1997","Realschule","weiblich","1","","",""
"5","1997","(Fach-)Abitur","maennlich","1","","",""
"5","1997","(Fach-)Abitur","weiblich","","","",""
"5","1997","AkademikerIn","maennlich","1","","",""
"5","1997","AkademikerIn","weiblich","","","",""
"6","1997","(noch) kein Abschluss","maennlich","","","",""
"6","1997","(noch) kein Abschluss","weiblich","","","",""
"6","1997","Hauptschule","maennlich","","","",""
"6","1997","Hauptschule","weiblich","1","","",""
"6","1997","Realschule","maennlich","","","",""
"6","1997","Realschule","weiblich","","","",""
"6","1997","(Fach-)Abitur","maennlich","","","",""
"6","1997","(Fach-)Abitur","weiblich","1","","",""
"6","1997","AkademikerIn","maennlich","","","",""
"6","1997","AkademikerIn","weiblich","","","",""
"7","1997","(noch) kein Abschluss","maennlich","","","",""
"7","1997","(noch) kein Abschluss","weiblich","","","",""
"7","1997","Hauptschule","maennlich","1","","",""
"7","1997","Hauptschule","weiblich","1","","",""
"7","1997","Realschule","maennlich","2","","",""
"7","1997","Realschule","weiblich","1","","",""
"7","1997","(Fach-)Abitur","maennlich","","","",""
"7","1997","(Fach-)Abitur","weiblich","","","",""
"7","1997","AkademikerIn","maennlich","1","","",""
"7","1997","AkademikerIn","weiblich","","","",""
"8","1997","(noch) kein Abschluss","maennlich","","","",""
"8","1997","(noch) kein Abschluss","weiblich","","","",""
"8","1997","Hauptschule","maennlich","3","","",""
"8","1997","Hauptschule","weiblich","1","","",""
"8","1997","Realschule","maennlich","","","",""
"8","1997","Realschule","weiblich","","","",""
"8","1997","(Fach-)Abitur","maennlich","","","",""
"8","1997","(Fach-)Abitur","weiblich","","","",""
"8","1997","AkademikerIn","maennlich","","","",""
"8","1997","AkademikerIn","weiblich","","","",""
"9","1997","(noch) kein Abschluss","maennlich","","","",""
"9","1997","(noch) kein Abschluss","weiblich","","","",""
"9","1997","Hauptschule","maennlich","","","",""
"9","1997","Hauptschule","weiblich","","","",""
"9","1997","Realschule","maennlich","","","",""
"9","1997","Realschule","weiblich","","","",""
"9","1997","(Fach-)Abitur","maennlich","","","",""
"9","1997","(Fach-)Abitur","weiblich","","","",""
"9","1997","AkademikerIn","maennlich","","","",""
"9","1997","AkademikerIn","weiblich","","","",""
"10","1997","(noch) kein Abschluss","maennlich","","","",""
"10","1997","(noch) kein Abschluss","weiblich","","","",""
"10","1997","Hauptschule","maennlich","1","","",""
"10","1997","Hauptschule","weiblich","","","",""
"10","1997","Realschule","maennlich","","","",""
"10","1997","Realschule","weiblich","","","",""
"10","1997","(Fach-)Abitur","maennlich","","","",""
"10","1997","(Fach-)Abitur","weiblich","","","",""
"10","1997","AkademikerIn","maennlich","","","",""
"10","1997","AkademikerIn","weiblich","","","",""
"11","1997","(noch) kein Abschluss","maennlich","","","",""
"11","1997","(noch) kein Abschluss","weiblich","","","",""
"11","1997","Hauptschule","maennlich","","","",""
"11","1997","Hauptschule","weiblich","","","",""
"11","1997","Realschule","maennlich","","","",""
"11","1997","Realschule","weiblich","","","",""
"11","1997","(Fach-)Abitur","maennlich","","","",""
"11","1997","(Fach-)Abitur","weiblich","","","",""
"11","1997","AkademikerIn","maennlich","","","",""
"11","1997","AkademikerIn","weiblich","","","",""
"12","1997","(noch) kein Abschluss","maennlich","","","",""
"12","1997","(noch) kein Abschluss","weiblich","","","",""
"12","1997","Hauptschule","maennlich","3","","",""
"12","1997","Hauptschule","weiblich","1","","",""
"12","1997","Realschule","maennlich","","","",""
"12","1997","Realschule","weiblich","1","","",""
"12","1997","(Fach-)Abitur","maennlich","","","",""
"12","1997","(Fach-)Abitur","weiblich","","","",""
"12","1997","AkademikerIn","maennlich","","","",""
"12","1997","AkademikerIn","weiblich","","","",""
"13","1997","(noch) kein Abschluss","maennlich","","","",""
"13","1997","(noch) kein Abschluss","weiblich","","","",""
"13","1997","Hauptschule","maennlich","","","",""
"13","1997","Hauptschule","weiblich","","","",""
"13","1997","Realschule","maennlich","","","",""
"13","1997","Realschule","weiblich","","","",""
"13","1997","(Fach-)Abitur","maennlich","","","",""
"13","1997","(Fach-)Abitur","weiblich","","","",""
"13","1997","AkademikerIn","maennlich","","","",""
"13","1997","AkademikerIn","weiblich","","","",""
"14","1997","(noch) kein Abschluss","maennlich","","","",""
"14","1997","(noch) kein Abschluss","weiblich","","","",""
"14","1997","Hauptschule","maennlich","3","","",""
"14","1997","Hauptschule","weiblich","","","",""
"14","1997","Realschule","maennlich","","","",""
"14","1997","Realschule","weiblich","","","",""
"14","1997","(Fach-)Abitur","maennlich","","","",""
"14","1997","(Fach-)Abitur","weiblich","","","",""
"14","1997","AkademikerIn","maennlich","","","",""
"14","1997","AkademikerIn","weiblich","","","",""
"15","1997","(noch) kein Abschluss","maennlich","","","",""
"15","1997","(noch) kein Abschluss","weiblich","","","",""
"15","1997","Hauptschule","maennlich","1","","",""
"15","1997","Hauptschule","weiblich","","","",""
"15","1997","Realschule","maennlich","","","",""
"15","1997","Realschule","weiblich","","","",""
"15","1997","(Fach-)Abitur","maennlich","","","",""
"15","1997","(Fach-)Abitur","weiblich","","","",""
"15","1997","AkademikerIn","maennlich","","","",""
"15","1997","AkademikerIn","weiblich","","","",""
"16","1997","(noch) kein Abschluss","maennlich","","","",""
"16","1997","(noch) kein Abschluss","weiblich","","","",""
"16","1997","Hauptschule","maennlich","","","",""
"16","1997","Hauptschule","weiblich","","","",""
"16","1997","Realschule","maennlich","","","",""
"16","1997","Realschule","weiblich","","","",""
"16","1997","(Fach-)Abitur","maennlich","","","",""
"16","1997","(Fach-)Abitur","weiblich","","","",""
"16","1997","AkademikerIn","maennlich","","","",""
"16","1997","AkademikerIn","weiblich","","","",""
"17","1997","(noch) kein Abschluss","maennlich","","","",""
"17","1997","(noch) kein Abschluss","weiblich","","","",""
"17","1997","Hauptschule","maennlich","","","",""
"17","1997","Hauptschule","weiblich","","","",""
"17","1997","Realschule","maennlich","","","",""
"17","1997","Realschule","weiblich","","","",""
"17","1997","(Fach-)Abitur","maennlich","","","",""
"17","1997","(Fach-)Abitur","weiblich","","","",""
"17","1997","AkademikerIn","maennlich","","","",""
"17","1997","AkademikerIn","weiblich","","","",""
"18","1997","(noch) kein Abschluss","maennlich","","","",""
"18","1997","(noch) kein Abschluss","weiblich","","","",""
"18","1997","Hauptschule","maennlich","","","",""
"18","1997","Hauptschule","weiblich","","","",""
"18","1997","Realschule","maennlich","","","",""
"18","1997","Realschule","weiblich","","","",""
"18","1997","(Fach-)Abitur","maennlich","","","",""
"18","1997","(Fach-)Abitur","weiblich","","","",""
"18","1997","AkademikerIn","maennlich","","","",""
"18","1997","AkademikerIn","weiblich","","","",""
"19","1997","(noch) kein Abschluss","maennlich","","","",""
"19","1997","(noch) kein Abschluss","weiblich","","","",""
"19","1997","Hauptschule","maennlich","","","",""
"19","1997","Hauptschule","weiblich","","","",""
"19","1997","Realschule","maennlich","","","",""
"19","1997","Realschule","weiblich","","","",""
"19","1997","(Fach-)Abitur","maennlich","","","",""
"19","1997","(Fach-)Abitur","weiblich","","","",""
"19","1997","AkademikerIn","maennlich","","","",""
"19","1997","AkademikerIn","weiblich","","","",""
"20","1997","(noch) kein Abschluss","maennlich","","","",""
"20","1997","(noch) kein Abschluss","weiblich","","","",""
"20","1997","Hauptschule","maennlich","","","",""
"20","1997","Hauptschule","weiblich","","","",""
"20","1997","Realschule","maennlich","","","",""
"20","1997","Realschule","weiblich","","","",""
"20","1997","(Fach-)Abitur","maennlich","","","",""
"20","1997","(Fach-)Abitur","weiblich","","","",""
"20","1997","AkademikerIn","maennlich","","","",""
"20","1997","AkademikerIn","weiblich","","","",""
"21","1997","(noch) kein Abschluss","maennlich","","","",""
"21","1997","(noch) kein Abschluss","weiblich","1","","",""
"21","1997","Hauptschule","maennlich","","","",""
"21","1997","Hauptschule","weiblich","","","",""
"21","1997","Realschule","maennlich","","","",""
"21","1997","Realschule","weiblich","","","",""
"21","1997","(Fach-)Abitur","maennlich","","","",""
"21","1997","(Fach-)Abitur","weiblich","","","",""
"21","1997","AkademikerIn","maennlich","","","",""
"21","1997","AkademikerIn","weiblich","","","",""
"22","1997","(noch) kein Abschluss","maennlich","","","",""
"22","1997","(noch) kein Abschluss","weiblich","","","",""
"22","1997","Hauptschule","maennlich","","","",""
"22","1997","Hauptschule","weiblich","","","",""
"22","1997","Realschule","maennlich","","","",""
"22","1997","Realschule","weiblich","","","",""
"22","1997","(Fach-)Abitur","maennlich","","","",""
"22","1997","(Fach-)Abitur","weiblich","","","",""
"22","1997","AkademikerIn","maennlich","","","",""
"22","1997","AkademikerIn","weiblich","","","",""
"23","1997","(noch) kein Abschluss","maennlich","","","",""
"23","1997","(noch) kein Abschluss","weiblich","","","",""
"23","1997","Hauptschule","maennlich","","","",""
"23","1997","Hauptschule","weiblich","","","",""
"23","1997","Realschule","maennlich","","","",""
"23","1997","Realschule","weiblich","","","",""
"23","1997","(Fach-)Abitur","maennlich","","","",""
"23","1997","(Fach-)Abitur","weiblich","","","",""
"23","1997","AkademikerIn","maennlich","","","",""
"23","1997","AkademikerIn","weiblich","","","",""
"24","1997","(noch) kein Abschluss","maennlich","","","",""
"24","1997","(noch) kein Abschluss","weiblich","","","",""
"24","1997","Hauptschule","maennlich","","","",""
"24","1997","Hauptschule","weiblich","","","",""
"24","1997","Realschule","maennlich","","","",""
"24","1997","Realschule","weiblich","","","",""
"24","1997","(Fach-)Abitur","maennlich","","","",""
"24","1997","(Fach-)Abitur","weiblich","","","",""
"24","1997","AkademikerIn","maennlich","","","",""
"24","1997","AkademikerIn","weiblich","","","",""
"25","1997","(noch) kein Abschluss","maennlich","","","",""
"25","1997","(noch) kein Abschluss","weiblich","","","",""
"25","1997","Hauptschule","maennlich","","","",""
"25","1997","Hauptschule","weiblich","","","",""
"25","1997","Realschule","maennlich","","","",""
"25","1997","Realschule","weiblich","","","",""
"25","1997","(Fach-)Abitur","maennlich","","","",""
"25","1997","(Fach-)Abitur","weiblich","","","",""
"25","1997","AkademikerIn","maennlich","","","",""
"25","1997","AkademikerIn","weiblich","","","",""
"26","1997","(noch) kein Abschluss","maennlich","","","",""
"26","1997","(noch) kein Abschluss","weiblich","","","",""
"26","1997","Hauptschule","maennlich","","","",""
"26","1997","Hauptschule","weiblich","","","",""
"26","1997","Realschule","maennlich","","","",""
"26","1997","Realschule","weiblich","","","",""
"26","1997","(Fach-)Abitur","maennlich","","","",""
"26","1997","(Fach-)Abitur","weiblich","","","",""
"26","1997","AkademikerIn","maennlich","","","",""
"26","1997","AkademikerIn","weiblich","","","",""
"27","1997","(noch) kein Abschluss","maennlich","","","",""
"27","1997","(noch) kein Abschluss","weiblich","","","",""
"27","1997","Hauptschule","maennlich","","","",""
"27","1997","Hauptschule","weiblich","","","",""
"27","1997","Realschule","maennlich","","","",""
"27","1997","Realschule","weiblich","","","",""
"27","1997","(Fach-)Abitur","maennlich","","","",""
"27","1997","(Fach-)Abitur","weiblich","","","",""
"27","1997","AkademikerIn","maennlich","","","",""
"27","1997","AkademikerIn","weiblich","","","",""
"28","1997","(noch) kein Abschluss","maennlich","","","",""
"28","1997","(noch) kein Abschluss","weiblich","","","",""
"28","1997","Hauptschule","maennlich","","","",""
"28","1997","Hauptschule","weiblich","","","",""
"28","1997","Realschule","maennlich","","","",""
"28","1997","Realschule","weiblich","","","",""
"28","1997","(Fach-)Abitur","maennlich","","","",""
"28","1997","(Fach-)Abitur","weiblich","","","",""
"28","1997","AkademikerIn","maennlich","","","",""
"28","1997","AkademikerIn","weiblich","","","",""
"30","1997","(noch) kein Abschluss","maennlich","","","",""
"30","1997","(noch) kein Abschluss","weiblich","","","",""
"30","1997","Hauptschule","maennlich","","","",""
"30","1997","Hauptschule","weiblich","1","","",""
"30","1997","Realschule","maennlich","","","",""
"30","1997","Realschule","weiblich","","","",""
"30","1997","(Fach-)Abitur","maennlich","","","",""
"30","1997","(Fach-)Abitur","weiblich","","","",""
"30","1997","AkademikerIn","maennlich","1","","",""
"30","1997","AkademikerIn","weiblich","","","",""
"31","1997","(noch) kein Abschluss","maennlich","","","",""
"31","1997","(noch) kein Abschluss","weiblich","","","",""
"31","1997","Hauptschule","maennlich","","","",""
"31","1997","Hauptschule","weiblich","","","",""
"31","1997","Realschule","maennlich","","","",""
"31","1997","Realschule","weiblich","","","",""
"31","1997","(Fach-)Abitur","maennlich","","","",""
"31","1997","(Fach-)Abitur","weiblich","","","",""
"31","1997","AkademikerIn","maennlich","","","",""
"31","1997","AkademikerIn","weiblich","","","",""
"32","1997","(noch) kein Abschluss","maennlich","","","",""
"32","1997","(noch) kein Abschluss","weiblich","","","",""
"32","1997","Hauptschule","maennlich","","","",""
"32","1997","Hauptschule","weiblich","","","",""
"32","1997","Realschule","maennlich","","","",""
"32","1997","Realschule","weiblich","","","",""
"32","1997","(Fach-)Abitur","maennlich","","","",""
"32","1997","(Fach-)Abitur","weiblich","","","",""
"32","1997","AkademikerIn","maennlich","","","",""
"32","1997","AkademikerIn","weiblich","","","",""
"35","1997","(noch) kein Abschluss","maennlich","","","",""
"35","1997","(noch) kein Abschluss","weiblich","","","",""
"35","1997","Hauptschule","maennlich","","","",""
"35","1997","Hauptschule","weiblich","","","",""
"35","1997","Realschule","maennlich","","","",""
"35","1997","Realschule","weiblich","","","",""
"35","1997","(Fach-)Abitur","maennlich","","","",""
"35","1997","(Fach-)Abitur","weiblich","","","",""
"35","1997","AkademikerIn","maennlich","","","",""
"35","1997","AkademikerIn","weiblich","","","",""
"36","1997","(noch) kein Abschluss","maennlich","","","",""
"36","1997","(noch) kein Abschluss","weiblich","","","",""
"36","1997","Hauptschule","maennlich","","","",""
"36","1997","Hauptschule","weiblich","1","","",""
"36","1997","Realschule","maennlich","","","",""
"36","1997","Realschule","weiblich","","","",""
"36","1997","(Fach-)Abitur","maennlich","","","",""
"36","1997","(Fach-)Abitur","weiblich","","","",""
"36","1997","AkademikerIn","maennlich","","","",""
"36","1997","AkademikerIn","weiblich","","","",""
"40","1997","(noch) kein Abschluss","maennlich","","","",""
"40","1997","(noch) kein Abschluss","weiblich","","","",""
"40","1997","Hauptschule","maennlich","","","",""
"40","1997","Hauptschule","weiblich","","","",""
"40","1997","Realschule","maennlich","","","",""
"40","1997","Realschule","weiblich","","","",""
"40","1997","(Fach-)Abitur","maennlich","","","",""
"40","1997","(Fach-)Abitur","weiblich","","","",""
"40","1997","AkademikerIn","maennlich","","","",""
"40","1997","AkademikerIn","weiblich","","","",""
"42","1997","(noch) kein Abschluss","maennlich","","","",""
"42","1997","(noch) kein Abschluss","weiblich","","","",""
"42","1997","Hauptschule","maennlich","","","",""
"42","1997","Hauptschule","weiblich","","","",""
"42","1997","Realschule","maennlich","","","",""
"42","1997","Realschule","weiblich","","","",""
"42","1997","(Fach-)Abitur","maennlich","","","",""
"42","1997","(Fach-)Abitur","weiblich","","","",""
"42","1997","AkademikerIn","maennlich","","","",""
"42","1997","AkademikerIn","weiblich","","","",""
"45","1997","(noch) kein Abschluss","maennlich","","","",""
"45","1997","(noch) kein Abschluss","weiblich","","","",""
"45","1997","Hauptschule","maennlich","","","",""
"45","1997","Hauptschule","weiblich","","","",""
"45","1997","Realschule","maennlich","","","",""
"45","1997","Realschule","weiblich","","","",""
"45","1997","(Fach-)Abitur","maennlich","","","",""
"45","1997","(Fach-)Abitur","weiblich","","","",""
"45","1997","AkademikerIn","maennlich","","","",""
"45","1997","AkademikerIn","weiblich","","","",""
"48","1997","(noch) kein Abschluss","maennlich","","","",""
"48","1997","(noch) kein Abschluss","weiblich","","","",""
"48","1997","Hauptschule","maennlich","","","",""
"48","1997","Hauptschule","weiblich","","","",""
"48","1997","Realschule","maennlich","","","",""
"48","1997","Realschule","weiblich","","","",""
"48","1997","(Fach-)Abitur","maennlich","","","",""
"48","1997","(Fach-)Abitur","weiblich","","","",""
"48","1997","AkademikerIn","maennlich","","","",""
"48","1997","AkademikerIn","weiblich","","","",""
"50","1997","(noch) kein Abschluss","maennlich","","","",""
"50","1997","(noch) kein Abschluss","weiblich","","","",""
"50","1997","Hauptschule","maennlich","","","",""
"50","1997","Hauptschule","weiblich","","","",""
"50","1997","Realschule","maennlich","","","",""
"50","1997","Realschule","weiblich","","","",""
"50","1997","(Fach-)Abitur","maennlich","","","",""
"50","1997","(Fach-)Abitur","weiblich","","","",""
"50","1997","AkademikerIn","maennlich","","","",""
"50","1997","AkademikerIn","weiblich","","","",""
"51","1997","(noch) kein Abschluss","maennlich","","","",""
"51","1997","(noch) kein Abschluss","weiblich","","","",""
"51","1997","Hauptschule","maennlich","","","",""
"51","1997","Hauptschule","weiblich","","","",""
"51","1997","Realschule","maennlich","","","",""
"51","1997","Realschule","weiblich","","","",""
"51","1997","(Fach-)Abitur","maennlich","","","",""
"51","1997","(Fach-)Abitur","weiblich","","","",""
"51","1997","AkademikerIn","maennlich","","","",""
"51","1997","AkademikerIn","weiblich","","","",""
"64","1997","(noch) kein Abschluss","maennlich","","","",""
"64","1997","(noch) kein Abschluss","weiblich","","","",""
"64","1997","Hauptschule","maennlich","","","",""
"64","1997","Hauptschule","weiblich","","","",""
"64","1997","Realschule","maennlich","","","",""
"64","1997","Realschule","weiblich","","","",""
"64","1997","(Fach-)Abitur","maennlich","","","",""
"64","1997","(Fach-)Abitur","weiblich","","","",""
"64","1997","AkademikerIn","maennlich","","","",""
"64","1997","AkademikerIn","weiblich","","","",""
"65","1997","(noch) kein Abschluss","maennlich","","","",""
"65","1997","(noch) kein Abschluss","weiblich","","","",""
"65","1997","Hauptschule","maennlich","","","",""
"65","1997","Hauptschule","weiblich","","","",""
"65","1997","Realschule","maennlich","","","",""
"65","1997","Realschule","weiblich","","","",""
"65","1997","(Fach-)Abitur","maennlich","","","",""
"65","1997","(Fach-)Abitur","weiblich","","","",""
"65","1997","AkademikerIn","maennlich","","","",""
"65","1997","AkademikerIn","weiblich","","","",""
"90","1997","(noch) kein Abschluss","maennlich","","","",""
"90","1997","(noch) kein Abschluss","weiblich","","","",""
"90","1997","Hauptschule","maennlich","","","",""
"90","1997","Hauptschule","weiblich","","","",""
"90","1997","Realschule","maennlich","","","",""
"90","1997","Realschule","weiblich","","","",""
"90","1997","(Fach-)Abitur","maennlich","","","",""
"90","1997","(Fach-)Abitur","weiblich","","","",""
"90","1997","AkademikerIn","maennlich","","","",""
"90","1997","AkademikerIn","weiblich","","","",""
"98","1997","(noch) kein Abschluss","maennlich","","","",""
"98","1997","(noch) kein Abschluss","weiblich","","","",""
"98","1997","Hauptschule","maennlich","","","",""
"98","1997","Hauptschule","weiblich","","","",""
"98","1997","Realschule","maennlich","","","",""
"98","1997","Realschule","weiblich","","","",""
"98","1997","(Fach-)Abitur","maennlich","","","",""
"98","1997","(Fach-)Abitur","weiblich","","","",""
"98","1997","AkademikerIn","maennlich","","","",""
"98","1997","AkademikerIn","weiblich","","","",""
"100","1997","(noch) kein Abschluss","maennlich","","","",""
"100","1997","(noch) kein Abschluss","weiblich","","","",""
"100","1997","Hauptschule","maennlich","","","",""
"100","1997","Hauptschule","weiblich","","","",""
"100","1997","Realschule","maennlich","","","",""
"100","1997","Realschule","weiblich","","","",""
"100","1997","(Fach-)Abitur","maennlich","","","",""
"100","1997","(Fach-)Abitur","weiblich","","","",""
"100","1997","AkademikerIn","maennlich","","","",""
"100","1997","AkademikerIn","weiblich","","","",""
"0","1998","(noch) kein Abschluss","maennlich","","","",""
"0","1998","(noch) kein Abschluss","weiblich","","","",""
"0","1998","Hauptschule","maennlich","","","",""
"0","1998","Hauptschule","weiblich","","","",""
"0","1998","Realschule","maennlich","","","",""
"0","1998","Realschule","weiblich","","","",""
"0","1998","(Fach-)Abitur","maennlich","","","",""
"0","1998","(Fach-)Abitur","weiblich","","","",""
"0","1998","AkademikerIn","maennlich","","","",""
"0","1998","AkademikerIn","weiblich","","","",""
"1","1998","(noch) kein Abschluss","maennlich","22","","",""
"1","1998","(noch) kein Abschluss","weiblich","46","0.721634776281719","0.605281965517893","0.837987587045546"
"1","1998","Hauptschule","maennlich","261","","",""
"1","1998","Hauptschule","weiblich","327","0.723954282496725","0.682183959789977","0.765724605203473"
"1","1998","Realschule","maennlich","95","0.807931198963713","0.73624514107012","0.879617256857306"
"1","1998","Realschule","weiblich","198","","",""
"1","1998","(Fach-)Abitur","maennlich","35","0.793187235897154","0.676144166303344","0.910230305490963"
"1","1998","(Fach-)Abitur","weiblich","64","0.878674026849119","0.80428257794819","0.953065475750048"
"1","1998","AkademikerIn","maennlich","70","0.789168339789555","0.703944814263199","0.87439186531591"
"1","1998","AkademikerIn","weiblich","100","","",""
"2","1998","(noch) kein Abschluss","maennlich","4","0.0670848922555874","-0.0255772852662122","0.159747069777387"
"2","1998","(noch) kein Abschluss","weiblich","10","","",""
"2","1998","Hauptschule","maennlich","54","0.159998297768171","0.121425502000995","0.198571093535346"
"2","1998","Hauptschule","weiblich","74","0.169859621878834","0.134772915822437","0.20494632793523"
"2","1998","Realschule","maennlich","16","","",""
"2","1998","Realschule","weiblich","40","0.175089978949449","0.127980096380488","0.22219986151841"
"2","1998","(Fach-)Abitur","maennlich","9","0.177125499900921","0.0667998430529973","0.287451156748845"
"2","1998","(Fach-)Abitur","weiblich","8","0.106958205785826","0.0365415853415752","0.177374826230076"
"2","1998","AkademikerIn","maennlich","12","","",""
"2","1998","AkademikerIn","weiblich","17","","",""
"3","1998","(noch) kein Abschluss","maennlich","","","",""
"3","1998","(noch) kein Abschluss","weiblich","1","","",""
"3","1998","Hauptschule","maennlich","13","","",""
"3","1998","Hauptschule","weiblich","22","","",""
"3","1998","Realschule","maennlich","1","","",""
"3","1998","Realschule","weiblich","8","0.0231903275121174","0.00453355554255225","0.0418470994816825"
"3","1998","(Fach-)Abitur","maennlich","1","","",""
"3","1998","(Fach-)Abitur","weiblich","2","","",""
"3","1998","AkademikerIn","maennlich","2","","",""
"3","1998","AkademikerIn","weiblich","1","","",""
"4","1998","(noch) kein Abschluss","maennlich","1","","",""
"4","1998","(noch) kein Abschluss","weiblich","","","",""
"4","1998","Hauptschule","maennlich","9","0.0325266486431517","0.0138618839764304","0.051191413309873"
"4","1998","Hauptschule","weiblich","7","0.0218216070132361","0.00817030261731467","0.0354729114091575"
"4","1998","Realschule","maennlich","1","","",""
"4","1998","Realschule","weiblich","2","","",""
"4","1998","(Fach-)Abitur","maennlich","","","",""
"4","1998","(Fach-)Abitur","weiblich","","","",""
"4","1998","AkademikerIn","maennlich","1","","",""
"4","1998","AkademikerIn","weiblich","1","","",""
"5","1998","(noch) kein Abschluss","maennlich","1","","",""
"5","1998","(noch) kein Abschluss","weiblich","","","",""
"5","1998","Hauptschule","maennlich","2","","",""
"5","1998","Hauptschule","weiblich","3","","",""
"5","1998","Realschule","maennlich","2","","",""
"5","1998","Realschule","weiblich","1","","",""
"5","1998","(Fach-)Abitur","maennlich","","","",""
"5","1998","(Fach-)Abitur","weiblich","","","",""
"5","1998","AkademikerIn","maennlich","","","",""
"5","1998","AkademikerIn","weiblich","","","",""
"6","1998","(noch) kein Abschluss","maennlich","","","",""
"6","1998","(noch) kein Abschluss","weiblich","","","",""
"6","1998","Hauptschule","maennlich","1","","",""
"6","1998","Hauptschule","weiblich","2","","",""
"6","1998","Realschule","maennlich","","","",""
"6","1998","Realschule","weiblich","1","","",""
"6","1998","(Fach-)Abitur","maennlich","","","",""
"6","1998","(Fach-)Abitur","weiblich","","","",""
"6","1998","AkademikerIn","maennlich","2","","",""
"6","1998","AkademikerIn","weiblich","","","",""
"7","1998","(noch) kein Abschluss","maennlich","","","",""
"7","1998","(noch) kein Abschluss","weiblich","","","",""
"7","1998","Hauptschule","maennlich","2","","",""
"7","1998","Hauptschule","weiblich","1","","",""
"7","1998","Realschule","maennlich","","","",""
"7","1998","Realschule","weiblich","","","",""
"7","1998","(Fach-)Abitur","maennlich","","","",""
"7","1998","(Fach-)Abitur","weiblich","","","",""
"7","1998","AkademikerIn","maennlich","","","",""
"7","1998","AkademikerIn","weiblich","","","",""
"8","1998","(noch) kein Abschluss","maennlich","","","",""
"8","1998","(noch) kein Abschluss","weiblich","","","",""
"8","1998","Hauptschule","maennlich","2","","",""
"8","1998","Hauptschule","weiblich","1","","",""
"8","1998","Realschule","maennlich","","","",""
"8","1998","Realschule","weiblich","","","",""
"8","1998","(Fach-)Abitur","maennlich","","","",""
"8","1998","(Fach-)Abitur","weiblich","","","",""
"8","1998","AkademikerIn","maennlich","","","",""
"8","1998","AkademikerIn","weiblich","","","",""
"9","1998","(noch) kein Abschluss","maennlich","","","",""
"9","1998","(noch) kein Abschluss","weiblich","","","",""
"9","1998","Hauptschule","maennlich","1","","",""
"9","1998","Hauptschule","weiblich","","","",""
"9","1998","Realschule","maennlich","","","",""
"9","1998","Realschule","weiblich","","","",""
"9","1998","(Fach-)Abitur","maennlich","","","",""
"9","1998","(Fach-)Abitur","weiblich","","","",""
"9","1998","AkademikerIn","maennlich","","","",""
"9","1998","AkademikerIn","weiblich","","","",""
"10","1998","(noch) kein Abschluss","maennlich","","","",""
"10","1998","(noch) kein Abschluss","weiblich","","","",""
"10","1998","Hauptschule","maennlich","","","",""
"10","1998","Hauptschule","weiblich","","","",""
"10","1998","Realschule","maennlich","","","",""
"10","1998","Realschule","weiblich","","","",""
"10","1998","(Fach-)Abitur","maennlich","","","",""
"10","1998","(Fach-)Abitur","weiblich","","","",""
"10","1998","AkademikerIn","maennlich","","","",""
"10","1998","AkademikerIn","weiblich","","","",""
"11","1998","(noch) kein Abschluss","maennlich","","","",""
"11","1998","(noch) kein Abschluss","weiblich","","","",""
"11","1998","Hauptschule","maennlich","","","",""
"11","1998","Hauptschule","weiblich","","","",""
"11","1998","Realschule","maennlich","","","",""
"11","1998","Realschule","weiblich","","","",""
"11","1998","(Fach-)Abitur","maennlich","","","",""
"11","1998","(Fach-)Abitur","weiblich","","","",""
"11","1998","AkademikerIn","maennlich","","","",""
"11","1998","AkademikerIn","weiblich","","","",""
"12","1998","(noch) kein Abschluss","maennlich","","","",""
"12","1998","(noch) kein Abschluss","weiblich","","","",""
"12","1998","Hauptschule","maennlich","","","",""
"12","1998","Hauptschule","weiblich","","","",""
"12","1998","Realschule","maennlich","1","","",""
"12","1998","Realschule","weiblich","","","",""
"12","1998","(Fach-)Abitur","maennlich","","","",""
"12","1998","(Fach-)Abitur","weiblich","","","",""
"12","1998","AkademikerIn","maennlich","","","",""
"12","1998","AkademikerIn","weiblich","","","",""
"13","1998","(noch) kein Abschluss","maennlich","","","",""
"13","1998","(noch) kein Abschluss","weiblich","","","",""
"13","1998","Hauptschule","maennlich","","","",""
"13","1998","Hauptschule","weiblich","","","",""
"13","1998","Realschule","maennlich","","","",""
"13","1998","Realschule","weiblich","","","",""
"13","1998","(Fach-)Abitur","maennlich","","","",""
"13","1998","(Fach-)Abitur","weiblich","","","",""
"13","1998","AkademikerIn","maennlich","","","",""
"13","1998","AkademikerIn","weiblich","","","",""
"14","1998","(noch) kein Abschluss","maennlich","","","",""
"14","1998","(noch) kein Abschluss","weiblich","","","",""
"14","1998","Hauptschule","maennlich","","","",""
"14","1998","Hauptschule","weiblich","2","","",""
"14","1998","Realschule","maennlich","","","",""
"14","1998","Realschule","weiblich","","","",""
"14","1998","(Fach-)Abitur","maennlich","","","",""
"14","1998","(Fach-)Abitur","weiblich","","","",""
"14","1998","AkademikerIn","maennlich","","","",""
"14","1998","AkademikerIn","weiblich","","","",""
"15","1998","(noch) kein Abschluss","maennlich","","","",""
"15","1998","(noch) kein Abschluss","weiblich","","","",""
"15","1998","Hauptschule","maennlich","","","",""
"15","1998","Hauptschule","weiblich","","","",""
"15","1998","Realschule","maennlich","","","",""
"15","1998","Realschule","weiblich","","","",""
"15","1998","(Fach-)Abitur","maennlich","","","",""
"15","1998","(Fach-)Abitur","weiblich","","","",""
"15","1998","AkademikerIn","maennlich","","","",""
"15","1998","AkademikerIn","weiblich","","","",""
"16","1998","(noch) kein Abschluss","maennlich","","","",""
"16","1998","(noch) kein Abschluss","weiblich","","","",""
"16","1998","Hauptschule","maennlich","","","",""
"16","1998","Hauptschule","weiblich","","","",""
"16","1998","Realschule","maennlich","","","",""
"16","1998","Realschule","weiblich","","","",""
"16","1998","(Fach-)Abitur","maennlich","","","",""
"16","1998","(Fach-)Abitur","weiblich","","","",""
"16","1998","AkademikerIn","maennlich","1","","",""
"16","1998","AkademikerIn","weiblich","","","",""
"17","1998","(noch) kein Abschluss","maennlich","","","",""
"17","1998","(noch) kein Abschluss","weiblich","","","",""
"17","1998","Hauptschule","maennlich","","","",""
"17","1998","Hauptschule","weiblich","","","",""
"17","1998","Realschule","maennlich","","","",""
"17","1998","Realschule","weiblich","","","",""
"17","1998","(Fach-)Abitur","maennlich","","","",""
"17","1998","(Fach-)Abitur","weiblich","","","",""
"17","1998","AkademikerIn","maennlich","","","",""
"17","1998","AkademikerIn","weiblich","","","",""
"18","1998","(noch) kein Abschluss","maennlich","","","",""
"18","1998","(noch) kein Abschluss","weiblich","","","",""
"18","1998","Hauptschule","maennlich","","","",""
"18","1998","Hauptschule","weiblich","","","",""
"18","1998","Realschule","maennlich","","","",""
"18","1998","Realschule","weiblich","","","",""
"18","1998","(Fach-)Abitur","maennlich","","","",""
"18","1998","(Fach-)Abitur","weiblich","","","",""
"18","1998","AkademikerIn","maennlich","","","",""
"18","1998","AkademikerIn","weiblich","","","",""
"19","1998","(noch) kein Abschluss","maennlich","","","",""
"19","1998","(noch) kein Abschluss","weiblich","","","",""
"19","1998","Hauptschule","maennlich","","","",""
"19","1998","Hauptschule","weiblich","","","",""
"19","1998","Realschule","maennlich","","","",""
"19","1998","Realschule","weiblich","","","",""
"19","1998","(Fach-)Abitur","maennlich","","","",""
"19","1998","(Fach-)Abitur","weiblich","","","",""
"19","1998","AkademikerIn","maennlich","","","",""
"19","1998","AkademikerIn","weiblich","","","",""
"20","1998","(noch) kein Abschluss","maennlich","","","",""
"20","1998","(noch) kein Abschluss","weiblich","","","",""
"20","1998","Hauptschule","maennlich","1","","",""
"20","1998","Hauptschule","weiblich","","","",""
"20","1998","Realschule","maennlich","","","",""
"20","1998","Realschule","weiblich","","","",""
"20","1998","(Fach-)Abitur","maennlich","1","","",""
"20","1998","(Fach-)Abitur","weiblich","","","",""
"20","1998","AkademikerIn","maennlich","","","",""
"20","1998","AkademikerIn","weiblich","","","",""
"21","1998","(noch) kein Abschluss","maennlich","","","",""
"21","1998","(noch) kein Abschluss","weiblich","","","",""
"21","1998","Hauptschule","maennlich","","","",""
"21","1998","Hauptschule","weiblich","","","",""
"21","1998","Realschule","maennlich","","","",""
"21","1998","Realschule","weiblich","","","",""
"21","1998","(Fach-)Abitur","maennlich","","","",""
"21","1998","(Fach-)Abitur","weiblich","","","",""
"21","1998","AkademikerIn","maennlich","","","",""
"21","1998","AkademikerIn","weiblich","","","",""
"22","1998","(noch) kein Abschluss","maennlich","","","",""
"22","1998","(noch) kein Abschluss","weiblich","","","",""
"22","1998","Hauptschule","maennlich","","","",""
"22","1998","Hauptschule","weiblich","1","","",""
"22","1998","Realschule","maennlich","","","",""
"22","1998","Realschule","weiblich","","","",""
"22","1998","(Fach-)Abitur","maennlich","","","",""
"22","1998","(Fach-)Abitur","weiblich","","","",""
"22","1998","AkademikerIn","maennlich","","","",""
"22","1998","AkademikerIn","weiblich","","","",""
"23","1998","(noch) kein Abschluss","maennlich","","","",""
"23","1998","(noch) kein Abschluss","weiblich","","","",""
"23","1998","Hauptschule","maennlich","","","",""
"23","1998","Hauptschule","weiblich","","","",""
"23","1998","Realschule","maennlich","","","",""
"23","1998","Realschule","weiblich","","","",""
"23","1998","(Fach-)Abitur","maennlich","","","",""
"23","1998","(Fach-)Abitur","weiblich","","","",""
"23","1998","AkademikerIn","maennlich","","","",""
"23","1998","AkademikerIn","weiblich","","","",""
"24","1998","(noch) kein Abschluss","maennlich","","","",""
"24","1998","(noch) kein Abschluss","weiblich","","","",""
"24","1998","Hauptschule","maennlich","","","",""
"24","1998","Hauptschule","weiblich","","","",""
"24","1998","Realschule","maennlich","","","",""
"24","1998","Realschule","weiblich","","","",""
"24","1998","(Fach-)Abitur","maennlich","","","",""
"24","1998","(Fach-)Abitur","weiblich","","","",""
"24","1998","AkademikerIn","maennlich","","","",""
"24","1998","AkademikerIn","weiblich","","","",""
"25","1998","(noch) kein Abschluss","maennlich","","","",""
"25","1998","(noch) kein Abschluss","weiblich","","","",""
"25","1998","Hauptschule","maennlich","","","",""
"25","1998","Hauptschule","weiblich","","","",""
"25","1998","Realschule","maennlich","","","",""
"25","1998","Realschule","weiblich","","","",""
"25","1998","(Fach-)Abitur","maennlich","","","",""
"25","1998","(Fach-)Abitur","weiblich","","","",""
"25","1998","AkademikerIn","maennlich","","","",""
"25","1998","AkademikerIn","weiblich","","","",""
"26","1998","(noch) kein Abschluss","maennlich","","","",""
"26","1998","(noch) kein Abschluss","weiblich","","","",""
"26","1998","Hauptschule","maennlich","","","",""
"26","1998","Hauptschule","weiblich","","","",""
"26","1998","Realschule","maennlich","","","",""
"26","1998","Realschule","weiblich","","","",""
"26","1998","(Fach-)Abitur","maennlich","","","",""
"26","1998","(Fach-)Abitur","weiblich","","","",""
"26","1998","AkademikerIn","maennlich","","","",""
"26","1998","AkademikerIn","weiblich","","","",""
"27","1998","(noch) kein Abschluss","maennlich","","","",""
"27","1998","(noch) kein Abschluss","weiblich","","","",""
"27","1998","Hauptschule","maennlich","","","",""
"27","1998","Hauptschule","weiblich","","","",""
"27","1998","Realschule","maennlich","","","",""
"27","1998","Realschule","weiblich","","","",""
"27","1998","(Fach-)Abitur","maennlich","","","",""
"27","1998","(Fach-)Abitur","weiblich","","","",""
"27","1998","AkademikerIn","maennlich","","","",""
"27","1998","AkademikerIn","weiblich","","","",""
"28","1998","(noch) kein Abschluss","maennlich","","","",""
"28","1998","(noch) kein Abschluss","weiblich","","","",""
"28","1998","Hauptschule","maennlich","","","",""
"28","1998","Hauptschule","weiblich","","","",""
"28","1998","Realschule","maennlich","","","",""
"28","1998","Realschule","weiblich","","","",""
"28","1998","(Fach-)Abitur","maennlich","","","",""
"28","1998","(Fach-)Abitur","weiblich","","","",""
"28","1998","AkademikerIn","maennlich","","","",""
"28","1998","AkademikerIn","weiblich","","","",""
"30","1998","(noch) kein Abschluss","maennlich","","","",""
"30","1998","(noch) kein Abschluss","weiblich","","","",""
"30","1998","Hauptschule","maennlich","","","",""
"30","1998","Hauptschule","weiblich","","","",""
"30","1998","Realschule","maennlich","","","",""
"30","1998","Realschule","weiblich","","","",""
"30","1998","(Fach-)Abitur","maennlich","","","",""
"30","1998","(Fach-)Abitur","weiblich","","","",""
"30","1998","AkademikerIn","maennlich","","","",""
"30","1998","AkademikerIn","weiblich","","","",""
"31","1998","(noch) kein Abschluss","maennlich","","","",""
"31","1998","(noch) kein Abschluss","weiblich","","","",""
"31","1998","Hauptschule","maennlich","","","",""
"31","1998","Hauptschule","weiblich","","","",""
"31","1998","Realschule","maennlich","","","",""
"31","1998","Realschule","weiblich","","","",""
"31","1998","(Fach-)Abitur","maennlich","","","",""
"31","1998","(Fach-)Abitur","weiblich","","","",""
"31","1998","AkademikerIn","maennlich","","","",""
"31","1998","AkademikerIn","weiblich","","","",""
"32","1998","(noch) kein Abschluss","maennlich","","","",""
"32","1998","(noch) kein Abschluss","weiblich","","","",""
"32","1998","Hauptschule","maennlich","","","",""
"32","1998","Hauptschule","weiblich","","","",""
"32","1998","Realschule","maennlich","","","",""
"32","1998","Realschule","weiblich","","","",""
"32","1998","(Fach-)Abitur","maennlich","","","",""
"32","1998","(Fach-)Abitur","weiblich","","","",""
"32","1998","AkademikerIn","maennlich","","","",""
"32","1998","AkademikerIn","weiblich","","","",""
"35","1998","(noch) kein Abschluss","maennlich","","","",""
"35","1998","(noch) kein Abschluss","weiblich","","","",""
"35","1998","Hauptschule","maennlich","","","",""
"35","1998","Hauptschule","weiblich","","","",""
"35","1998","Realschule","maennlich","","","",""
"35","1998","Realschule","weiblich","","","",""
"35","1998","(Fach-)Abitur","maennlich","","","",""
"35","1998","(Fach-)Abitur","weiblich","","","",""
"35","1998","AkademikerIn","maennlich","","","",""
"35","1998","AkademikerIn","weiblich","","","",""
"36","1998","(noch) kein Abschluss","maennlich","","","",""
"36","1998","(noch) kein Abschluss","weiblich","","","",""
"36","1998","Hauptschule","maennlich","","","",""
"36","1998","Hauptschule","weiblich","","","",""
"36","1998","Realschule","maennlich","","","",""
"36","1998","Realschule","weiblich","","","",""
"36","1998","(Fach-)Abitur","maennlich","","","",""
"36","1998","(Fach-)Abitur","weiblich","","","",""
"36","1998","AkademikerIn","maennlich","","","",""
"36","1998","AkademikerIn","weiblich","","","",""
"40","1998","(noch) kein Abschluss","maennlich","","","",""
"40","1998","(noch) kein Abschluss","weiblich","","","",""
"40","1998","Hauptschule","maennlich","","","",""
"40","1998","Hauptschule","weiblich","","","",""
"40","1998","Realschule","maennlich","","","",""
"40","1998","Realschule","weiblich","","","",""
"40","1998","(Fach-)Abitur","maennlich","","","",""
"40","1998","(Fach-)Abitur","weiblich","","","",""
"40","1998","AkademikerIn","maennlich","","","",""
"40","1998","AkademikerIn","weiblich","","","",""
"42","1998","(noch) kein Abschluss","maennlich","","","",""
"42","1998","(noch) kein Abschluss","weiblich","","","",""
"42","1998","Hauptschule","maennlich","","","",""
"42","1998","Hauptschule","weiblich","","","",""
"42","1998","Realschule","maennlich","","","",""
"42","1998","Realschule","weiblich","","","",""
"42","1998","(Fach-)Abitur","maennlich","","","",""
"42","1998","(Fach-)Abitur","weiblich","","","",""
"42","1998","AkademikerIn","maennlich","","","",""
"42","1998","AkademikerIn","weiblich","","","",""
"45","1998","(noch) kein Abschluss","maennlich","","","",""
"45","1998","(noch) kein Abschluss","weiblich","","","",""
"45","1998","Hauptschule","maennlich","","","",""
"45","1998","Hauptschule","weiblich","","","",""
"45","1998","Realschule","maennlich","","","",""
"45","1998","Realschule","weiblich","","","",""
"45","1998","(Fach-)Abitur","maennlich","","","",""
"45","1998","(Fach-)Abitur","weiblich","","","",""
"45","1998","AkademikerIn","maennlich","","","",""
"45","1998","AkademikerIn","weiblich","","","",""
"48","1998","(noch) kein Abschluss","maennlich","","","",""
"48","1998","(noch) kein Abschluss","weiblich","","","",""
"48","1998","Hauptschule","maennlich","","","",""
"48","1998","Hauptschule","weiblich","","","",""
"48","1998","Realschule","maennlich","","","",""
"48","1998","Realschule","weiblich","","","",""
"48","1998","(Fach-)Abitur","maennlich","","","",""
"48","1998","(Fach-)Abitur","weiblich","","","",""
"48","1998","AkademikerIn","maennlich","","","",""
"48","1998","AkademikerIn","weiblich","","","",""
"50","1998","(noch) kein Abschluss","maennlich","","","",""
"50","1998","(noch) kein Abschluss","weiblich","","","",""
"50","1998","Hauptschule","maennlich","","","",""
"50","1998","Hauptschule","weiblich","","","",""
"50","1998","Realschule","maennlich","","","",""
"50","1998","Realschule","weiblich","","","",""
"50","1998","(Fach-)Abitur","maennlich","","","",""
"50","1998","(Fach-)Abitur","weiblich","","","",""
"50","1998","AkademikerIn","maennlich","","","",""
"50","1998","AkademikerIn","weiblich","","","",""
"51","1998","(noch) kein Abschluss","maennlich","","","",""
"51","1998","(noch) kein Abschluss","weiblich","","","",""
"51","1998","Hauptschule","maennlich","","","",""
"51","1998","Hauptschule","weiblich","","","",""
"51","1998","Realschule","maennlich","","","",""
"51","1998","Realschule","weiblich","","","",""
"51","1998","(Fach-)Abitur","maennlich","","","",""
"51","1998","(Fach-)Abitur","weiblich","","","",""
"51","1998","AkademikerIn","maennlich","","","",""
"51","1998","AkademikerIn","weiblich","","","",""
"64","1998","(noch) kein Abschluss","maennlich","","","",""
"64","1998","(noch) kein Abschluss","weiblich","","","",""
"64","1998","Hauptschule","maennlich","1","","",""
"64","1998","Hauptschule","weiblich","","","",""
"64","1998","Realschule","maennlich","","","",""
"64","1998","Realschule","weiblich","","","",""
"64","1998","(Fach-)Abitur","maennlich","","","",""
"64","1998","(Fach-)Abitur","weiblich","","","",""
"64","1998","AkademikerIn","maennlich","","","",""
"64","1998","AkademikerIn","weiblich","","","",""
"65","1998","(noch) kein Abschluss","maennlich","","","",""
"65","1998","(noch) kein Abschluss","weiblich","","","",""
"65","1998","Hauptschule","maennlich","","","",""
"65","1998","Hauptschule","weiblich","","","",""
"65","1998","Realschule","maennlich","","","",""
"65","1998","Realschule","weiblich","","","",""
"65","1998","(Fach-)Abitur","maennlich","","","",""
"65","1998","(Fach-)Abitur","weiblich","","","",""
"65","1998","AkademikerIn","maennlich","","","",""
"65","1998","AkademikerIn","weiblich","","","",""
"90","1998","(noch) kein Abschluss","maennlich","","","",""
"90","1998","(noch) kein Abschluss","weiblich","","","",""
"90","1998","Hauptschule","maennlich","","","",""
"90","1998","Hauptschule","weiblich","","","",""
"90","1998","Realschule","maennlich","","","",""
"90","1998","Realschule","weiblich","","","",""
"90","1998","(Fach-)Abitur","maennlich","","","",""
"90","1998","(Fach-)Abitur","weiblich","","","",""
"90","1998","AkademikerIn","maennlich","","","",""
"90","1998","AkademikerIn","weiblich","","","",""
"98","1998","(noch) kein Abschluss","maennlich","","","",""
"98","1998","(noch) kein Abschluss","weiblich","","","",""
"98","1998","Hauptschule","maennlich","","","",""
"98","1998","Hauptschule","weiblich","","","",""
"98","1998","Realschule","maennlich","","","",""
"98","1998","Realschule","weiblich","","","",""
"98","1998","(Fach-)Abitur","maennlich","","","",""
"98","1998","(Fach-)Abitur","weiblich","","","",""
"98","1998","AkademikerIn","maennlich","","","",""
"98","1998","AkademikerIn","weiblich","","","",""
"100","1998","(noch) kein Abschluss","maennlich","","","",""
"100","1998","(noch) kein Abschluss","weiblich","","","",""
"100","1998","Hauptschule","maennlich","","","",""
"100","1998","Hauptschule","weiblich","","","",""
"100","1998","Realschule","maennlich","","","",""
"100","1998","Realschule","weiblich","","","",""
"100","1998","(Fach-)Abitur","maennlich","","","",""
"100","1998","(Fach-)Abitur","weiblich","","","",""
"100","1998","AkademikerIn","maennlich","","","",""
"100","1998","AkademikerIn","weiblich","","","",""
"0","1999","(noch) kein Abschluss","maennlich","","","",""
"0","1999","(noch) kein Abschluss","weiblich","","","",""
"0","1999","Hauptschule","maennlich","","","",""
"0","1999","Hauptschule","weiblich","","","",""
"0","1999","Realschule","maennlich","","","",""
"0","1999","Realschule","weiblich","","","",""
"0","1999","(Fach-)Abitur","maennlich","","","",""
"0","1999","(Fach-)Abitur","weiblich","","","",""
"0","1999","AkademikerIn","maennlich","","","",""
"0","1999","AkademikerIn","weiblich","","","",""
"1","1999","(noch) kein Abschluss","maennlich","35","0.90384337357555","0.813604771076998","0.994081976074103"
"1","1999","(noch) kein Abschluss","weiblich","41","0.980950039745497","0.939607807026232","1.02229227246476"
"1","1999","Hauptschule","maennlich","265","","",""
"1","1999","Hauptschule","weiblich","341","0.71971946667773","0.678405370430974","0.761033562924485"
"1","1999","Realschule","maennlich","80","0.782544266510617","0.705803436878015","0.859285096143218"
"1","1999","Realschule","weiblich","171","","",""
"1","1999","(Fach-)Abitur","maennlich","33","0.757040603984768","0.630319721348869","0.883761486620667"
"1","1999","(Fach-)Abitur","weiblich","57","0.795946036468754","0.704738276654622","0.887153796282885"
"1","1999","AkademikerIn","maennlich","62","0.666360820422231","0.572040400869044","0.760681239975418"
"1","1999","AkademikerIn","weiblich","101","","",""
"2","1999","(noch) kein Abschluss","maennlich","4","0.0752426395003711","-0.00549983817168098","0.155985117172423"
"2","1999","(noch) kein Abschluss","weiblich","","","",""
"2","1999","Hauptschule","maennlich","55","0.159654309627067","0.121711814295392","0.197596804958743"
"2","1999","Hauptschule","weiblich","76","0.171146503118759","0.136501303608242","0.205791702629276"
"2","1999","Realschule","maennlich","18","","",""
"2","1999","Realschule","weiblich","41","0.18333159395479","0.132995826225737","0.233667361683842"
"2","1999","(Fach-)Abitur","maennlich","7","0.141409812605091","0.0384531428218444","0.244366482388337"
"2","1999","(Fach-)Abitur","weiblich","16","","",""
"2","1999","AkademikerIn","maennlich","20","","",""
"2","1999","AkademikerIn","weiblich","14","","",""
"3","1999","(noch) kein Abschluss","maennlich","","","",""
"3","1999","(noch) kein Abschluss","weiblich","1","","",""
"3","1999","Hauptschule","maennlich","24","","",""
"3","1999","Hauptschule","weiblich","14","","",""
"3","1999","Realschule","maennlich","7","0.0407203021155745","0.00395274938233747","0.0774878548488114"
"3","1999","Realschule","weiblich","10","","",""
"3","1999","(Fach-)Abitur","maennlich","1","","",""
"3","1999","(Fach-)Abitur","weiblich","1","","",""
"3","1999","AkademikerIn","maennlich","5","0.0425796492457285","0.00219048733036151","0.0829688111610954"
"3","1999","AkademikerIn","weiblich","","","",""
"4","1999","(noch) kein Abschluss","maennlich","","","",""
"4","1999","(noch) kein Abschluss","weiblich","","","",""
"4","1999","Hauptschule","maennlich","4","0.0204979371623957","0.00582002332727783","0.0351758509975136"
"4","1999","Hauptschule","weiblich","4","0.00918086182300742","0.000407640541541635","0.0179540831044732"
"4","1999","Realschule","maennlich","4","0.0148353925778289","-0.00765466274884997","0.0373254479045078"
"4","1999","Realschule","weiblich","2","","",""
"4","1999","(Fach-)Abitur","maennlich","2","","",""
"4","1999","(Fach-)Abitur","weiblich","1","","",""
"4","1999","AkademikerIn","maennlich","4","0.0222459461391903","-0.00725614007543032","0.0517480323538108"
"4","1999","AkademikerIn","weiblich","1","","",""
"5","1999","(noch) kein Abschluss","maennlich","1","","",""
"5","1999","(noch) kein Abschluss","weiblich","","","",""
"5","1999","Hauptschule","maennlich","5","0.0188085934387053","0.00473640619638573","0.0328807806810248"
"5","1999","Hauptschule","weiblich","6","0.0194947615032749","0.00677719296129969","0.0322123300452502"
"5","1999","Realschule","maennlich","","","",""
"5","1999","Realschule","weiblich","1","","",""
"5","1999","(Fach-)Abitur","maennlich","1","","",""
"5","1999","(Fach-)Abitur","weiblich","","","",""
"5","1999","AkademikerIn","maennlich","2","","",""
"5","1999","AkademikerIn","weiblich","","","",""
"6","1999","(noch) kein Abschluss","maennlich","1","","",""
"6","1999","(noch) kein Abschluss","weiblich","","","",""
"6","1999","Hauptschule","maennlich","1","","",""
"6","1999","Hauptschule","weiblich","4","0.0131743192777193","0.00268603432202074","0.0236626042334179"
"6","1999","Realschule","maennlich","1","","",""
"6","1999","Realschule","weiblich","","","",""
"6","1999","(Fach-)Abitur","maennlich","","","",""
"6","1999","(Fach-)Abitur","weiblich","","","",""
"6","1999","AkademikerIn","maennlich","2","","",""
"6","1999","AkademikerIn","weiblich","","","",""
"7","1999","(noch) kein Abschluss","maennlich","","","",""
"7","1999","(noch) kein Abschluss","weiblich","","","",""
"7","1999","Hauptschule","maennlich","1","","",""
"7","1999","Hauptschule","weiblich","3","","",""
"7","1999","Realschule","maennlich","1","","",""
"7","1999","Realschule","weiblich","1","","",""
"7","1999","(Fach-)Abitur","maennlich","","","",""
"7","1999","(Fach-)Abitur","weiblich","","","",""
"7","1999","AkademikerIn","maennlich","","","",""
"7","1999","AkademikerIn","weiblich","","","",""
"8","1999","(noch) kein Abschluss","maennlich","","","",""
"8","1999","(noch) kein Abschluss","weiblich","","","",""
"8","1999","Hauptschule","maennlich","1","","",""
"8","1999","Hauptschule","weiblich","","","",""
"8","1999","Realschule","maennlich","","","",""
"8","1999","Realschule","weiblich","","","",""
"8","1999","(Fach-)Abitur","maennlich","","","",""
"8","1999","(Fach-)Abitur","weiblich","","","",""
"8","1999","AkademikerIn","maennlich","","","",""
"8","1999","AkademikerIn","weiblich","","","",""
"9","1999","(noch) kein Abschluss","maennlich","","","",""
"9","1999","(noch) kein Abschluss","weiblich","","","",""
"9","1999","Hauptschule","maennlich","","","",""
"9","1999","Hauptschule","weiblich","","","",""
"9","1999","Realschule","maennlich","","","",""
"9","1999","Realschule","weiblich","","","",""
"9","1999","(Fach-)Abitur","maennlich","","","",""
"9","1999","(Fach-)Abitur","weiblich","","","",""
"9","1999","AkademikerIn","maennlich","","","",""
"9","1999","AkademikerIn","weiblich","","","",""
"10","1999","(noch) kein Abschluss","maennlich","","","",""
"10","1999","(noch) kein Abschluss","weiblich","","","",""
"10","1999","Hauptschule","maennlich","1","","",""
"10","1999","Hauptschule","weiblich","2","","",""
"10","1999","Realschule","maennlich","","","",""
"10","1999","Realschule","weiblich","","","",""
"10","1999","(Fach-)Abitur","maennlich","","","",""
"10","1999","(Fach-)Abitur","weiblich","","","",""
"10","1999","AkademikerIn","maennlich","","","",""
"10","1999","AkademikerIn","weiblich","","","",""
"11","1999","(noch) kein Abschluss","maennlich","","","",""
"11","1999","(noch) kein Abschluss","weiblich","","","",""
"11","1999","Hauptschule","maennlich","","","",""
"11","1999","Hauptschule","weiblich","","","",""
"11","1999","Realschule","maennlich","","","",""
"11","1999","Realschule","weiblich","1","","",""
"11","1999","(Fach-)Abitur","maennlich","","","",""
"11","1999","(Fach-)Abitur","weiblich","","","",""
"11","1999","AkademikerIn","maennlich","","","",""
"11","1999","AkademikerIn","weiblich","","","",""
"12","1999","(noch) kein Abschluss","maennlich","","","",""
"12","1999","(noch) kein Abschluss","weiblich","","","",""
"12","1999","Hauptschule","maennlich","","","",""
"12","1999","Hauptschule","weiblich","2","","",""
"12","1999","Realschule","maennlich","","","",""
"12","1999","Realschule","weiblich","","","",""
"12","1999","(Fach-)Abitur","maennlich","","","",""
"12","1999","(Fach-)Abitur","weiblich","","","",""
"12","1999","AkademikerIn","maennlich","","","",""
"12","1999","AkademikerIn","weiblich","","","",""
"13","1999","(noch) kein Abschluss","maennlich","","","",""
"13","1999","(noch) kein Abschluss","weiblich","","","",""
"13","1999","Hauptschule","maennlich","","","",""
"13","1999","Hauptschule","weiblich","1","","",""
"13","1999","Realschule","maennlich","","","",""
"13","1999","Realschule","weiblich","","","",""
"13","1999","(Fach-)Abitur","maennlich","","","",""
"13","1999","(Fach-)Abitur","weiblich","","","",""
"13","1999","AkademikerIn","maennlich","","","",""
"13","1999","AkademikerIn","weiblich","","","",""
"14","1999","(noch) kein Abschluss","maennlich","","","",""
"14","1999","(noch) kein Abschluss","weiblich","","","",""
"14","1999","Hauptschule","maennlich","","","",""
"14","1999","Hauptschule","weiblich","1","","",""
"14","1999","Realschule","maennlich","","","",""
"14","1999","Realschule","weiblich","","","",""
"14","1999","(Fach-)Abitur","maennlich","","","",""
"14","1999","(Fach-)Abitur","weiblich","","","",""
"14","1999","AkademikerIn","maennlich","","","",""
"14","1999","AkademikerIn","weiblich","","","",""
"15","1999","(noch) kein Abschluss","maennlich","","","",""
"15","1999","(noch) kein Abschluss","weiblich","","","",""
"15","1999","Hauptschule","maennlich","","","",""
"15","1999","Hauptschule","weiblich","","","",""
"15","1999","Realschule","maennlich","","","",""
"15","1999","Realschule","weiblich","","","",""
"15","1999","(Fach-)Abitur","maennlich","","","",""
"15","1999","(Fach-)Abitur","weiblich","","","",""
"15","1999","AkademikerIn","maennlich","","","",""
"15","1999","AkademikerIn","weiblich","","","",""
"16","1999","(noch) kein Abschluss","maennlich","","","",""
"16","1999","(noch) kein Abschluss","weiblich","","","",""
"16","1999","Hauptschule","maennlich","","","",""
"16","1999","Hauptschule","weiblich","","","",""
"16","1999","Realschule","maennlich","","","",""
"16","1999","Realschule","weiblich","","","",""
"16","1999","(Fach-)Abitur","maennlich","","","",""
"16","1999","(Fach-)Abitur","weiblich","","","",""
"16","1999","AkademikerIn","maennlich","","","",""
"16","1999","AkademikerIn","weiblich","","","",""
"17","1999","(noch) kein Abschluss","maennlich","","","",""
"17","1999","(noch) kein Abschluss","weiblich","","","",""
"17","1999","Hauptschule","maennlich","","","",""
"17","1999","Hauptschule","weiblich","","","",""
"17","1999","Realschule","maennlich","","","",""
"17","1999","Realschule","weiblich","","","",""
"17","1999","(Fach-)Abitur","maennlich","","","",""
"17","1999","(Fach-)Abitur","weiblich","","","",""
"17","1999","AkademikerIn","maennlich","","","",""
"17","1999","AkademikerIn","weiblich","","","",""
"18","1999","(noch) kein Abschluss","maennlich","","","",""
"18","1999","(noch) kein Abschluss","weiblich","","","",""
"18","1999","Hauptschule","maennlich","","","",""
"18","1999","Hauptschule","weiblich","","","",""
"18","1999","Realschule","maennlich","","","",""
"18","1999","Realschule","weiblich","","","",""
"18","1999","(Fach-)Abitur","maennlich","","","",""
"18","1999","(Fach-)Abitur","weiblich","","","",""
"18","1999","AkademikerIn","maennlich","","","",""
"18","1999","AkademikerIn","weiblich","","","",""
"19","1999","(noch) kein Abschluss","maennlich","","","",""
"19","1999","(noch) kein Abschluss","weiblich","","","",""
"19","1999","Hauptschule","maennlich","","","",""
"19","1999","Hauptschule","weiblich","","","",""
"19","1999","Realschule","maennlich","","","",""
"19","1999","Realschule","weiblich","","","",""
"19","1999","(Fach-)Abitur","maennlich","","","",""
"19","1999","(Fach-)Abitur","weiblich","","","",""
"19","1999","AkademikerIn","maennlich","1","","",""
"19","1999","AkademikerIn","weiblich","","","",""
"20","1999","(noch) kein Abschluss","maennlich","","","",""
"20","1999","(noch) kein Abschluss","weiblich","","","",""
"20","1999","Hauptschule","maennlich","","","",""
"20","1999","Hauptschule","weiblich","","","",""
"20","1999","Realschule","maennlich","","","",""
"20","1999","Realschule","weiblich","","","",""
"20","1999","(Fach-)Abitur","maennlich","","","",""
"20","1999","(Fach-)Abitur","weiblich","","","",""
"20","1999","AkademikerIn","maennlich","","","",""
"20","1999","AkademikerIn","weiblich","","","",""
"21","1999","(noch) kein Abschluss","maennlich","","","",""
"21","1999","(noch) kein Abschluss","weiblich","","","",""
"21","1999","Hauptschule","maennlich","","","",""
"21","1999","Hauptschule","weiblich","","","",""
"21","1999","Realschule","maennlich","","","",""
"21","1999","Realschule","weiblich","","","",""
"21","1999","(Fach-)Abitur","maennlich","","","",""
"21","1999","(Fach-)Abitur","weiblich","","","",""
"21","1999","AkademikerIn","maennlich","","","",""
"21","1999","AkademikerIn","weiblich","","","",""
"22","1999","(noch) kein Abschluss","maennlich","","","",""
"22","1999","(noch) kein Abschluss","weiblich","","","",""
"22","1999","Hauptschule","maennlich","","","",""
"22","1999","Hauptschule","weiblich","","","",""
"22","1999","Realschule","maennlich","","","",""
"22","1999","Realschule","weiblich","","","",""
"22","1999","(Fach-)Abitur","maennlich","","","",""
"22","1999","(Fach-)Abitur","weiblich","","","",""
"22","1999","AkademikerIn","maennlich","","","",""
"22","1999","AkademikerIn","weiblich","","","",""
"23","1999","(noch) kein Abschluss","maennlich","","","",""
"23","1999","(noch) kein Abschluss","weiblich","","","",""
"23","1999","Hauptschule","maennlich","","","",""
"23","1999","Hauptschule","weiblich","","","",""
"23","1999","Realschule","maennlich","","","",""
"23","1999","Realschule","weiblich","","","",""
"23","1999","(Fach-)Abitur","maennlich","","","",""
"23","1999","(Fach-)Abitur","weiblich","","","",""
"23","1999","AkademikerIn","maennlich","","","",""
"23","1999","AkademikerIn","weiblich","","","",""
"24","1999","(noch) kein Abschluss","maennlich","","","",""
"24","1999","(noch) kein Abschluss","weiblich","","","",""
"24","1999","Hauptschule","maennlich","","","",""
"24","1999","Hauptschule","weiblich","","","",""
"24","1999","Realschule","maennlich","","","",""
"24","1999","Realschule","weiblich","","","",""
"24","1999","(Fach-)Abitur","maennlich","","","",""
"24","1999","(Fach-)Abitur","weiblich","","","",""
"24","1999","AkademikerIn","maennlich","","","",""
"24","1999","AkademikerIn","weiblich","","","",""
"25","1999","(noch) kein Abschluss","maennlich","","","",""
"25","1999","(noch) kein Abschluss","weiblich","","","",""
"25","1999","Hauptschule","maennlich","","","",""
"25","1999","Hauptschule","weiblich","","","",""
"25","1999","Realschule","maennlich","","","",""
"25","1999","Realschule","weiblich","","","",""
"25","1999","(Fach-)Abitur","maennlich","","","",""
"25","1999","(Fach-)Abitur","weiblich","","","",""
"25","1999","AkademikerIn","maennlich","","","",""
"25","1999","AkademikerIn","weiblich","","","",""
"26","1999","(noch) kein Abschluss","maennlich","","","",""
"26","1999","(noch) kein Abschluss","weiblich","","","",""
"26","1999","Hauptschule","maennlich","","","",""
"26","1999","Hauptschule","weiblich","","","",""
"26","1999","Realschule","maennlich","","","",""
"26","1999","Realschule","weiblich","","","",""
"26","1999","(Fach-)Abitur","maennlich","","","",""
"26","1999","(Fach-)Abitur","weiblich","","","",""
"26","1999","AkademikerIn","maennlich","","","",""
"26","1999","AkademikerIn","weiblich","","","",""
"27","1999","(noch) kein Abschluss","maennlich","","","",""
"27","1999","(noch) kein Abschluss","weiblich","","","",""
"27","1999","Hauptschule","maennlich","","","",""
"27","1999","Hauptschule","weiblich","","","",""
"27","1999","Realschule","maennlich","","","",""
"27","1999","Realschule","weiblich","","","",""
"27","1999","(Fach-)Abitur","maennlich","","","",""
"27","1999","(Fach-)Abitur","weiblich","","","",""
"27","1999","AkademikerIn","maennlich","","","",""
"27","1999","AkademikerIn","weiblich","","","",""
"28","1999","(noch) kein Abschluss","maennlich","","","",""
"28","1999","(noch) kein Abschluss","weiblich","","","",""
"28","1999","Hauptschule","maennlich","","","",""
"28","1999","Hauptschule","weiblich","","","",""
"28","1999","Realschule","maennlich","","","",""
"28","1999","Realschule","weiblich","","","",""
"28","1999","(Fach-)Abitur","maennlich","","","",""
"28","1999","(Fach-)Abitur","weiblich","","","",""
"28","1999","AkademikerIn","maennlich","","","",""
"28","1999","AkademikerIn","weiblich","","","",""
"30","1999","(noch) kein Abschluss","maennlich","","","",""
"30","1999","(noch) kein Abschluss","weiblich","","","",""
"30","1999","Hauptschule","maennlich","1","","",""
"30","1999","Hauptschule","weiblich","","","",""
"30","1999","Realschule","maennlich","","","",""
"30","1999","Realschule","weiblich","","","",""
"30","1999","(Fach-)Abitur","maennlich","","","",""
"30","1999","(Fach-)Abitur","weiblich","","","",""
"30","1999","AkademikerIn","maennlich","","","",""
"30","1999","AkademikerIn","weiblich","","","",""
"31","1999","(noch) kein Abschluss","maennlich","","","",""
"31","1999","(noch) kein Abschluss","weiblich","","","",""
"31","1999","Hauptschule","maennlich","","","",""
"31","1999","Hauptschule","weiblich","","","",""
"31","1999","Realschule","maennlich","","","",""
"31","1999","Realschule","weiblich","","","",""
"31","1999","(Fach-)Abitur","maennlich","","","",""
"31","1999","(Fach-)Abitur","weiblich","","","",""
"31","1999","AkademikerIn","maennlich","","","",""
"31","1999","AkademikerIn","weiblich","","","",""
"32","1999","(noch) kein Abschluss","maennlich","","","",""
"32","1999","(noch) kein Abschluss","weiblich","","","",""
"32","1999","Hauptschule","maennlich","","","",""
"32","1999","Hauptschule","weiblich","","","",""
"32","1999","Realschule","maennlich","","","",""
"32","1999","Realschule","weiblich","","","",""
"32","1999","(Fach-)Abitur","maennlich","","","",""
"32","1999","(Fach-)Abitur","weiblich","","","",""
"32","1999","AkademikerIn","maennlich","","","",""
"32","1999","AkademikerIn","weiblich","","","",""
"35","1999","(noch) kein Abschluss","maennlich","","","",""
"35","1999","(noch) kein Abschluss","weiblich","","","",""
"35","1999","Hauptschule","maennlich","","","",""
"35","1999","Hauptschule","weiblich","","","",""
"35","1999","Realschule","maennlich","","","",""
"35","1999","Realschule","weiblich","","","",""
"35","1999","(Fach-)Abitur","maennlich","","","",""
"35","1999","(Fach-)Abitur","weiblich","","","",""
"35","1999","AkademikerIn","maennlich","","","",""
"35","1999","AkademikerIn","weiblich","","","",""
"36","1999","(noch) kein Abschluss","maennlich","","","",""
"36","1999","(noch) kein Abschluss","weiblich","","","",""
"36","1999","Hauptschule","maennlich","","","",""
"36","1999","Hauptschule","weiblich","","","",""
"36","1999","Realschule","maennlich","","","",""
"36","1999","Realschule","weiblich","","","",""
"36","1999","(Fach-)Abitur","maennlich","","","",""
"36","1999","(Fach-)Abitur","weiblich","","","",""
"36","1999","AkademikerIn","maennlich","","","",""
"36","1999","AkademikerIn","weiblich","","","",""
"40","1999","(noch) kein Abschluss","maennlich","","","",""
"40","1999","(noch) kein Abschluss","weiblich","","","",""
"40","1999","Hauptschule","maennlich","","","",""
"40","1999","Hauptschule","weiblich","","","",""
"40","1999","Realschule","maennlich","","","",""
"40","1999","Realschule","weiblich","","","",""
"40","1999","(Fach-)Abitur","maennlich","","","",""
"40","1999","(Fach-)Abitur","weiblich","","","",""
"40","1999","AkademikerIn","maennlich","","","",""
"40","1999","AkademikerIn","weiblich","","","",""
"42","1999","(noch) kein Abschluss","maennlich","","","",""
"42","1999","(noch) kein Abschluss","weiblich","","","",""
"42","1999","Hauptschule","maennlich","","","",""
"42","1999","Hauptschule","weiblich","","","",""
"42","1999","Realschule","maennlich","","","",""
"42","1999","Realschule","weiblich","","","",""
"42","1999","(Fach-)Abitur","maennlich","","","",""
"42","1999","(Fach-)Abitur","weiblich","","","",""
"42","1999","AkademikerIn","maennlich","","","",""
"42","1999","AkademikerIn","weiblich","","","",""
"45","1999","(noch) kein Abschluss","maennlich","","","",""
"45","1999","(noch) kein Abschluss","weiblich","","","",""
"45","1999","Hauptschule","maennlich","","","",""
"45","1999","Hauptschule","weiblich","","","",""
"45","1999","Realschule","maennlich","","","",""
"45","1999","Realschule","weiblich","","","",""
"45","1999","(Fach-)Abitur","maennlich","","","",""
"45","1999","(Fach-)Abitur","weiblich","","","",""
"45","1999","AkademikerIn","maennlich","","","",""
"45","1999","AkademikerIn","weiblich","","","",""
"48","1999","(noch) kein Abschluss","maennlich","","","",""
"48","1999","(noch) kein Abschluss","weiblich","","","",""
"48","1999","Hauptschule","maennlich","","","",""
"48","1999","Hauptschule","weiblich","","","",""
"48","1999","Realschule","maennlich","","","",""
"48","1999","Realschule","weiblich","","","",""
"48","1999","(Fach-)Abitur","maennlich","","","",""
"48","1999","(Fach-)Abitur","weiblich","","","",""
"48","1999","AkademikerIn","maennlich","","","",""
"48","1999","AkademikerIn","weiblich","","","",""
"50","1999","(noch) kein Abschluss","maennlich","","","",""
"50","1999","(noch) kein Abschluss","weiblich","","","",""
"50","1999","Hauptschule","maennlich","","","",""
"50","1999","Hauptschule","weiblich","","","",""
"50","1999","Realschule","maennlich","","","",""
"50","1999","Realschule","weiblich","","","",""
"50","1999","(Fach-)Abitur","maennlich","","","",""
"50","1999","(Fach-)Abitur","weiblich","","","",""
"50","1999","AkademikerIn","maennlich","","","",""
"50","1999","AkademikerIn","weiblich","","","",""
"51","1999","(noch) kein Abschluss","maennlich","","","",""
"51","1999","(noch) kein Abschluss","weiblich","","","",""
"51","1999","Hauptschule","maennlich","","","",""
"51","1999","Hauptschule","weiblich","","","",""
"51","1999","Realschule","maennlich","","","",""
"51","1999","Realschule","weiblich","","","",""
"51","1999","(Fach-)Abitur","maennlich","","","",""
"51","1999","(Fach-)Abitur","weiblich","","","",""
"51","1999","AkademikerIn","maennlich","","","",""
"51","1999","AkademikerIn","weiblich","","","",""
"64","1999","(noch) kein Abschluss","maennlich","","","",""
"64","1999","(noch) kein Abschluss","weiblich","","","",""
"64","1999","Hauptschule","maennlich","","","",""
"64","1999","Hauptschule","weiblich","","","",""
"64","1999","Realschule","maennlich","","","",""
"64","1999","Realschule","weiblich","","","",""
"64","1999","(Fach-)Abitur","maennlich","","","",""
"64","1999","(Fach-)Abitur","weiblich","","","",""
"64","1999","AkademikerIn","maennlich","","","",""
"64","1999","AkademikerIn","weiblich","","","",""
"65","1999","(noch) kein Abschluss","maennlich","","","",""
"65","1999","(noch) kein Abschluss","weiblich","","","",""
"65","1999","Hauptschule","maennlich","","","",""
"65","1999","Hauptschule","weiblich","","","",""
"65","1999","Realschule","maennlich","","","",""
"65","1999","Realschule","weiblich","","","",""
"65","1999","(Fach-)Abitur","maennlich","","","",""
"65","1999","(Fach-)Abitur","weiblich","","","",""
"65","1999","AkademikerIn","maennlich","","","",""
"65","1999","AkademikerIn","weiblich","","","",""
"90","1999","(noch) kein Abschluss","maennlich","","","",""
"90","1999","(noch) kein Abschluss","weiblich","","","",""
"90","1999","Hauptschule","maennlich","","","",""
"90","1999","Hauptschule","weiblich","","","",""
"90","1999","Realschule","maennlich","","","",""
"90","1999","Realschule","weiblich","","","",""
"90","1999","(Fach-)Abitur","maennlich","","","",""
"90","1999","(Fach-)Abitur","weiblich","","","",""
"90","1999","AkademikerIn","maennlich","","","",""
"90","1999","AkademikerIn","weiblich","","","",""
"98","1999","(noch) kein Abschluss","maennlich","","","",""
"98","1999","(noch) kein Abschluss","weiblich","","","",""
"98","1999","Hauptschule","maennlich","","","",""
"98","1999","Hauptschule","weiblich","","","",""
"98","1999","Realschule","maennlich","","","",""
"98","1999","Realschule","weiblich","","","",""
"98","1999","(Fach-)Abitur","maennlich","","","",""
"98","1999","(Fach-)Abitur","weiblich","","","",""
"98","1999","AkademikerIn","maennlich","","","",""
"98","1999","AkademikerIn","weiblich","","","",""
"100","1999","(noch) kein Abschluss","maennlich","","","",""
"100","1999","(noch) kein Abschluss","weiblich","","","",""
"100","1999","Hauptschule","maennlich","","","",""
"100","1999","Hauptschule","weiblich","","","",""
"100","1999","Realschule","maennlich","","","",""
"100","1999","Realschule","weiblich","","","",""
"100","1999","(Fach-)Abitur","maennlich","","","",""
"100","1999","(Fach-)Abitur","weiblich","","","",""
"100","1999","AkademikerIn","maennlich","","","",""
"100","1999","AkademikerIn","weiblich","","","",""
"0","2000","(noch) kein Abschluss","maennlich","","","",""
"0","2000","(noch) kein Abschluss","weiblich","","","",""
"0","2000","Hauptschule","maennlich","","","",""
"0","2000","Hauptschule","weiblich","","","",""
"0","2000","Realschule","maennlich","","","",""
"0","2000","Realschule","weiblich","","","",""
"0","2000","(Fach-)Abitur","maennlich","","","",""
"0","2000","(Fach-)Abitur","weiblich","","","",""
"0","2000","AkademikerIn","maennlich","","","",""
"0","2000","AkademikerIn","weiblich","","","",""
"1","2000","(noch) kein Abschluss","maennlich","23","","",""
"1","2000","(noch) kein Abschluss","weiblich","32","0.725198252627144","0.590189611748096","0.860206893506192"
"1","2000","Hauptschule","maennlich","428","0.683271883074575","0.646594871892188","0.719948894256963"
"1","2000","Hauptschule","weiblich","599","0.725762477534089","0.695152451035781","0.756372504032397"
"1","2000","Realschule","maennlich","174","","",""
"1","2000","Realschule","weiblich","351","0.79692303312054","0.759205272814606","0.834640793426475"
"1","2000","(Fach-)Abitur","maennlich","64","0.626024399411754","0.528726480201206","0.723322318622301"
"1","2000","(Fach-)Abitur","weiblich","114","","",""
"1","2000","AkademikerIn","maennlich","138","","",""
"1","2000","AkademikerIn","weiblich","134","","",""
"2","2000","(noch) kein Abschluss","maennlich","7","0.250203337368829","0.0977329355753098","0.402673739162349"
"2","2000","(noch) kein Abschluss","weiblich","5","0.132695524166671","0.0300978828080424","0.2352931655253"
"2","2000","Hauptschule","maennlich","124","","",""
"2","2000","Hauptschule","weiblich","133","","",""
"2","2000","Realschule","maennlich","30","0.133824330082905","0.0896315628433184","0.178017097322492"
"2","2000","Realschule","weiblich","63","0.145088572682521","0.112068004809509","0.178109140555533"
"2","2000","(Fach-)Abitur","maennlich","21","","",""
"2","2000","(Fach-)Abitur","weiblich","23","","",""
"2","2000","AkademikerIn","maennlich","28","","",""
"2","2000","AkademikerIn","weiblich","29","","",""
"3","2000","(noch) kein Abschluss","maennlich","","","",""
"3","2000","(noch) kein Abschluss","weiblich","4","0.121871175954838","0.0229354686141637","0.220806883295513"
"3","2000","Hauptschule","maennlich","27","","",""
"3","2000","Hauptschule","weiblich","37","0.0478125419083221","0.0331727414727436","0.0624523423439006"
"3","2000","Realschule","maennlich","11","","",""
"3","2000","Realschule","weiblich","12","","",""
"3","2000","(Fach-)Abitur","maennlich","8","0.116923346076365","0.0523079355730669","0.181538756579662"
"3","2000","(Fach-)Abitur","weiblich","2","","",""
"3","2000","AkademikerIn","maennlich","13","","",""
"3","2000","AkademikerIn","weiblich","5","0.0249752518050738","0.00192081515252077","0.0480296884576268"
"4","2000","(noch) kein Abschluss","maennlich","","","",""
"4","2000","(noch) kein Abschluss","weiblich","","","",""
"4","2000","Hauptschule","maennlich","12","","",""
"4","2000","Hauptschule","weiblich","17","","",""
"4","2000","Realschule","maennlich","3","","",""
"4","2000","Realschule","weiblich","2","","",""
"4","2000","(Fach-)Abitur","maennlich","1","","",""
"4","2000","(Fach-)Abitur","weiblich","2","","",""
"4","2000","AkademikerIn","maennlich","5","0.0251147566904306","0.0030962195596629","0.0471332938211984"
"4","2000","AkademikerIn","weiblich","3","","",""
"5","2000","(noch) kein Abschluss","maennlich","","","",""
"5","2000","(noch) kein Abschluss","weiblich","","","",""
"5","2000","Hauptschule","maennlich","7","0.00733700578399792","0.00060856863168355","0.0140654429363123"
"5","2000","Hauptschule","weiblich","6","0.00857535343807614","0.00224892089551316","0.0149017859806391"
"5","2000","Realschule","maennlich","","","",""
"5","2000","Realschule","weiblich","2","","",""
"5","2000","(Fach-)Abitur","maennlich","","","",""
"5","2000","(Fach-)Abitur","weiblich","","","",""
"5","2000","AkademikerIn","maennlich","5","0.0301194811392857","0.0060686501093895","0.054170312169182"
"5","2000","AkademikerIn","weiblich","1","","",""
"6","2000","(noch) kein Abschluss","maennlich","","","",""
"6","2000","(noch) kein Abschluss","weiblich","1","","",""
"6","2000","Hauptschule","maennlich","4","0.00683312841666647","0.000338194194308782","0.0133280626390242"
"6","2000","Hauptschule","weiblich","6","0.00651303137210604","0.000993837062710951","0.0120322256815011"
"6","2000","Realschule","maennlich","1","","",""
"6","2000","Realschule","weiblich","4","0.00791421907685544","-0.00039358065945787","0.0162220188131687"
"6","2000","(Fach-)Abitur","maennlich","","","",""
"6","2000","(Fach-)Abitur","weiblich","","","",""
"6","2000","AkademikerIn","maennlich","3","","",""
"6","2000","AkademikerIn","weiblich","","","",""
"7","2000","(noch) kein Abschluss","maennlich","1","","",""
"7","2000","(noch) kein Abschluss","weiblich","","","",""
"7","2000","Hauptschule","maennlich","2","","",""
"7","2000","Hauptschule","weiblich","4","0.0046421757524841","-2.17692266164995e-05","0.0093061207315847"
"7","2000","Realschule","maennlich","1","","",""
"7","2000","Realschule","weiblich","","","",""
"7","2000","(Fach-)Abitur","maennlich","1","","",""
"7","2000","(Fach-)Abitur","weiblich","","","",""
"7","2000","AkademikerIn","maennlich","","","",""
"7","2000","AkademikerIn","weiblich","2","","",""
"8","2000","(noch) kein Abschluss","maennlich","","","",""
"8","2000","(noch) kein Abschluss","weiblich","","","",""
"8","2000","Hauptschule","maennlich","4","0.00403922149267228","-0.000961397957503795","0.00903984094284836"
"8","2000","Hauptschule","weiblich","3","","",""
"8","2000","Realschule","maennlich","2","","",""
"8","2000","Realschule","weiblich","2","","",""
"8","2000","(Fach-)Abitur","maennlich","","","",""
"8","2000","(Fach-)Abitur","weiblich","","","",""
"8","2000","AkademikerIn","maennlich","","","",""
"8","2000","AkademikerIn","weiblich","","","",""
"9","2000","(noch) kein Abschluss","maennlich","","","",""
"9","2000","(noch) kein Abschluss","weiblich","","","",""
"9","2000","Hauptschule","maennlich","1","","",""
"9","2000","Hauptschule","weiblich","3","","",""
"9","2000","Realschule","maennlich","2","","",""
"9","2000","Realschule","weiblich","","","",""
"9","2000","(Fach-)Abitur","maennlich","","","",""
"9","2000","(Fach-)Abitur","weiblich","","","",""
"9","2000","AkademikerIn","maennlich","1","","",""
"9","2000","AkademikerIn","weiblich","1","","",""
"10","2000","(noch) kein Abschluss","maennlich","","","",""
"10","2000","(noch) kein Abschluss","weiblich","","","",""
"10","2000","Hauptschule","maennlich","3","","",""
"10","2000","Hauptschule","weiblich","1","","",""
"10","2000","Realschule","maennlich","","","",""
"10","2000","Realschule","weiblich","","","",""
"10","2000","(Fach-)Abitur","maennlich","","","",""
"10","2000","(Fach-)Abitur","weiblich","","","",""
"10","2000","AkademikerIn","maennlich","","","",""
"10","2000","AkademikerIn","weiblich","1","","",""
"11","2000","(noch) kein Abschluss","maennlich","","","",""
"11","2000","(noch) kein Abschluss","weiblich","","","",""
"11","2000","Hauptschule","maennlich","1","","",""
"11","2000","Hauptschule","weiblich","1","","",""
"11","2000","Realschule","maennlich","","","",""
"11","2000","Realschule","weiblich","","","",""
"11","2000","(Fach-)Abitur","maennlich","","","",""
"11","2000","(Fach-)Abitur","weiblich","","","",""
"11","2000","AkademikerIn","maennlich","","","",""
"11","2000","AkademikerIn","weiblich","","","",""
"12","2000","(noch) kein Abschluss","maennlich","","","",""
"12","2000","(noch) kein Abschluss","weiblich","","","",""
"12","2000","Hauptschule","maennlich","","","",""
"12","2000","Hauptschule","weiblich","1","","",""
"12","2000","Realschule","maennlich","2","","",""
"12","2000","Realschule","weiblich","","","",""
"12","2000","(Fach-)Abitur","maennlich","","","",""
"12","2000","(Fach-)Abitur","weiblich","","","",""
"12","2000","AkademikerIn","maennlich","","","",""
"12","2000","AkademikerIn","weiblich","","","",""
"13","2000","(noch) kein Abschluss","maennlich","","","",""
"13","2000","(noch) kein Abschluss","weiblich","","","",""
"13","2000","Hauptschule","maennlich","1","","",""
"13","2000","Hauptschule","weiblich","1","","",""
"13","2000","Realschule","maennlich","","","",""
"13","2000","Realschule","weiblich","1","","",""
"13","2000","(Fach-)Abitur","maennlich","","","",""
"13","2000","(Fach-)Abitur","weiblich","","","",""
"13","2000","AkademikerIn","maennlich","","","",""
"13","2000","AkademikerIn","weiblich","","","",""
"14","2000","(noch) kein Abschluss","maennlich","","","",""
"14","2000","(noch) kein Abschluss","weiblich","","","",""
"14","2000","Hauptschule","maennlich","2","","",""
"14","2000","Hauptschule","weiblich","1","","",""
"14","2000","Realschule","maennlich","","","",""
"14","2000","Realschule","weiblich","","","",""
"14","2000","(Fach-)Abitur","maennlich","","","",""
"14","2000","(Fach-)Abitur","weiblich","","","",""
"14","2000","AkademikerIn","maennlich","","","",""
"14","2000","AkademikerIn","weiblich","","","",""
"15","2000","(noch) kein Abschluss","maennlich","","","",""
"15","2000","(noch) kein Abschluss","weiblich","","","",""
"15","2000","Hauptschule","maennlich","","","",""
"15","2000","Hauptschule","weiblich","","","",""
"15","2000","Realschule","maennlich","","","",""
"15","2000","Realschule","weiblich","","","",""
"15","2000","(Fach-)Abitur","maennlich","","","",""
"15","2000","(Fach-)Abitur","weiblich","","","",""
"15","2000","AkademikerIn","maennlich","","","",""
"15","2000","AkademikerIn","weiblich","","","",""
"16","2000","(noch) kein Abschluss","maennlich","","","",""
"16","2000","(noch) kein Abschluss","weiblich","","","",""
"16","2000","Hauptschule","maennlich","","","",""
"16","2000","Hauptschule","weiblich","","","",""
"16","2000","Realschule","maennlich","","","",""
"16","2000","Realschule","weiblich","","","",""
"16","2000","(Fach-)Abitur","maennlich","","","",""
"16","2000","(Fach-)Abitur","weiblich","","","",""
"16","2000","AkademikerIn","maennlich","","","",""
"16","2000","AkademikerIn","weiblich","","","",""
"17","2000","(noch) kein Abschluss","maennlich","","","",""
"17","2000","(noch) kein Abschluss","weiblich","","","",""
"17","2000","Hauptschule","maennlich","1","","",""
"17","2000","Hauptschule","weiblich","","","",""
"17","2000","Realschule","maennlich","","","",""
"17","2000","Realschule","weiblich","","","",""
"17","2000","(Fach-)Abitur","maennlich","","","",""
"17","2000","(Fach-)Abitur","weiblich","","","",""
"17","2000","AkademikerIn","maennlich","","","",""
"17","2000","AkademikerIn","weiblich","","","",""
"18","2000","(noch) kein Abschluss","maennlich","","","",""
"18","2000","(noch) kein Abschluss","weiblich","","","",""
"18","2000","Hauptschule","maennlich","","","",""
"18","2000","Hauptschule","weiblich","","","",""
"18","2000","Realschule","maennlich","","","",""
"18","2000","Realschule","weiblich","","","",""
"18","2000","(Fach-)Abitur","maennlich","","","",""
"18","2000","(Fach-)Abitur","weiblich","","","",""
"18","2000","AkademikerIn","maennlich","","","",""
"18","2000","AkademikerIn","weiblich","","","",""
"19","2000","(noch) kein Abschluss","maennlich","","","",""
"19","2000","(noch) kein Abschluss","weiblich","","","",""
"19","2000","Hauptschule","maennlich","","","",""
"19","2000","Hauptschule","weiblich","","","",""
"19","2000","Realschule","maennlich","","","",""
"19","2000","Realschule","weiblich","","","",""
"19","2000","(Fach-)Abitur","maennlich","","","",""
"19","2000","(Fach-)Abitur","weiblich","","","",""
"19","2000","AkademikerIn","maennlich","","","",""
"19","2000","AkademikerIn","weiblich","","","",""
"20","2000","(noch) kein Abschluss","maennlich","","","",""
"20","2000","(noch) kein Abschluss","weiblich","","","",""
"20","2000","Hauptschule","maennlich","","","",""
"20","2000","Hauptschule","weiblich","1","","",""
"20","2000","Realschule","maennlich","","","",""
"20","2000","Realschule","weiblich","","","",""
"20","2000","(Fach-)Abitur","maennlich","","","",""
"20","2000","(Fach-)Abitur","weiblich","","","",""
"20","2000","AkademikerIn","maennlich","1","","",""
"20","2000","AkademikerIn","weiblich","","","",""
"21","2000","(noch) kein Abschluss","maennlich","","","",""
"21","2000","(noch) kein Abschluss","weiblich","","","",""
"21","2000","Hauptschule","maennlich","","","",""
"21","2000","Hauptschule","weiblich","","","",""
"21","2000","Realschule","maennlich","1","","",""
"21","2000","Realschule","weiblich","","","",""
"21","2000","(Fach-)Abitur","maennlich","","","",""
"21","2000","(Fach-)Abitur","weiblich","","","",""
"21","2000","AkademikerIn","maennlich","","","",""
"21","2000","AkademikerIn","weiblich","","","",""
"22","2000","(noch) kein Abschluss","maennlich","","","",""
"22","2000","(noch) kein Abschluss","weiblich","","","",""
"22","2000","Hauptschule","maennlich","","","",""
"22","2000","Hauptschule","weiblich","","","",""
"22","2000","Realschule","maennlich","1","","",""
"22","2000","Realschule","weiblich","","","",""
"22","2000","(Fach-)Abitur","maennlich","","","",""
"22","2000","(Fach-)Abitur","weiblich","","","",""
"22","2000","AkademikerIn","maennlich","","","",""
"22","2000","AkademikerIn","weiblich","","","",""
"23","2000","(noch) kein Abschluss","maennlich","","","",""
"23","2000","(noch) kein Abschluss","weiblich","","","",""
"23","2000","Hauptschule","maennlich","","","",""
"23","2000","Hauptschule","weiblich","","","",""
"23","2000","Realschule","maennlich","","","",""
"23","2000","Realschule","weiblich","","","",""
"23","2000","(Fach-)Abitur","maennlich","","","",""
"23","2000","(Fach-)Abitur","weiblich","","","",""
"23","2000","AkademikerIn","maennlich","","","",""
"23","2000","AkademikerIn","weiblich","","","",""
"24","2000","(noch) kein Abschluss","maennlich","","","",""
"24","2000","(noch) kein Abschluss","weiblich","","","",""
"24","2000","Hauptschule","maennlich","","","",""
"24","2000","Hauptschule","weiblich","1","","",""
"24","2000","Realschule","maennlich","","","",""
"24","2000","Realschule","weiblich","","","",""
"24","2000","(Fach-)Abitur","maennlich","","","",""
"24","2000","(Fach-)Abitur","weiblich","","","",""
"24","2000","AkademikerIn","maennlich","","","",""
"24","2000","AkademikerIn","weiblich","","","",""
"25","2000","(noch) kein Abschluss","maennlich","","","",""
"25","2000","(noch) kein Abschluss","weiblich","","","",""
"25","2000","Hauptschule","maennlich","","","",""
"25","2000","Hauptschule","weiblich","","","",""
"25","2000","Realschule","maennlich","","","",""
"25","2000","Realschule","weiblich","","","",""
"25","2000","(Fach-)Abitur","maennlich","","","",""
"25","2000","(Fach-)Abitur","weiblich","","","",""
"25","2000","AkademikerIn","maennlich","","","",""
"25","2000","AkademikerIn","weiblich","","","",""
"26","2000","(noch) kein Abschluss","maennlich","","","",""
"26","2000","(noch) kein Abschluss","weiblich","","","",""
"26","2000","Hauptschule","maennlich","","","",""
"26","2000","Hauptschule","weiblich","","","",""
"26","2000","Realschule","maennlich","","","",""
"26","2000","Realschule","weiblich","","","",""
"26","2000","(Fach-)Abitur","maennlich","","","",""
"26","2000","(Fach-)Abitur","weiblich","","","",""
"26","2000","AkademikerIn","maennlich","","","",""
"26","2000","AkademikerIn","weiblich","","","",""
"27","2000","(noch) kein Abschluss","maennlich","","","",""
"27","2000","(noch) kein Abschluss","weiblich","","","",""
"27","2000","Hauptschule","maennlich","","","",""
"27","2000","Hauptschule","weiblich","","","",""
"27","2000","Realschule","maennlich","","","",""
"27","2000","Realschule","weiblich","","","",""
"27","2000","(Fach-)Abitur","maennlich","","","",""
"27","2000","(Fach-)Abitur","weiblich","","","",""
"27","2000","AkademikerIn","maennlich","","","",""
"27","2000","AkademikerIn","weiblich","","","",""
"28","2000","(noch) kein Abschluss","maennlich","","","",""
"28","2000","(noch) kein Abschluss","weiblich","","","",""
"28","2000","Hauptschule","maennlich","","","",""
"28","2000","Hauptschule","weiblich","","","",""
"28","2000","Realschule","maennlich","","","",""
"28","2000","Realschule","weiblich","","","",""
"28","2000","(Fach-)Abitur","maennlich","","","",""
"28","2000","(Fach-)Abitur","weiblich","","","",""
"28","2000","AkademikerIn","maennlich","","","",""
"28","2000","AkademikerIn","weiblich","","","",""
"30","2000","(noch) kein Abschluss","maennlich","","","",""
"30","2000","(noch) kein Abschluss","weiblich","","","",""
"30","2000","Hauptschule","maennlich","","","",""
"30","2000","Hauptschule","weiblich","1","","",""
"30","2000","Realschule","maennlich","","","",""
"30","2000","Realschule","weiblich","","","",""
"30","2000","(Fach-)Abitur","maennlich","","","",""
"30","2000","(Fach-)Abitur","weiblich","","","",""
"30","2000","AkademikerIn","maennlich","","","",""
"30","2000","AkademikerIn","weiblich","","","",""
"31","2000","(noch) kein Abschluss","maennlich","","","",""
"31","2000","(noch) kein Abschluss","weiblich","","","",""
"31","2000","Hauptschule","maennlich","","","",""
"31","2000","Hauptschule","weiblich","","","",""
"31","2000","Realschule","maennlich","","","",""
"31","2000","Realschule","weiblich","","","",""
"31","2000","(Fach-)Abitur","maennlich","","","",""
"31","2000","(Fach-)Abitur","weiblich","","","",""
"31","2000","AkademikerIn","maennlich","","","",""
"31","2000","AkademikerIn","weiblich","","","",""
"32","2000","(noch) kein Abschluss","maennlich","","","",""
"32","2000","(noch) kein Abschluss","weiblich","","","",""
"32","2000","Hauptschule","maennlich","","","",""
"32","2000","Hauptschule","weiblich","","","",""
"32","2000","Realschule","maennlich","","","",""
"32","2000","Realschule","weiblich","","","",""
"32","2000","(Fach-)Abitur","maennlich","","","",""
"32","2000","(Fach-)Abitur","weiblich","","","",""
"32","2000","AkademikerIn","maennlich","","","",""
"32","2000","AkademikerIn","weiblich","","","",""
"35","2000","(noch) kein Abschluss","maennlich","","","",""
"35","2000","(noch) kein Abschluss","weiblich","","","",""
"35","2000","Hauptschule","maennlich","","","",""
"35","2000","Hauptschule","weiblich","","","",""
"35","2000","Realschule","maennlich","","","",""
"35","2000","Realschule","weiblich","","","",""
"35","2000","(Fach-)Abitur","maennlich","","","",""
"35","2000","(Fach-)Abitur","weiblich","","","",""
"35","2000","AkademikerIn","maennlich","","","",""
"35","2000","AkademikerIn","weiblich","","","",""
"36","2000","(noch) kein Abschluss","maennlich","","","",""
"36","2000","(noch) kein Abschluss","weiblich","","","",""
"36","2000","Hauptschule","maennlich","","","",""
"36","2000","Hauptschule","weiblich","","","",""
"36","2000","Realschule","maennlich","","","",""
"36","2000","Realschule","weiblich","","","",""
"36","2000","(Fach-)Abitur","maennlich","","","",""
"36","2000","(Fach-)Abitur","weiblich","","","",""
"36","2000","AkademikerIn","maennlich","","","",""
"36","2000","AkademikerIn","weiblich","","","",""
"40","2000","(noch) kein Abschluss","maennlich","","","",""
"40","2000","(noch) kein Abschluss","weiblich","","","",""
"40","2000","Hauptschule","maennlich","","","",""
"40","2000","Hauptschule","weiblich","","","",""
"40","2000","Realschule","maennlich","","","",""
"40","2000","Realschule","weiblich","","","",""
"40","2000","(Fach-)Abitur","maennlich","","","",""
"40","2000","(Fach-)Abitur","weiblich","","","",""
"40","2000","AkademikerIn","maennlich","","","",""
"40","2000","AkademikerIn","weiblich","","","",""
"42","2000","(noch) kein Abschluss","maennlich","","","",""
"42","2000","(noch) kein Abschluss","weiblich","","","",""
"42","2000","Hauptschule","maennlich","","","",""
"42","2000","Hauptschule","weiblich","","","",""
"42","2000","Realschule","maennlich","","","",""
"42","2000","Realschule","weiblich","","","",""
"42","2000","(Fach-)Abitur","maennlich","","","",""
"42","2000","(Fach-)Abitur","weiblich","","","",""
"42","2000","AkademikerIn","maennlich","","","",""
"42","2000","AkademikerIn","weiblich","","","",""
"45","2000","(noch) kein Abschluss","maennlich","","","",""
"45","2000","(noch) kein Abschluss","weiblich","","","",""
"45","2000","Hauptschule","maennlich","1","","",""
"45","2000","Hauptschule","weiblich","","","",""
"45","2000","Realschule","maennlich","","","",""
"45","2000","Realschule","weiblich","","","",""
"45","2000","(Fach-)Abitur","maennlich","","","",""
"45","2000","(Fach-)Abitur","weiblich","","","",""
"45","2000","AkademikerIn","maennlich","","","",""
"45","2000","AkademikerIn","weiblich","","","",""
"48","2000","(noch) kein Abschluss","maennlich","","","",""
"48","2000","(noch) kein Abschluss","weiblich","","","",""
"48","2000","Hauptschule","maennlich","","","",""
"48","2000","Hauptschule","weiblich","","","",""
"48","2000","Realschule","maennlich","","","",""
"48","2000","Realschule","weiblich","","","",""
"48","2000","(Fach-)Abitur","maennlich","","","",""
"48","2000","(Fach-)Abitur","weiblich","","","",""
"48","2000","AkademikerIn","maennlich","","","",""
"48","2000","AkademikerIn","weiblich","","","",""
"50","2000","(noch) kein Abschluss","maennlich","","","",""
"50","2000","(noch) kein Abschluss","weiblich","","","",""
"50","2000","Hauptschule","maennlich","","","",""
"50","2000","Hauptschule","weiblich","","","",""
"50","2000","Realschule","maennlich","","","",""
"50","2000","Realschule","weiblich","","","",""
"50","2000","(Fach-)Abitur","maennlich","","","",""
"50","2000","(Fach-)Abitur","weiblich","","","",""
"50","2000","AkademikerIn","maennlich","","","",""
"50","2000","AkademikerIn","weiblich","","","",""
"51","2000","(noch) kein Abschluss","maennlich","","","",""
"51","2000","(noch) kein Abschluss","weiblich","","","",""
"51","2000","Hauptschule","maennlich","","","",""
"51","2000","Hauptschule","weiblich","","","",""
"51","2000","Realschule","maennlich","","","",""
"51","2000","Realschule","weiblich","","","",""
"51","2000","(Fach-)Abitur","maennlich","","","",""
"51","2000","(Fach-)Abitur","weiblich","","","",""
"51","2000","AkademikerIn","maennlich","","","",""
"51","2000","AkademikerIn","weiblich","","","",""
"64","2000","(noch) kein Abschluss","maennlich","","","",""
"64","2000","(noch) kein Abschluss","weiblich","","","",""
"64","2000","Hauptschule","maennlich","","","",""
"64","2000","Hauptschule","weiblich","","","",""
"64","2000","Realschule","maennlich","","","",""
"64","2000","Realschule","weiblich","","","",""
"64","2000","(Fach-)Abitur","maennlich","","","",""
"64","2000","(Fach-)Abitur","weiblich","","","",""
"64","2000","AkademikerIn","maennlich","","","",""
"64","2000","AkademikerIn","weiblich","","","",""
"65","2000","(noch) kein Abschluss","maennlich","","","",""
"65","2000","(noch) kein Abschluss","weiblich","","","",""
"65","2000","Hauptschule","maennlich","","","",""
"65","2000","Hauptschule","weiblich","","","",""
"65","2000","Realschule","maennlich","","","",""
"65","2000","Realschule","weiblich","","","",""
"65","2000","(Fach-)Abitur","maennlich","","","",""
"65","2000","(Fach-)Abitur","weiblich","","","",""
"65","2000","AkademikerIn","maennlich","","","",""
"65","2000","AkademikerIn","weiblich","","","",""
"90","2000","(noch) kein Abschluss","maennlich","","","",""
"90","2000","(noch) kein Abschluss","weiblich","","","",""
"90","2000","Hauptschule","maennlich","","","",""
"90","2000","Hauptschule","weiblich","","","",""
"90","2000","Realschule","maennlich","","","",""
"90","2000","Realschule","weiblich","","","",""
"90","2000","(Fach-)Abitur","maennlich","","","",""
"90","2000","(Fach-)Abitur","weiblich","","","",""
"90","2000","AkademikerIn","maennlich","","","",""
"90","2000","AkademikerIn","weiblich","","","",""
"98","2000","(noch) kein Abschluss","maennlich","","","",""
"98","2000","(noch) kein Abschluss","weiblich","","","",""
"98","2000","Hauptschule","maennlich","","","",""
"98","2000","Hauptschule","weiblich","","","",""
"98","2000","Realschule","maennlich","","","",""
"98","2000","Realschule","weiblich","","","",""
"98","2000","(Fach-)Abitur","maennlich","","","",""
"98","2000","(Fach-)Abitur","weiblich","","","",""
"98","2000","AkademikerIn","maennlich","","","",""
"98","2000","AkademikerIn","weiblich","","","",""
"100","2000","(noch) kein Abschluss","maennlich","","","",""
"100","2000","(noch) kein Abschluss","weiblich","","","",""
"100","2000","Hauptschule","maennlich","","","",""
"100","2000","Hauptschule","weiblich","","","",""
"100","2000","Realschule","maennlich","","","",""
"100","2000","Realschule","weiblich","","","",""
"100","2000","(Fach-)Abitur","maennlich","","","",""
"100","2000","(Fach-)Abitur","weiblich","","","",""
"100","2000","AkademikerIn","maennlich","","","",""
"100","2000","AkademikerIn","weiblich","","","",""
"0","2001","(noch) kein Abschluss","maennlich","","","",""
"0","2001","(noch) kein Abschluss","weiblich","","","",""
"0","2001","Hauptschule","maennlich","","","",""
"0","2001","Hauptschule","weiblich","","","",""
"0","2001","Realschule","maennlich","","","",""
"0","2001","Realschule","weiblich","","","",""
"0","2001","(Fach-)Abitur","maennlich","","","",""
"0","2001","(Fach-)Abitur","weiblich","","","",""
"0","2001","AkademikerIn","maennlich","","","",""
"0","2001","AkademikerIn","weiblich","","","",""
"1","2001","(noch) kein Abschluss","maennlich","22","","",""
"1","2001","(noch) kein Abschluss","weiblich","22","","",""
"1","2001","Hauptschule","maennlich","409","0.704377387340957","0.666916143675448","0.741838631006466"
"1","2001","Hauptschule","weiblich","568","0.750769234490935","0.719602859581527","0.781935609400343"
"1","2001","Realschule","maennlich","148","","",""
"1","2001","Realschule","weiblich","330","0.784739488387055","0.745052840263085","0.824426136511025"
"1","2001","(Fach-)Abitur","maennlich","58","0.694779421971819","0.596882506815083","0.792676337128554"
"1","2001","(Fach-)Abitur","weiblich","131","","",""
"1","2001","AkademikerIn","maennlich","130","","",""
"1","2001","AkademikerIn","weiblich","146","","",""
"2","2001","(noch) kein Abschluss","maennlich","2","","",""
"2","2001","(noch) kein Abschluss","weiblich","4","0.170148915800583","0.0399558728321182","0.300341958769047"
"2","2001","Hauptschule","maennlich","112","","",""
"2","2001","Hauptschule","weiblich","126","","",""
"2","2001","Realschule","maennlich","40","0.192073652498009","0.137341650269517","0.2468056547265"
"2","2001","Realschule","weiblich","61","0.164516638050483","0.128717439930669","0.200315836170297"
"2","2001","(Fach-)Abitur","maennlich","16","","",""
"2","2001","(Fach-)Abitur","weiblich","13","","",""
"2","2001","AkademikerIn","maennlich","34","0.196713220028705","0.138961558886077","0.254464881171332"
"2","2001","AkademikerIn","weiblich","28","","",""
"3","2001","(noch) kein Abschluss","maennlich","","","",""
"3","2001","(noch) kein Abschluss","weiblich","5","0.225045748446142","0.0803530750782359","0.369738421814048"
"3","2001","Hauptschule","maennlich","32","0.0545367702427554","0.0358954060107394","0.0731781344747714"
"3","2001","Hauptschule","weiblich","30","0.0424707471184348","0.0279411622196313","0.0570003320172384"
"3","2001","Realschule","maennlich","7","0.02877486679304","0.00554813152611938","0.0520016020599606"
"3","2001","Realschule","weiblich","14","","",""
"3","2001","(Fach-)Abitur","maennlich","7","0.0680010888620367","0.0144825480207773","0.121519629703296"
"3","2001","(Fach-)Abitur","weiblich","5","0.0266921173795138","0.000898093662658948","0.0524861410963686"
"3","2001","AkademikerIn","maennlich","9","0.0393117116591222","0.0110782179842761","0.0675452053339683"
"3","2001","AkademikerIn","weiblich","2","","",""
"4","2001","(noch) kein Abschluss","maennlich","1","","",""
"4","2001","(noch) kein Abschluss","weiblich","1","","",""
"4","2001","Hauptschule","maennlich","5","0.00711846722379616","0.000216822099026624","0.0140201123485657"
"4","2001","Hauptschule","weiblich","7","0.0112075631303372","0.00362282840480504","0.0187922978558694"
"4","2001","Realschule","maennlich","2","","",""
"4","2001","Realschule","weiblich","3","","",""
"4","2001","(Fach-)Abitur","maennlich","3","","",""
"4","2001","(Fach-)Abitur","weiblich","","","",""
"4","2001","AkademikerIn","maennlich","4","0.0236466054142395","0.00157162537590089","0.0457215854525782"
"4","2001","AkademikerIn","weiblich","1","","",""
"5","2001","(noch) kein Abschluss","maennlich","","","",""
"5","2001","(noch) kein Abschluss","weiblich","","","",""
"5","2001","Hauptschule","maennlich","6","0.0129098705790103","0.00364263908004073","0.0221771020779799"
"5","2001","Hauptschule","weiblich","4","0.00454367721743276","-0.000301917326421321","0.00938927176128683"
"5","2001","Realschule","maennlich","","","",""
"5","2001","Realschule","weiblich","2","","",""
"5","2001","(Fach-)Abitur","maennlich","1","","",""
"5","2001","(Fach-)Abitur","weiblich","","","",""
"5","2001","AkademikerIn","maennlich","3","","",""
"5","2001","AkademikerIn","weiblich","","","",""
"6","2001","(noch) kein Abschluss","maennlich","","","",""
"6","2001","(noch) kein Abschluss","weiblich","","","",""
"6","2001","Hauptschule","maennlich","2","","",""
"6","2001","Hauptschule","weiblich","1","","",""
"6","2001","Realschule","maennlich","2","","",""
"6","2001","Realschule","weiblich","","","",""
"6","2001","(Fach-)Abitur","maennlich","","","",""
"6","2001","(Fach-)Abitur","weiblich","","","",""
"6","2001","AkademikerIn","maennlich","1","","",""
"6","2001","AkademikerIn","weiblich","","","",""
"7","2001","(noch) kein Abschluss","maennlich","","","",""
"7","2001","(noch) kein Abschluss","weiblich","","","",""
"7","2001","Hauptschule","maennlich","1","","",""
"7","2001","Hauptschule","weiblich","","","",""
"7","2001","Realschule","maennlich","","","",""
"7","2001","Realschule","weiblich","","","",""
"7","2001","(Fach-)Abitur","maennlich","","","",""
"7","2001","(Fach-)Abitur","weiblich","","","",""
"7","2001","AkademikerIn","maennlich","","","",""
"7","2001","AkademikerIn","weiblich","","","",""
"8","2001","(noch) kein Abschluss","maennlich","","","",""
"8","2001","(noch) kein Abschluss","weiblich","","","",""
"8","2001","Hauptschule","maennlich","1","","",""
"8","2001","Hauptschule","weiblich","2","","",""
"8","2001","Realschule","maennlich","","","",""
"8","2001","Realschule","weiblich","","","",""
"8","2001","(Fach-)Abitur","maennlich","","","",""
"8","2001","(Fach-)Abitur","weiblich","1","","",""
"8","2001","AkademikerIn","maennlich","","","",""
"8","2001","AkademikerIn","weiblich","1","","",""
"9","2001","(noch) kein Abschluss","maennlich","","","",""
"9","2001","(noch) kein Abschluss","weiblich","","","",""
"9","2001","Hauptschule","maennlich","","","",""
"9","2001","Hauptschule","weiblich","1","","",""
"9","2001","Realschule","maennlich","","","",""
"9","2001","Realschule","weiblich","","","",""
"9","2001","(Fach-)Abitur","maennlich","","","",""
"9","2001","(Fach-)Abitur","weiblich","","","",""
"9","2001","AkademikerIn","maennlich","","","",""
"9","2001","AkademikerIn","weiblich","","","",""
"10","2001","(noch) kein Abschluss","maennlich","","","",""
"10","2001","(noch) kein Abschluss","weiblich","","","",""
"10","2001","Hauptschule","maennlich","","","",""
"10","2001","Hauptschule","weiblich","1","","",""
"10","2001","Realschule","maennlich","","","",""
"10","2001","Realschule","weiblich","","","",""
"10","2001","(Fach-)Abitur","maennlich","","","",""
"10","2001","(Fach-)Abitur","weiblich","","","",""
"10","2001","AkademikerIn","maennlich","","","",""
"10","2001","AkademikerIn","weiblich","","","",""
"11","2001","(noch) kein Abschluss","maennlich","","","",""
"11","2001","(noch) kein Abschluss","weiblich","","","",""
"11","2001","Hauptschule","maennlich","","","",""
"11","2001","Hauptschule","weiblich","","","",""
"11","2001","Realschule","maennlich","","","",""
"11","2001","Realschule","weiblich","1","","",""
"11","2001","(Fach-)Abitur","maennlich","","","",""
"11","2001","(Fach-)Abitur","weiblich","","","",""
"11","2001","AkademikerIn","maennlich","","","",""
"11","2001","AkademikerIn","weiblich","","","",""
"12","2001","(noch) kein Abschluss","maennlich","","","",""
"12","2001","(noch) kein Abschluss","weiblich","","","",""
"12","2001","Hauptschule","maennlich","2","","",""
"12","2001","Hauptschule","weiblich","","","",""
"12","2001","Realschule","maennlich","","","",""
"12","2001","Realschule","weiblich","1","","",""
"12","2001","(Fach-)Abitur","maennlich","","","",""
"12","2001","(Fach-)Abitur","weiblich","","","",""
"12","2001","AkademikerIn","maennlich","1","","",""
"12","2001","AkademikerIn","weiblich","","","",""
"13","2001","(noch) kein Abschluss","maennlich","","","",""
"13","2001","(noch) kein Abschluss","weiblich","","","",""
"13","2001","Hauptschule","maennlich","","","",""
"13","2001","Hauptschule","weiblich","","","",""
"13","2001","Realschule","maennlich","","","",""
"13","2001","Realschule","weiblich","","","",""
"13","2001","(Fach-)Abitur","maennlich","","","",""
"13","2001","(Fach-)Abitur","weiblich","","","",""
"13","2001","AkademikerIn","maennlich","","","",""
"13","2001","AkademikerIn","weiblich","","","",""
"14","2001","(noch) kein Abschluss","maennlich","","","",""
"14","2001","(noch) kein Abschluss","weiblich","","","",""
"14","2001","Hauptschule","maennlich","","","",""
"14","2001","Hauptschule","weiblich","","","",""
"14","2001","Realschule","maennlich","","","",""
"14","2001","Realschule","weiblich","","","",""
"14","2001","(Fach-)Abitur","maennlich","","","",""
"14","2001","(Fach-)Abitur","weiblich","","","",""
"14","2001","AkademikerIn","maennlich","","","",""
"14","2001","AkademikerIn","weiblich","","","",""
"15","2001","(noch) kein Abschluss","maennlich","","","",""
"15","2001","(noch) kein Abschluss","weiblich","","","",""
"15","2001","Hauptschule","maennlich","","","",""
"15","2001","Hauptschule","weiblich","","","",""
"15","2001","Realschule","maennlich","","","",""
"15","2001","Realschule","weiblich","","","",""
"15","2001","(Fach-)Abitur","maennlich","","","",""
"15","2001","(Fach-)Abitur","weiblich","","","",""
"15","2001","AkademikerIn","maennlich","","","",""
"15","2001","AkademikerIn","weiblich","","","",""
"16","2001","(noch) kein Abschluss","maennlich","","","",""
"16","2001","(noch) kein Abschluss","weiblich","","","",""
"16","2001","Hauptschule","maennlich","","","",""
"16","2001","Hauptschule","weiblich","","","",""
"16","2001","Realschule","maennlich","","","",""
"16","2001","Realschule","weiblich","","","",""
"16","2001","(Fach-)Abitur","maennlich","","","",""
"16","2001","(Fach-)Abitur","weiblich","","","",""
"16","2001","AkademikerIn","maennlich","","","",""
"16","2001","AkademikerIn","weiblich","","","",""
"17","2001","(noch) kein Abschluss","maennlich","","","",""
"17","2001","(noch) kein Abschluss","weiblich","","","",""
"17","2001","Hauptschule","maennlich","","","",""
"17","2001","Hauptschule","weiblich","","","",""
"17","2001","Realschule","maennlich","","","",""
"17","2001","Realschule","weiblich","","","",""
"17","2001","(Fach-)Abitur","maennlich","","","",""
"17","2001","(Fach-)Abitur","weiblich","","","",""
"17","2001","AkademikerIn","maennlich","","","",""
"17","2001","AkademikerIn","weiblich","","","",""
"18","2001","(noch) kein Abschluss","maennlich","","","",""
"18","2001","(noch) kein Abschluss","weiblich","","","",""
"18","2001","Hauptschule","maennlich","","","",""
"18","2001","Hauptschule","weiblich","","","",""
"18","2001","Realschule","maennlich","","","",""
"18","2001","Realschule","weiblich","","","",""
"18","2001","(Fach-)Abitur","maennlich","","","",""
"18","2001","(Fach-)Abitur","weiblich","","","",""
"18","2001","AkademikerIn","maennlich","","","",""
"18","2001","AkademikerIn","weiblich","","","",""
"19","2001","(noch) kein Abschluss","maennlich","","","",""
"19","2001","(noch) kein Abschluss","weiblich","","","",""
"19","2001","Hauptschule","maennlich","","","",""
"19","2001","Hauptschule","weiblich","","","",""
"19","2001","Realschule","maennlich","","","",""
"19","2001","Realschule","weiblich","","","",""
"19","2001","(Fach-)Abitur","maennlich","","","",""
"19","2001","(Fach-)Abitur","weiblich","","","",""
"19","2001","AkademikerIn","maennlich","","","",""
"19","2001","AkademikerIn","weiblich","","","",""
"20","2001","(noch) kein Abschluss","maennlich","","","",""
"20","2001","(noch) kein Abschluss","weiblich","","","",""
"20","2001","Hauptschule","maennlich","","","",""
"20","2001","Hauptschule","weiblich","","","",""
"20","2001","Realschule","maennlich","","","",""
"20","2001","Realschule","weiblich","","","",""
"20","2001","(Fach-)Abitur","maennlich","","","",""
"20","2001","(Fach-)Abitur","weiblich","","","",""
"20","2001","AkademikerIn","maennlich","","","",""
"20","2001","AkademikerIn","weiblich","","","",""
"21","2001","(noch) kein Abschluss","maennlich","","","",""
"21","2001","(noch) kein Abschluss","weiblich","","","",""
"21","2001","Hauptschule","maennlich","","","",""
"21","2001","Hauptschule","weiblich","","","",""
"21","2001","Realschule","maennlich","","","",""
"21","2001","Realschule","weiblich","","","",""
"21","2001","(Fach-)Abitur","maennlich","","","",""
"21","2001","(Fach-)Abitur","weiblich","","","",""
"21","2001","AkademikerIn","maennlich","","","",""
"21","2001","AkademikerIn","weiblich","","","",""
"22","2001","(noch) kein Abschluss","maennlich","","","",""
"22","2001","(noch) kein Abschluss","weiblich","","","",""
"22","2001","Hauptschule","maennlich","","","",""
"22","2001","Hauptschule","weiblich","","","",""
"22","2001","Realschule","maennlich","","","",""
"22","2001","Realschule","weiblich","","","",""
"22","2001","(Fach-)Abitur","maennlich","","","",""
"22","2001","(Fach-)Abitur","weiblich","","","",""
"22","2001","AkademikerIn","maennlich","","","",""
"22","2001","AkademikerIn","weiblich","","","",""
"23","2001","(noch) kein Abschluss","maennlich","","","",""
"23","2001","(noch) kein Abschluss","weiblich","","","",""
"23","2001","Hauptschule","maennlich","","","",""
"23","2001","Hauptschule","weiblich","","","",""
"23","2001","Realschule","maennlich","","","",""
"23","2001","Realschule","weiblich","","","",""
"23","2001","(Fach-)Abitur","maennlich","","","",""
"23","2001","(Fach-)Abitur","weiblich","","","",""
"23","2001","AkademikerIn","maennlich","","","",""
"23","2001","AkademikerIn","weiblich","","","",""
"24","2001","(noch) kein Abschluss","maennlich","","","",""
"24","2001","(noch) kein Abschluss","weiblich","","","",""
"24","2001","Hauptschule","maennlich","","","",""
"24","2001","Hauptschule","weiblich","","","",""
"24","2001","Realschule","maennlich","","","",""
"24","2001","Realschule","weiblich","","","",""
"24","2001","(Fach-)Abitur","maennlich","","","",""
"24","2001","(Fach-)Abitur","weiblich","","","",""
"24","2001","AkademikerIn","maennlich","","","",""
"24","2001","AkademikerIn","weiblich","","","",""
"25","2001","(noch) kein Abschluss","maennlich","","","",""
"25","2001","(noch) kein Abschluss","weiblich","","","",""
"25","2001","Hauptschule","maennlich","","","",""
"25","2001","Hauptschule","weiblich","","","",""
"25","2001","Realschule","maennlich","","","",""
"25","2001","Realschule","weiblich","","","",""
"25","2001","(Fach-)Abitur","maennlich","","","",""
"25","2001","(Fach-)Abitur","weiblich","","","",""
"25","2001","AkademikerIn","maennlich","","","",""
"25","2001","AkademikerIn","weiblich","","","",""
"26","2001","(noch) kein Abschluss","maennlich","","","",""
"26","2001","(noch) kein Abschluss","weiblich","","","",""
"26","2001","Hauptschule","maennlich","","","",""
"26","2001","Hauptschule","weiblich","","","",""
"26","2001","Realschule","maennlich","","","",""
"26","2001","Realschule","weiblich","","","",""
"26","2001","(Fach-)Abitur","maennlich","","","",""
"26","2001","(Fach-)Abitur","weiblich","","","",""
"26","2001","AkademikerIn","maennlich","","","",""
"26","2001","AkademikerIn","weiblich","","","",""
"27","2001","(noch) kein Abschluss","maennlich","","","",""
"27","2001","(noch) kein Abschluss","weiblich","","","",""
"27","2001","Hauptschule","maennlich","","","",""
"27","2001","Hauptschule","weiblich","","","",""
"27","2001","Realschule","maennlich","","","",""
"27","2001","Realschule","weiblich","","","",""
"27","2001","(Fach-)Abitur","maennlich","","","",""
"27","2001","(Fach-)Abitur","weiblich","","","",""
"27","2001","AkademikerIn","maennlich","","","",""
"27","2001","AkademikerIn","weiblich","","","",""
"28","2001","(noch) kein Abschluss","maennlich","","","",""
"28","2001","(noch) kein Abschluss","weiblich","","","",""
"28","2001","Hauptschule","maennlich","","","",""
"28","2001","Hauptschule","weiblich","","","",""
"28","2001","Realschule","maennlich","","","",""
"28","2001","Realschule","weiblich","","","",""
"28","2001","(Fach-)Abitur","maennlich","","","",""
"28","2001","(Fach-)Abitur","weiblich","","","",""
"28","2001","AkademikerIn","maennlich","","","",""
"28","2001","AkademikerIn","weiblich","","","",""
"30","2001","(noch) kein Abschluss","maennlich","","","",""
"30","2001","(noch) kein Abschluss","weiblich","","","",""
"30","2001","Hauptschule","maennlich","","","",""
"30","2001","Hauptschule","weiblich","","","",""
"30","2001","Realschule","maennlich","","","",""
"30","2001","Realschule","weiblich","","","",""
"30","2001","(Fach-)Abitur","maennlich","","","",""
"30","2001","(Fach-)Abitur","weiblich","","","",""
"30","2001","AkademikerIn","maennlich","","","",""
"30","2001","AkademikerIn","weiblich","","","",""
"31","2001","(noch) kein Abschluss","maennlich","","","",""
"31","2001","(noch) kein Abschluss","weiblich","","","",""
"31","2001","Hauptschule","maennlich","","","",""
"31","2001","Hauptschule","weiblich","","","",""
"31","2001","Realschule","maennlich","","","",""
"31","2001","Realschule","weiblich","","","",""
"31","2001","(Fach-)Abitur","maennlich","","","",""
"31","2001","(Fach-)Abitur","weiblich","","","",""
"31","2001","AkademikerIn","maennlich","","","",""
"31","2001","AkademikerIn","weiblich","","","",""
"32","2001","(noch) kein Abschluss","maennlich","","","",""
"32","2001","(noch) kein Abschluss","weiblich","","","",""
"32","2001","Hauptschule","maennlich","","","",""
"32","2001","Hauptschule","weiblich","","","",""
"32","2001","Realschule","maennlich","","","",""
"32","2001","Realschule","weiblich","","","",""
"32","2001","(Fach-)Abitur","maennlich","","","",""
"32","2001","(Fach-)Abitur","weiblich","","","",""
"32","2001","AkademikerIn","maennlich","","","",""
"32","2001","AkademikerIn","weiblich","","","",""
"35","2001","(noch) kein Abschluss","maennlich","","","",""
"35","2001","(noch) kein Abschluss","weiblich","","","",""
"35","2001","Hauptschule","maennlich","","","",""
"35","2001","Hauptschule","weiblich","","","",""
"35","2001","Realschule","maennlich","","","",""
"35","2001","Realschule","weiblich","","","",""
"35","2001","(Fach-)Abitur","maennlich","","","",""
"35","2001","(Fach-)Abitur","weiblich","","","",""
"35","2001","AkademikerIn","maennlich","","","",""
"35","2001","AkademikerIn","weiblich","","","",""
"36","2001","(noch) kein Abschluss","maennlich","","","",""
"36","2001","(noch) kein Abschluss","weiblich","","","",""
"36","2001","Hauptschule","maennlich","","","",""
"36","2001","Hauptschule","weiblich","","","",""
"36","2001","Realschule","maennlich","","","",""
"36","2001","Realschule","weiblich","","","",""
"36","2001","(Fach-)Abitur","maennlich","","","",""
"36","2001","(Fach-)Abitur","weiblich","","","",""
"36","2001","AkademikerIn","maennlich","","","",""
"36","2001","AkademikerIn","weiblich","","","",""
"40","2001","(noch) kein Abschluss","maennlich","","","",""
"40","2001","(noch) kein Abschluss","weiblich","","","",""
"40","2001","Hauptschule","maennlich","","","",""
"40","2001","Hauptschule","weiblich","","","",""
"40","2001","Realschule","maennlich","","","",""
"40","2001","Realschule","weiblich","","","",""
"40","2001","(Fach-)Abitur","maennlich","","","",""
"40","2001","(Fach-)Abitur","weiblich","","","",""
"40","2001","AkademikerIn","maennlich","","","",""
"40","2001","AkademikerIn","weiblich","","","",""
"42","2001","(noch) kein Abschluss","maennlich","","","",""
"42","2001","(noch) kein Abschluss","weiblich","","","",""
"42","2001","Hauptschule","maennlich","","","",""
"42","2001","Hauptschule","weiblich","","","",""
"42","2001","Realschule","maennlich","","","",""
"42","2001","Realschule","weiblich","","","",""
"42","2001","(Fach-)Abitur","maennlich","","","",""
"42","2001","(Fach-)Abitur","weiblich","","","",""
"42","2001","AkademikerIn","maennlich","","","",""
"42","2001","AkademikerIn","weiblich","","","",""
"45","2001","(noch) kein Abschluss","maennlich","","","",""
"45","2001","(noch) kein Abschluss","weiblich","","","",""
"45","2001","Hauptschule","maennlich","","","",""
"45","2001","Hauptschule","weiblich","","","",""
"45","2001","Realschule","maennlich","","","",""
"45","2001","Realschule","weiblich","","","",""
"45","2001","(Fach-)Abitur","maennlich","","","",""
"45","2001","(Fach-)Abitur","weiblich","","","",""
"45","2001","AkademikerIn","maennlich","","","",""
"45","2001","AkademikerIn","weiblich","","","",""
"48","2001","(noch) kein Abschluss","maennlich","","","",""
"48","2001","(noch) kein Abschluss","weiblich","","","",""
"48","2001","Hauptschule","maennlich","","","",""
"48","2001","Hauptschule","weiblich","","","",""
"48","2001","Realschule","maennlich","","","",""
"48","2001","Realschule","weiblich","","","",""
"48","2001","(Fach-)Abitur","maennlich","","","",""
"48","2001","(Fach-)Abitur","weiblich","","","",""
"48","2001","AkademikerIn","maennlich","","","",""
"48","2001","AkademikerIn","weiblich","","","",""
"50","2001","(noch) kein Abschluss","maennlich","","","",""
"50","2001","(noch) kein Abschluss","weiblich","","","",""
"50","2001","Hauptschule","maennlich","","","",""
"50","2001","Hauptschule","weiblich","","","",""
"50","2001","Realschule","maennlich","","","",""
"50","2001","Realschule","weiblich","","","",""
"50","2001","(Fach-)Abitur","maennlich","","","",""
"50","2001","(Fach-)Abitur","weiblich","","","",""
"50","2001","AkademikerIn","maennlich","","","",""
"50","2001","AkademikerIn","weiblich","","","",""
"51","2001","(noch) kein Abschluss","maennlich","","","",""
"51","2001","(noch) kein Abschluss","weiblich","","","",""
"51","2001","Hauptschule","maennlich","","","",""
"51","2001","Hauptschule","weiblich","","","",""
"51","2001","Realschule","maennlich","","","",""
"51","2001","Realschule","weiblich","","","",""
"51","2001","(Fach-)Abitur","maennlich","","","",""
"51","2001","(Fach-)Abitur","weiblich","","","",""
"51","2001","AkademikerIn","maennlich","","","",""
"51","2001","AkademikerIn","weiblich","","","",""
"64","2001","(noch) kein Abschluss","maennlich","","","",""
"64","2001","(noch) kein Abschluss","weiblich","","","",""
"64","2001","Hauptschule","maennlich","","","",""
"64","2001","Hauptschule","weiblich","","","",""
"64","2001","Realschule","maennlich","","","",""
"64","2001","Realschule","weiblich","","","",""
"64","2001","(Fach-)Abitur","maennlich","","","",""
"64","2001","(Fach-)Abitur","weiblich","","","",""
"64","2001","AkademikerIn","maennlich","","","",""
"64","2001","AkademikerIn","weiblich","","","",""
"65","2001","(noch) kein Abschluss","maennlich","","","",""
"65","2001","(noch) kein Abschluss","weiblich","","","",""
"65","2001","Hauptschule","maennlich","","","",""
"65","2001","Hauptschule","weiblich","","","",""
"65","2001","Realschule","maennlich","","","",""
"65","2001","Realschule","weiblich","","","",""
"65","2001","(Fach-)Abitur","maennlich","","","",""
"65","2001","(Fach-)Abitur","weiblich","","","",""
"65","2001","AkademikerIn","maennlich","","","",""
"65","2001","AkademikerIn","weiblich","","","",""
"90","2001","(noch) kein Abschluss","maennlich","","","",""
"90","2001","(noch) kein Abschluss","weiblich","","","",""
"90","2001","Hauptschule","maennlich","","","",""
"90","2001","Hauptschule","weiblich","","","",""
"90","2001","Realschule","maennlich","","","",""
"90","2001","Realschule","weiblich","","","",""
"90","2001","(Fach-)Abitur","maennlich","","","",""
"90","2001","(Fach-)Abitur","weiblich","","","",""
"90","2001","AkademikerIn","maennlich","","","",""
"90","2001","AkademikerIn","weiblich","","","",""
"98","2001","(noch) kein Abschluss","maennlich","","","",""
"98","2001","(noch) kein Abschluss","weiblich","","","",""
"98","2001","Hauptschule","maennlich","","","",""
"98","2001","Hauptschule","weiblich","","","",""
"98","2001","Realschule","maennlich","","","",""
"98","2001","Realschule","weiblich","","","",""
"98","2001","(Fach-)Abitur","maennlich","","","",""
"98","2001","(Fach-)Abitur","weiblich","","","",""
"98","2001","AkademikerIn","maennlich","","","",""
"98","2001","AkademikerIn","weiblich","","","",""
"100","2001","(noch) kein Abschluss","maennlich","","","",""
"100","2001","(noch) kein Abschluss","weiblich","","","",""
"100","2001","Hauptschule","maennlich","","","",""
"100","2001","Hauptschule","weiblich","","","",""
"100","2001","Realschule","maennlich","","","",""
"100","2001","Realschule","weiblich","","","",""
"100","2001","(Fach-)Abitur","maennlich","","","",""
"100","2001","(Fach-)Abitur","weiblich","","","",""
"100","2001","AkademikerIn","maennlich","","","",""
"100","2001","AkademikerIn","weiblich","","","",""
"0","2002","(noch) kein Abschluss","maennlich","","","",""
"0","2002","(noch) kein Abschluss","weiblich","","","",""
"0","2002","Hauptschule","maennlich","","","",""
"0","2002","Hauptschule","weiblich","","","",""
"0","2002","Realschule","maennlich","","","",""
"0","2002","Realschule","weiblich","","","",""
"0","2002","(Fach-)Abitur","maennlich","","","",""
"0","2002","(Fach-)Abitur","weiblich","","","",""
"0","2002","AkademikerIn","maennlich","","","",""
"0","2002","AkademikerIn","weiblich","","","",""
"1","2002","(noch) kein Abschluss","maennlich","31","0.808731123793695","0.683682037041501","0.933780210545888"
"1","2002","(noch) kein Abschluss","weiblich","31","0.822451706738557","0.69932261298738","0.945580800489734"
"1","2002","Hauptschule","maennlich","394","0.697507733034311","0.658729737153171","0.736285728915452"
"1","2002","Hauptschule","weiblich","527","0.750990898297294","0.71879456450207","0.783187232092518"
"1","2002","Realschule","maennlich","207","","",""
"1","2002","Realschule","weiblich","311","0.773448480747034","0.731850478391811","0.815046483102258"
"1","2002","(Fach-)Abitur","maennlich","82","0.833515996308767","0.760504488703462","0.906527503914073"
"1","2002","(Fach-)Abitur","weiblich","124","","",""
"1","2002","AkademikerIn","maennlich","193","","",""
"1","2002","AkademikerIn","weiblich","169","","",""
"2","2002","(noch) kein Abschluss","maennlich","6","0.185228269533419","0.0617109371707838","0.308745601896055"
"2","2002","(noch) kein Abschluss","weiblich","4","0.116764430463529","0.0132881553194651","0.220240705607592"
"2","2002","Hauptschule","maennlich","102","","",""
"2","2002","Hauptschule","weiblich","120","","",""
"2","2002","Realschule","maennlich","29","","",""
"2","2002","Realschule","weiblich","62","0.185139291493506","0.146541338074806","0.223737244912207"
"2","2002","(Fach-)Abitur","maennlich","15","","",""
"2","2002","(Fach-)Abitur","weiblich","14","","",""
"2","2002","AkademikerIn","maennlich","44","0.187464375595715","0.13965548250102","0.23527326869041"
"2","2002","AkademikerIn","weiblich","30","0.141731615995753","0.0945597158588734","0.188903516132633"
"3","2002","(noch) kein Abschluss","maennlich","1","","",""
"3","2002","(noch) kein Abschluss","weiblich","2","","",""
"3","2002","Hauptschule","maennlich","27","","",""
"3","2002","Hauptschule","weiblich","32","0.0389907691702506","0.0245787060797467","0.0534028322607544"
"3","2002","Realschule","maennlich","6","0.0148538395425535","-0.000262625221651748","0.0299703043067587"
"3","2002","Realschule","weiblich","10","","",""
"3","2002","(Fach-)Abitur","maennlich","2","","",""
"3","2002","(Fach-)Abitur","weiblich","5","0.0400556516584161","0.00791645618119149","0.0721948471356406"
"3","2002","AkademikerIn","maennlich","12","","",""
"3","2002","AkademikerIn","weiblich","7","0.0440698278890257","0.0163096525037294","0.0718300032743219"
"4","2002","(noch) kein Abschluss","maennlich","","","",""
"4","2002","(noch) kein Abschluss","weiblich","","","",""
"4","2002","Hauptschule","maennlich","7","0.0119674902059893","0.00278752857252306","0.0211474518394555"
"4","2002","Hauptschule","weiblich","9","0.0120183850193474","0.00390543198858724","0.0201313380501075"
"4","2002","Realschule","maennlich","1","","",""
"4","2002","Realschule","weiblich","1","","",""
"4","2002","(Fach-)Abitur","maennlich","1","","",""
"4","2002","(Fach-)Abitur","weiblich","","","",""
"4","2002","AkademikerIn","maennlich","4","0.0195962739212811","0.00261706955355619","0.0365754782890061"
"4","2002","AkademikerIn","weiblich","","","",""
"5","2002","(noch) kein Abschluss","maennlich","","","",""
"5","2002","(noch) kein Abschluss","weiblich","","","",""
"5","2002","Hauptschule","maennlich","6","0.00906036037816921","0.00106109609860607","0.0170596246577324"
"5","2002","Hauptschule","weiblich","1","","",""
"5","2002","Realschule","maennlich","3","","",""
"5","2002","Realschule","weiblich","4","0.014249835924187","0.00247210437250997","0.026027567475864"
"5","2002","(Fach-)Abitur","maennlich","","","",""
"5","2002","(Fach-)Abitur","weiblich","","","",""
"5","2002","AkademikerIn","maennlich","1","","",""
"5","2002","AkademikerIn","weiblich","1","","",""
"6","2002","(noch) kein Abschluss","maennlich","","","",""
"6","2002","(noch) kein Abschluss","weiblich","","","",""
"6","2002","Hauptschule","maennlich","1","","",""
"6","2002","Hauptschule","weiblich","1","","",""
"6","2002","Realschule","maennlich","","","",""
"6","2002","Realschule","weiblich","","","",""
"6","2002","(Fach-)Abitur","maennlich","","","",""
"6","2002","(Fach-)Abitur","weiblich","","","",""
"6","2002","AkademikerIn","maennlich","","","",""
"6","2002","AkademikerIn","weiblich","","","",""
"7","2002","(noch) kein Abschluss","maennlich","","","",""
"7","2002","(noch) kein Abschluss","weiblich","","","",""
"7","2002","Hauptschule","maennlich","1","","",""
"7","2002","Hauptschule","weiblich","1","","",""
"7","2002","Realschule","maennlich","","","",""
"7","2002","Realschule","weiblich","","","",""
"7","2002","(Fach-)Abitur","maennlich","","","",""
"7","2002","(Fach-)Abitur","weiblich","","","",""
"7","2002","AkademikerIn","maennlich","","","",""
"7","2002","AkademikerIn","weiblich","","","",""
"8","2002","(noch) kein Abschluss","maennlich","","","",""
"8","2002","(noch) kein Abschluss","weiblich","","","",""
"8","2002","Hauptschule","maennlich","","","",""
"8","2002","Hauptschule","weiblich","","","",""
"8","2002","Realschule","maennlich","","","",""
"8","2002","Realschule","weiblich","1","","",""
"8","2002","(Fach-)Abitur","maennlich","","","",""
"8","2002","(Fach-)Abitur","weiblich","","","",""
"8","2002","AkademikerIn","maennlich","","","",""
"8","2002","AkademikerIn","weiblich","1","","",""
"9","2002","(noch) kein Abschluss","maennlich","","","",""
"9","2002","(noch) kein Abschluss","weiblich","","","",""
"9","2002","Hauptschule","maennlich","","","",""
"9","2002","Hauptschule","weiblich","","","",""
"9","2002","Realschule","maennlich","","","",""
"9","2002","Realschule","weiblich","","","",""
"9","2002","(Fach-)Abitur","maennlich","","","",""
"9","2002","(Fach-)Abitur","weiblich","","","",""
"9","2002","AkademikerIn","maennlich","","","",""
"9","2002","AkademikerIn","weiblich","1","","",""
"10","2002","(noch) kein Abschluss","maennlich","","","",""
"10","2002","(noch) kein Abschluss","weiblich","","","",""
"10","2002","Hauptschule","maennlich","","","",""
"10","2002","Hauptschule","weiblich","1","","",""
"10","2002","Realschule","maennlich","","","",""
"10","2002","Realschule","weiblich","","","",""
"10","2002","(Fach-)Abitur","maennlich","","","",""
"10","2002","(Fach-)Abitur","weiblich","","","",""
"10","2002","AkademikerIn","maennlich","1","","",""
"10","2002","AkademikerIn","weiblich","","","",""
"11","2002","(noch) kein Abschluss","maennlich","","","",""
"11","2002","(noch) kein Abschluss","weiblich","","","",""
"11","2002","Hauptschule","maennlich","1","","",""
"11","2002","Hauptschule","weiblich","","","",""
"11","2002","Realschule","maennlich","","","",""
"11","2002","Realschule","weiblich","","","",""
"11","2002","(Fach-)Abitur","maennlich","","","",""
"11","2002","(Fach-)Abitur","weiblich","","","",""
"11","2002","AkademikerIn","maennlich","","","",""
"11","2002","AkademikerIn","weiblich","","","",""
"12","2002","(noch) kein Abschluss","maennlich","","","",""
"12","2002","(noch) kein Abschluss","weiblich","","","",""
"12","2002","Hauptschule","maennlich","","","",""
"12","2002","Hauptschule","weiblich","1","","",""
"12","2002","Realschule","maennlich","","","",""
"12","2002","Realschule","weiblich","","","",""
"12","2002","(Fach-)Abitur","maennlich","","","",""
"12","2002","(Fach-)Abitur","weiblich","","","",""
"12","2002","AkademikerIn","maennlich","","","",""
"12","2002","AkademikerIn","weiblich","","","",""
"13","2002","(noch) kein Abschluss","maennlich","","","",""
"13","2002","(noch) kein Abschluss","weiblich","","","",""
"13","2002","Hauptschule","maennlich","","","",""
"13","2002","Hauptschule","weiblich","","","",""
"13","2002","Realschule","maennlich","","","",""
"13","2002","Realschule","weiblich","","","",""
"13","2002","(Fach-)Abitur","maennlich","","","",""
"13","2002","(Fach-)Abitur","weiblich","","","",""
"13","2002","AkademikerIn","maennlich","","","",""
"13","2002","AkademikerIn","weiblich","","","",""
"14","2002","(noch) kein Abschluss","maennlich","","","",""
"14","2002","(noch) kein Abschluss","weiblich","","","",""
"14","2002","Hauptschule","maennlich","","","",""
"14","2002","Hauptschule","weiblich","","","",""
"14","2002","Realschule","maennlich","","","",""
"14","2002","Realschule","weiblich","","","",""
"14","2002","(Fach-)Abitur","maennlich","","","",""
"14","2002","(Fach-)Abitur","weiblich","","","",""
"14","2002","AkademikerIn","maennlich","","","",""
"14","2002","AkademikerIn","weiblich","","","",""
"15","2002","(noch) kein Abschluss","maennlich","","","",""
"15","2002","(noch) kein Abschluss","weiblich","","","",""
"15","2002","Hauptschule","maennlich","","","",""
"15","2002","Hauptschule","weiblich","","","",""
"15","2002","Realschule","maennlich","","","",""
"15","2002","Realschule","weiblich","","","",""
"15","2002","(Fach-)Abitur","maennlich","","","",""
"15","2002","(Fach-)Abitur","weiblich","","","",""
"15","2002","AkademikerIn","maennlich","","","",""
"15","2002","AkademikerIn","weiblich","","","",""
"16","2002","(noch) kein Abschluss","maennlich","","","",""
"16","2002","(noch) kein Abschluss","weiblich","","","",""
"16","2002","Hauptschule","maennlich","","","",""
"16","2002","Hauptschule","weiblich","","","",""
"16","2002","Realschule","maennlich","","","",""
"16","2002","Realschule","weiblich","","","",""
"16","2002","(Fach-)Abitur","maennlich","","","",""
"16","2002","(Fach-)Abitur","weiblich","","","",""
"16","2002","AkademikerIn","maennlich","","","",""
"16","2002","AkademikerIn","weiblich","","","",""
"17","2002","(noch) kein Abschluss","maennlich","","","",""
"17","2002","(noch) kein Abschluss","weiblich","","","",""
"17","2002","Hauptschule","maennlich","","","",""
"17","2002","Hauptschule","weiblich","","","",""
"17","2002","Realschule","maennlich","","","",""
"17","2002","Realschule","weiblich","","","",""
"17","2002","(Fach-)Abitur","maennlich","","","",""
"17","2002","(Fach-)Abitur","weiblich","","","",""
"17","2002","AkademikerIn","maennlich","","","",""
"17","2002","AkademikerIn","weiblich","","","",""
"18","2002","(noch) kein Abschluss","maennlich","","","",""
"18","2002","(noch) kein Abschluss","weiblich","","","",""
"18","2002","Hauptschule","maennlich","","","",""
"18","2002","Hauptschule","weiblich","","","",""
"18","2002","Realschule","maennlich","","","",""
"18","2002","Realschule","weiblich","","","",""
"18","2002","(Fach-)Abitur","maennlich","","","",""
"18","2002","(Fach-)Abitur","weiblich","","","",""
"18","2002","AkademikerIn","maennlich","1","","",""
"18","2002","AkademikerIn","weiblich","","","",""
"19","2002","(noch) kein Abschluss","maennlich","","","",""
"19","2002","(noch) kein Abschluss","weiblich","","","",""
"19","2002","Hauptschule","maennlich","","","",""
"19","2002","Hauptschule","weiblich","","","",""
"19","2002","Realschule","maennlich","","","",""
"19","2002","Realschule","weiblich","","","",""
"19","2002","(Fach-)Abitur","maennlich","","","",""
"19","2002","(Fach-)Abitur","weiblich","","","",""
"19","2002","AkademikerIn","maennlich","","","",""
"19","2002","AkademikerIn","weiblich","","","",""
"20","2002","(noch) kein Abschluss","maennlich","","","",""
"20","2002","(noch) kein Abschluss","weiblich","","","",""
"20","2002","Hauptschule","maennlich","","","",""
"20","2002","Hauptschule","weiblich","","","",""
"20","2002","Realschule","maennlich","","","",""
"20","2002","Realschule","weiblich","","","",""
"20","2002","(Fach-)Abitur","maennlich","","","",""
"20","2002","(Fach-)Abitur","weiblich","","","",""
"20","2002","AkademikerIn","maennlich","","","",""
"20","2002","AkademikerIn","weiblich","","","",""
"21","2002","(noch) kein Abschluss","maennlich","","","",""
"21","2002","(noch) kein Abschluss","weiblich","","","",""
"21","2002","Hauptschule","maennlich","","","",""
"21","2002","Hauptschule","weiblich","","","",""
"21","2002","Realschule","maennlich","","","",""
"21","2002","Realschule","weiblich","","","",""
"21","2002","(Fach-)Abitur","maennlich","","","",""
"21","2002","(Fach-)Abitur","weiblich","","","",""
"21","2002","AkademikerIn","maennlich","","","",""
"21","2002","AkademikerIn","weiblich","","","",""
"22","2002","(noch) kein Abschluss","maennlich","","","",""
"22","2002","(noch) kein Abschluss","weiblich","","","",""
"22","2002","Hauptschule","maennlich","","","",""
"22","2002","Hauptschule","weiblich","","","",""
"22","2002","Realschule","maennlich","","","",""
"22","2002","Realschule","weiblich","","","",""
"22","2002","(Fach-)Abitur","maennlich","","","",""
"22","2002","(Fach-)Abitur","weiblich","","","",""
"22","2002","AkademikerIn","maennlich","","","",""
"22","2002","AkademikerIn","weiblich","","","",""
"23","2002","(noch) kein Abschluss","maennlich","","","",""
"23","2002","(noch) kein Abschluss","weiblich","","","",""
"23","2002","Hauptschule","maennlich","","","",""
"23","2002","Hauptschule","weiblich","","","",""
"23","2002","Realschule","maennlich","","","",""
"23","2002","Realschule","weiblich","","","",""
"23","2002","(Fach-)Abitur","maennlich","","","",""
"23","2002","(Fach-)Abitur","weiblich","","","",""
"23","2002","AkademikerIn","maennlich","","","",""
"23","2002","AkademikerIn","weiblich","","","",""
"24","2002","(noch) kein Abschluss","maennlich","","","",""
"24","2002","(noch) kein Abschluss","weiblich","","","",""
"24","2002","Hauptschule","maennlich","","","",""
"24","2002","Hauptschule","weiblich","","","",""
"24","2002","Realschule","maennlich","","","",""
"24","2002","Realschule","weiblich","","","",""
"24","2002","(Fach-)Abitur","maennlich","","","",""
"24","2002","(Fach-)Abitur","weiblich","","","",""
"24","2002","AkademikerIn","maennlich","","","",""
"24","2002","AkademikerIn","weiblich","","","",""
"25","2002","(noch) kein Abschluss","maennlich","","","",""
"25","2002","(noch) kein Abschluss","weiblich","","","",""
"25","2002","Hauptschule","maennlich","","","",""
"25","2002","Hauptschule","weiblich","","","",""
"25","2002","Realschule","maennlich","","","",""
"25","2002","Realschule","weiblich","","","",""
"25","2002","(Fach-)Abitur","maennlich","","","",""
"25","2002","(Fach-)Abitur","weiblich","","","",""
"25","2002","AkademikerIn","maennlich","","","",""
"25","2002","AkademikerIn","weiblich","","","",""
"26","2002","(noch) kein Abschluss","maennlich","","","",""
"26","2002","(noch) kein Abschluss","weiblich","","","",""
"26","2002","Hauptschule","maennlich","","","",""
"26","2002","Hauptschule","weiblich","","","",""
"26","2002","Realschule","maennlich","","","",""
"26","2002","Realschule","weiblich","","","",""
"26","2002","(Fach-)Abitur","maennlich","","","",""
"26","2002","(Fach-)Abitur","weiblich","","","",""
"26","2002","AkademikerIn","maennlich","","","",""
"26","2002","AkademikerIn","weiblich","","","",""
"27","2002","(noch) kein Abschluss","maennlich","","","",""
"27","2002","(noch) kein Abschluss","weiblich","","","",""
"27","2002","Hauptschule","maennlich","","","",""
"27","2002","Hauptschule","weiblich","","","",""
"27","2002","Realschule","maennlich","","","",""
"27","2002","Realschule","weiblich","","","",""
"27","2002","(Fach-)Abitur","maennlich","","","",""
"27","2002","(Fach-)Abitur","weiblich","","","",""
"27","2002","AkademikerIn","maennlich","","","",""
"27","2002","AkademikerIn","weiblich","","","",""
"28","2002","(noch) kein Abschluss","maennlich","","","",""
"28","2002","(noch) kein Abschluss","weiblich","","","",""
"28","2002","Hauptschule","maennlich","","","",""
"28","2002","Hauptschule","weiblich","","","",""
"28","2002","Realschule","maennlich","","","",""
"28","2002","Realschule","weiblich","","","",""
"28","2002","(Fach-)Abitur","maennlich","","","",""
"28","2002","(Fach-)Abitur","weiblich","","","",""
"28","2002","AkademikerIn","maennlich","","","",""
"28","2002","AkademikerIn","weiblich","","","",""
"30","2002","(noch) kein Abschluss","maennlich","","","",""
"30","2002","(noch) kein Abschluss","weiblich","","","",""
"30","2002","Hauptschule","maennlich","","","",""
"30","2002","Hauptschule","weiblich","","","",""
"30","2002","Realschule","maennlich","","","",""
"30","2002","Realschule","weiblich","","","",""
"30","2002","(Fach-)Abitur","maennlich","","","",""
"30","2002","(Fach-)Abitur","weiblich","","","",""
"30","2002","AkademikerIn","maennlich","","","",""
"30","2002","AkademikerIn","weiblich","","","",""
"31","2002","(noch) kein Abschluss","maennlich","","","",""
"31","2002","(noch) kein Abschluss","weiblich","","","",""
"31","2002","Hauptschule","maennlich","","","",""
"31","2002","Hauptschule","weiblich","","","",""
"31","2002","Realschule","maennlich","","","",""
"31","2002","Realschule","weiblich","","","",""
"31","2002","(Fach-)Abitur","maennlich","","","",""
"31","2002","(Fach-)Abitur","weiblich","","","",""
"31","2002","AkademikerIn","maennlich","","","",""
"31","2002","AkademikerIn","weiblich","","","",""
"32","2002","(noch) kein Abschluss","maennlich","","","",""
"32","2002","(noch) kein Abschluss","weiblich","","","",""
"32","2002","Hauptschule","maennlich","","","",""
"32","2002","Hauptschule","weiblich","","","",""
"32","2002","Realschule","maennlich","","","",""
"32","2002","Realschule","weiblich","","","",""
"32","2002","(Fach-)Abitur","maennlich","","","",""
"32","2002","(Fach-)Abitur","weiblich","","","",""
"32","2002","AkademikerIn","maennlich","","","",""
"32","2002","AkademikerIn","weiblich","","","",""
"35","2002","(noch) kein Abschluss","maennlich","","","",""
"35","2002","(noch) kein Abschluss","weiblich","","","",""
"35","2002","Hauptschule","maennlich","","","",""
"35","2002","Hauptschule","weiblich","","","",""
"35","2002","Realschule","maennlich","","","",""
"35","2002","Realschule","weiblich","","","",""
"35","2002","(Fach-)Abitur","maennlich","","","",""
"35","2002","(Fach-)Abitur","weiblich","","","",""
"35","2002","AkademikerIn","maennlich","","","",""
"35","2002","AkademikerIn","weiblich","","","",""
"36","2002","(noch) kein Abschluss","maennlich","","","",""
"36","2002","(noch) kein Abschluss","weiblich","","","",""
"36","2002","Hauptschule","maennlich","","","",""
"36","2002","Hauptschule","weiblich","","","",""
"36","2002","Realschule","maennlich","","","",""
"36","2002","Realschule","weiblich","","","",""
"36","2002","(Fach-)Abitur","maennlich","","","",""
"36","2002","(Fach-)Abitur","weiblich","","","",""
"36","2002","AkademikerIn","maennlich","","","",""
"36","2002","AkademikerIn","weiblich","","","",""
"40","2002","(noch) kein Abschluss","maennlich","","","",""
"40","2002","(noch) kein Abschluss","weiblich","","","",""
"40","2002","Hauptschule","maennlich","","","",""
"40","2002","Hauptschule","weiblich","","","",""
"40","2002","Realschule","maennlich","","","",""
"40","2002","Realschule","weiblich","","","",""
"40","2002","(Fach-)Abitur","maennlich","","","",""
"40","2002","(Fach-)Abitur","weiblich","","","",""
"40","2002","AkademikerIn","maennlich","","","",""
"40","2002","AkademikerIn","weiblich","","","",""
"42","2002","(noch) kein Abschluss","maennlich","","","",""
"42","2002","(noch) kein Abschluss","weiblich","","","",""
"42","2002","Hauptschule","maennlich","","","",""
"42","2002","Hauptschule","weiblich","","","",""
"42","2002","Realschule","maennlich","","","",""
"42","2002","Realschule","weiblich","","","",""
"42","2002","(Fach-)Abitur","maennlich","","","",""
"42","2002","(Fach-)Abitur","weiblich","","","",""
"42","2002","AkademikerIn","maennlich","","","",""
"42","2002","AkademikerIn","weiblich","","","",""
"45","2002","(noch) kein Abschluss","maennlich","","","",""
"45","2002","(noch) kein Abschluss","weiblich","","","",""
"45","2002","Hauptschule","maennlich","","","",""
"45","2002","Hauptschule","weiblich","","","",""
"45","2002","Realschule","maennlich","","","",""
"45","2002","Realschule","weiblich","","","",""
"45","2002","(Fach-)Abitur","maennlich","","","",""
"45","2002","(Fach-)Abitur","weiblich","","","",""
"45","2002","AkademikerIn","maennlich","","","",""
"45","2002","AkademikerIn","weiblich","","","",""
"48","2002","(noch) kein Abschluss","maennlich","","","",""
"48","2002","(noch) kein Abschluss","weiblich","","","",""
"48","2002","Hauptschule","maennlich","","","",""
"48","2002","Hauptschule","weiblich","","","",""
"48","2002","Realschule","maennlich","","","",""
"48","2002","Realschule","weiblich","","","",""
"48","2002","(Fach-)Abitur","maennlich","","","",""
"48","2002","(Fach-)Abitur","weiblich","","","",""
"48","2002","AkademikerIn","maennlich","","","",""
"48","2002","AkademikerIn","weiblich","1","","",""
"50","2002","(noch) kein Abschluss","maennlich","","","",""
"50","2002","(noch) kein Abschluss","weiblich","","","",""
"50","2002","Hauptschule","maennlich","","","",""
"50","2002","Hauptschule","weiblich","","","",""
"50","2002","Realschule","maennlich","","","",""
"50","2002","Realschule","weiblich","","","",""
"50","2002","(Fach-)Abitur","maennlich","","","",""
"50","2002","(Fach-)Abitur","weiblich","","","",""
"50","2002","AkademikerIn","maennlich","","","",""
"50","2002","AkademikerIn","weiblich","","","",""
"51","2002","(noch) kein Abschluss","maennlich","","","",""
"51","2002","(noch) kein Abschluss","weiblich","","","",""
"51","2002","Hauptschule","maennlich","","","",""
"51","2002","Hauptschule","weiblich","","","",""
"51","2002","Realschule","maennlich","","","",""
"51","2002","Realschule","weiblich","","","",""
"51","2002","(Fach-)Abitur","maennlich","","","",""
"51","2002","(Fach-)Abitur","weiblich","","","",""
"51","2002","AkademikerIn","maennlich","","","",""
"51","2002","AkademikerIn","weiblich","","","",""
"64","2002","(noch) kein Abschluss","maennlich","","","",""
"64","2002","(noch) kein Abschluss","weiblich","","","",""
"64","2002","Hauptschule","maennlich","","","",""
"64","2002","Hauptschule","weiblich","","","",""
"64","2002","Realschule","maennlich","","","",""
"64","2002","Realschule","weiblich","","","",""
"64","2002","(Fach-)Abitur","maennlich","","","",""
"64","2002","(Fach-)Abitur","weiblich","","","",""
"64","2002","AkademikerIn","maennlich","","","",""
"64","2002","AkademikerIn","weiblich","","","",""
"65","2002","(noch) kein Abschluss","maennlich","","","",""
"65","2002","(noch) kein Abschluss","weiblich","","","",""
"65","2002","Hauptschule","maennlich","","","",""
"65","2002","Hauptschule","weiblich","","","",""
"65","2002","Realschule","maennlich","","","",""
"65","2002","Realschule","weiblich","","","",""
"65","2002","(Fach-)Abitur","maennlich","","","",""
"65","2002","(Fach-)Abitur","weiblich","","","",""
"65","2002","AkademikerIn","maennlich","","","",""
"65","2002","AkademikerIn","weiblich","","","",""
"90","2002","(noch) kein Abschluss","maennlich","","","",""
"90","2002","(noch) kein Abschluss","weiblich","","","",""
"90","2002","Hauptschule","maennlich","","","",""
"90","2002","Hauptschule","weiblich","","","",""
"90","2002","Realschule","maennlich","","","",""
"90","2002","Realschule","weiblich","","","",""
"90","2002","(Fach-)Abitur","maennlich","","","",""
"90","2002","(Fach-)Abitur","weiblich","","","",""
"90","2002","AkademikerIn","maennlich","","","",""
"90","2002","AkademikerIn","weiblich","","","",""
"98","2002","(noch) kein Abschluss","maennlich","","","",""
"98","2002","(noch) kein Abschluss","weiblich","","","",""
"98","2002","Hauptschule","maennlich","","","",""
"98","2002","Hauptschule","weiblich","","","",""
"98","2002","Realschule","maennlich","","","",""
"98","2002","Realschule","weiblich","","","",""
"98","2002","(Fach-)Abitur","maennlich","","","",""
"98","2002","(Fach-)Abitur","weiblich","","","",""
"98","2002","AkademikerIn","maennlich","","","",""
"98","2002","AkademikerIn","weiblich","","","",""
"100","2002","(noch) kein Abschluss","maennlich","","","",""
"100","2002","(noch) kein Abschluss","weiblich","","","",""
"100","2002","Hauptschule","maennlich","","","",""
"100","2002","Hauptschule","weiblich","","","",""
"100","2002","Realschule","maennlich","","","",""
"100","2002","Realschule","weiblich","","","",""
"100","2002","(Fach-)Abitur","maennlich","","","",""
"100","2002","(Fach-)Abitur","weiblich","","","",""
"100","2002","AkademikerIn","maennlich","","","",""
"100","2002","AkademikerIn","weiblich","","","",""
"0","2003","(noch) kein Abschluss","maennlich","","","",""
"0","2003","(noch) kein Abschluss","weiblich","","","",""
"0","2003","Hauptschule","maennlich","","","",""
"0","2003","Hauptschule","weiblich","","","",""
"0","2003","Realschule","maennlich","","","",""
"0","2003","Realschule","weiblich","","","",""
"0","2003","(Fach-)Abitur","maennlich","","","",""
"0","2003","(Fach-)Abitur","weiblich","","","",""
"0","2003","AkademikerIn","maennlich","","","",""
"0","2003","AkademikerIn","weiblich","","","",""
"1","2003","(noch) kein Abschluss","maennlich","31","0.882496972213906","0.775813974725812","0.989179969702001"
"1","2003","(noch) kein Abschluss","weiblich","26","","",""
"1","2003","Hauptschule","maennlich","388","0.688876317518214","0.650220981378003","0.727531653658424"
"1","2003","Hauptschule","weiblich","456","0.724234668077522","0.688914722808621","0.759554613346422"
"1","2003","Realschule","maennlich","167","","",""
"1","2003","Realschule","weiblich","340","0.802493147408812","0.764418560841008","0.840567733976616"
"1","2003","(Fach-)Abitur","maennlich","61","0.807250488504111","0.720812649885139","0.893688327123084"
"1","2003","(Fach-)Abitur","weiblich","106","","",""
"1","2003","AkademikerIn","maennlich","172","","",""
"1","2003","AkademikerIn","weiblich","194","","",""
"2","2003","(noch) kein Abschluss","maennlich","3","","",""
"2","2003","(noch) kein Abschluss","weiblich","5","0.193027386719783","0.0622740042730816","0.323780769166484"
"2","2003","Hauptschule","maennlich","105","","",""
"2","2003","Hauptschule","weiblich","120","","",""
"2","2003","Realschule","maennlich","27","","",""
"2","2003","Realschule","weiblich","61","0.137215565585546","0.104309475181296","0.170121655989796"
"2","2003","(Fach-)Abitur","maennlich","11","","",""
"2","2003","(Fach-)Abitur","weiblich","26","","",""
"2","2003","AkademikerIn","maennlich","41","0.173112825920494","0.124002997332343","0.222222654508646"
"2","2003","AkademikerIn","weiblich","30","0.13258099225591","0.0896770133947834","0.175484971117036"
"3","2003","(noch) kein Abschluss","maennlich","1","","",""
"3","2003","(noch) kein Abschluss","weiblich","3","","",""
"3","2003","Hauptschule","maennlich","28","","",""
"3","2003","Hauptschule","weiblich","29","","",""
"3","2003","Realschule","maennlich","5","0.0196159986166767","0.000678709932951865","0.0385532873004015"
"3","2003","Realschule","weiblich","11","","",""
"3","2003","(Fach-)Abitur","maennlich","2","","",""
"3","2003","(Fach-)Abitur","weiblich","3","","",""
"3","2003","AkademikerIn","maennlich","8","0.0335580796127046","0.0101822465367747","0.0569339126886346"
"3","2003","AkademikerIn","weiblich","11","","",""
"4","2003","(noch) kein Abschluss","maennlich","","","",""
"4","2003","(noch) kein Abschluss","weiblich","1","","",""
"4","2003","Hauptschule","maennlich","17","","",""
"4","2003","Hauptschule","weiblich","4","0.00790227351737014","0.00090443705140108","0.0149001099833392"
"4","2003","Realschule","maennlich","2","","",""
"4","2003","Realschule","weiblich","5","0.0163932076445622","0.0042490841391877","0.0285373311499367"
"4","2003","(Fach-)Abitur","maennlich","4","0.0554950055976236","0.00532638308912678","0.10566362810612"
"4","2003","(Fach-)Abitur","weiblich","1","","",""
"4","2003","AkademikerIn","maennlich","2","","",""
"4","2003","AkademikerIn","weiblich","2","","",""
"5","2003","(noch) kein Abschluss","maennlich","","","",""
"5","2003","(noch) kein Abschluss","weiblich","","","",""
"5","2003","Hauptschule","maennlich","6","0.0136281411654148","0.00394734802894763","0.0233089343018819"
"5","2003","Hauptschule","weiblich","1","","",""
"5","2003","Realschule","maennlich","2","","",""
"5","2003","Realschule","weiblich","1","","",""
"5","2003","(Fach-)Abitur","maennlich","","","",""
"5","2003","(Fach-)Abitur","weiblich","1","","",""
"5","2003","AkademikerIn","maennlich","1","","",""
"5","2003","AkademikerIn","weiblich","1","","",""
"6","2003","(noch) kein Abschluss","maennlich","","","",""
"6","2003","(noch) kein Abschluss","weiblich","","","",""
"6","2003","Hauptschule","maennlich","4","0.00413170445650621","-0.00122426225468186","0.00948767116769429"
"6","2003","Hauptschule","weiblich","4","0.00683880996452529","0.00032536615150855","0.013352253777542"
"6","2003","Realschule","maennlich","1","","",""
"6","2003","Realschule","weiblich","","","",""
"6","2003","(Fach-)Abitur","maennlich","","","",""
"6","2003","(Fach-)Abitur","weiblich","1","","",""
"6","2003","AkademikerIn","maennlich","","","",""
"6","2003","AkademikerIn","weiblich","","","",""
"7","2003","(noch) kein Abschluss","maennlich","","","",""
"7","2003","(noch) kein Abschluss","weiblich","","","",""
"7","2003","Hauptschule","maennlich","1","","",""
"7","2003","Hauptschule","weiblich","","","",""
"7","2003","Realschule","maennlich","1","","",""
"7","2003","Realschule","weiblich","","","",""
"7","2003","(Fach-)Abitur","maennlich","2","","",""
"7","2003","(Fach-)Abitur","weiblich","","","",""
"7","2003","AkademikerIn","maennlich","3","","",""
"7","2003","AkademikerIn","weiblich","1","","",""
"8","2003","(noch) kein Abschluss","maennlich","","","",""
"8","2003","(noch) kein Abschluss","weiblich","","","",""
"8","2003","Hauptschule","maennlich","1","","",""
"8","2003","Hauptschule","weiblich","","","",""
"8","2003","Realschule","maennlich","","","",""
"8","2003","Realschule","weiblich","1","","",""
"8","2003","(Fach-)Abitur","maennlich","","","",""
"8","2003","(Fach-)Abitur","weiblich","","","",""
"8","2003","AkademikerIn","maennlich","","","",""
"8","2003","AkademikerIn","weiblich","","","",""
"9","2003","(noch) kein Abschluss","maennlich","","","",""
"9","2003","(noch) kein Abschluss","weiblich","","","",""
"9","2003","Hauptschule","maennlich","","","",""
"9","2003","Hauptschule","weiblich","","","",""
"9","2003","Realschule","maennlich","","","",""
"9","2003","Realschule","weiblich","","","",""
"9","2003","(Fach-)Abitur","maennlich","","","",""
"9","2003","(Fach-)Abitur","weiblich","","","",""
"9","2003","AkademikerIn","maennlich","","","",""
"9","2003","AkademikerIn","weiblich","","","",""
"10","2003","(noch) kein Abschluss","maennlich","","","",""
"10","2003","(noch) kein Abschluss","weiblich","","","",""
"10","2003","Hauptschule","maennlich","","","",""
"10","2003","Hauptschule","weiblich","","","",""
"10","2003","Realschule","maennlich","","","",""
"10","2003","Realschule","weiblich","1","","",""
"10","2003","(Fach-)Abitur","maennlich","","","",""
"10","2003","(Fach-)Abitur","weiblich","","","",""
"10","2003","AkademikerIn","maennlich","","","",""
"10","2003","AkademikerIn","weiblich","1","","",""
"11","2003","(noch) kein Abschluss","maennlich","","","",""
"11","2003","(noch) kein Abschluss","weiblich","","","",""
"11","2003","Hauptschule","maennlich","","","",""
"11","2003","Hauptschule","weiblich","","","",""
"11","2003","Realschule","maennlich","","","",""
"11","2003","Realschule","weiblich","","","",""
"11","2003","(Fach-)Abitur","maennlich","","","",""
"11","2003","(Fach-)Abitur","weiblich","","","",""
"11","2003","AkademikerIn","maennlich","","","",""
"11","2003","AkademikerIn","weiblich","","","",""
"12","2003","(noch) kein Abschluss","maennlich","","","",""
"12","2003","(noch) kein Abschluss","weiblich","","","",""
"12","2003","Hauptschule","maennlich","","","",""
"12","2003","Hauptschule","weiblich","","","",""
"12","2003","Realschule","maennlich","1","","",""
"12","2003","Realschule","weiblich","","","",""
"12","2003","(Fach-)Abitur","maennlich","","","",""
"12","2003","(Fach-)Abitur","weiblich","","","",""
"12","2003","AkademikerIn","maennlich","1","","",""
"12","2003","AkademikerIn","weiblich","","","",""
"13","2003","(noch) kein Abschluss","maennlich","","","",""
"13","2003","(noch) kein Abschluss","weiblich","","","",""
"13","2003","Hauptschule","maennlich","","","",""
"13","2003","Hauptschule","weiblich","","","",""
"13","2003","Realschule","maennlich","","","",""
"13","2003","Realschule","weiblich","","","",""
"13","2003","(Fach-)Abitur","maennlich","","","",""
"13","2003","(Fach-)Abitur","weiblich","","","",""
"13","2003","AkademikerIn","maennlich","","","",""
"13","2003","AkademikerIn","weiblich","","","",""
"14","2003","(noch) kein Abschluss","maennlich","","","",""
"14","2003","(noch) kein Abschluss","weiblich","","","",""
"14","2003","Hauptschule","maennlich","1","","",""
"14","2003","Hauptschule","weiblich","","","",""
"14","2003","Realschule","maennlich","","","",""
"14","2003","Realschule","weiblich","","","",""
"14","2003","(Fach-)Abitur","maennlich","","","",""
"14","2003","(Fach-)Abitur","weiblich","","","",""
"14","2003","AkademikerIn","maennlich","","","",""
"14","2003","AkademikerIn","weiblich","","","",""
"15","2003","(noch) kein Abschluss","maennlich","","","",""
"15","2003","(noch) kein Abschluss","weiblich","","","",""
"15","2003","Hauptschule","maennlich","","","",""
"15","2003","Hauptschule","weiblich","1","","",""
"15","2003","Realschule","maennlich","","","",""
"15","2003","Realschule","weiblich","","","",""
"15","2003","(Fach-)Abitur","maennlich","","","",""
"15","2003","(Fach-)Abitur","weiblich","","","",""
"15","2003","AkademikerIn","maennlich","","","",""
"15","2003","AkademikerIn","weiblich","","","",""
"16","2003","(noch) kein Abschluss","maennlich","","","",""
"16","2003","(noch) kein Abschluss","weiblich","","","",""
"16","2003","Hauptschule","maennlich","","","",""
"16","2003","Hauptschule","weiblich","","","",""
"16","2003","Realschule","maennlich","","","",""
"16","2003","Realschule","weiblich","","","",""
"16","2003","(Fach-)Abitur","maennlich","","","",""
"16","2003","(Fach-)Abitur","weiblich","","","",""
"16","2003","AkademikerIn","maennlich","","","",""
"16","2003","AkademikerIn","weiblich","","","",""
"17","2003","(noch) kein Abschluss","maennlich","","","",""
"17","2003","(noch) kein Abschluss","weiblich","","","",""
"17","2003","Hauptschule","maennlich","","","",""
"17","2003","Hauptschule","weiblich","","","",""
"17","2003","Realschule","maennlich","","","",""
"17","2003","Realschule","weiblich","","","",""
"17","2003","(Fach-)Abitur","maennlich","","","",""
"17","2003","(Fach-)Abitur","weiblich","","","",""
"17","2003","AkademikerIn","maennlich","","","",""
"17","2003","AkademikerIn","weiblich","","","",""
"18","2003","(noch) kein Abschluss","maennlich","","","",""
"18","2003","(noch) kein Abschluss","weiblich","","","",""
"18","2003","Hauptschule","maennlich","","","",""
"18","2003","Hauptschule","weiblich","","","",""
"18","2003","Realschule","maennlich","","","",""
"18","2003","Realschule","weiblich","","","",""
"18","2003","(Fach-)Abitur","maennlich","","","",""
"18","2003","(Fach-)Abitur","weiblich","","","",""
"18","2003","AkademikerIn","maennlich","","","",""
"18","2003","AkademikerIn","weiblich","","","",""
"19","2003","(noch) kein Abschluss","maennlich","","","",""
"19","2003","(noch) kein Abschluss","weiblich","","","",""
"19","2003","Hauptschule","maennlich","","","",""
"19","2003","Hauptschule","weiblich","","","",""
"19","2003","Realschule","maennlich","","","",""
"19","2003","Realschule","weiblich","","","",""
"19","2003","(Fach-)Abitur","maennlich","","","",""
"19","2003","(Fach-)Abitur","weiblich","","","",""
"19","2003","AkademikerIn","maennlich","","","",""
"19","2003","AkademikerIn","weiblich","","","",""
"20","2003","(noch) kein Abschluss","maennlich","","","",""
"20","2003","(noch) kein Abschluss","weiblich","","","",""
"20","2003","Hauptschule","maennlich","","","",""
"20","2003","Hauptschule","weiblich","","","",""
"20","2003","Realschule","maennlich","","","",""
"20","2003","Realschule","weiblich","","","",""
"20","2003","(Fach-)Abitur","maennlich","","","",""
"20","2003","(Fach-)Abitur","weiblich","","","",""
"20","2003","AkademikerIn","maennlich","","","",""
"20","2003","AkademikerIn","weiblich","","","",""
"21","2003","(noch) kein Abschluss","maennlich","","","",""
"21","2003","(noch) kein Abschluss","weiblich","","","",""
"21","2003","Hauptschule","maennlich","","","",""
"21","2003","Hauptschule","weiblich","","","",""
"21","2003","Realschule","maennlich","","","",""
"21","2003","Realschule","weiblich","","","",""
"21","2003","(Fach-)Abitur","maennlich","","","",""
"21","2003","(Fach-)Abitur","weiblich","","","",""
"21","2003","AkademikerIn","maennlich","","","",""
"21","2003","AkademikerIn","weiblich","","","",""
"22","2003","(noch) kein Abschluss","maennlich","","","",""
"22","2003","(noch) kein Abschluss","weiblich","","","",""
"22","2003","Hauptschule","maennlich","","","",""
"22","2003","Hauptschule","weiblich","","","",""
"22","2003","Realschule","maennlich","","","",""
"22","2003","Realschule","weiblich","","","",""
"22","2003","(Fach-)Abitur","maennlich","","","",""
"22","2003","(Fach-)Abitur","weiblich","","","",""
"22","2003","AkademikerIn","maennlich","","","",""
"22","2003","AkademikerIn","weiblich","","","",""
"23","2003","(noch) kein Abschluss","maennlich","","","",""
"23","2003","(noch) kein Abschluss","weiblich","","","",""
"23","2003","Hauptschule","maennlich","","","",""
"23","2003","Hauptschule","weiblich","","","",""
"23","2003","Realschule","maennlich","","","",""
"23","2003","Realschule","weiblich","","","",""
"23","2003","(Fach-)Abitur","maennlich","","","",""
"23","2003","(Fach-)Abitur","weiblich","","","",""
"23","2003","AkademikerIn","maennlich","","","",""
"23","2003","AkademikerIn","weiblich","","","",""
"24","2003","(noch) kein Abschluss","maennlich","","","",""
"24","2003","(noch) kein Abschluss","weiblich","","","",""
"24","2003","Hauptschule","maennlich","","","",""
"24","2003","Hauptschule","weiblich","","","",""
"24","2003","Realschule","maennlich","","","",""
"24","2003","Realschule","weiblich","","","",""
"24","2003","(Fach-)Abitur","maennlich","","","",""
"24","2003","(Fach-)Abitur","weiblich","","","",""
"24","2003","AkademikerIn","maennlich","","","",""
"24","2003","AkademikerIn","weiblich","","","",""
"25","2003","(noch) kein Abschluss","maennlich","","","",""
"25","2003","(noch) kein Abschluss","weiblich","","","",""
"25","2003","Hauptschule","maennlich","","","",""
"25","2003","Hauptschule","weiblich","","","",""
"25","2003","Realschule","maennlich","","","",""
"25","2003","Realschule","weiblich","","","",""
"25","2003","(Fach-)Abitur","maennlich","","","",""
"25","2003","(Fach-)Abitur","weiblich","","","",""
"25","2003","AkademikerIn","maennlich","","","",""
"25","2003","AkademikerIn","weiblich","","","",""
"26","2003","(noch) kein Abschluss","maennlich","","","",""
"26","2003","(noch) kein Abschluss","weiblich","","","",""
"26","2003","Hauptschule","maennlich","","","",""
"26","2003","Hauptschule","weiblich","","","",""
"26","2003","Realschule","maennlich","","","",""
"26","2003","Realschule","weiblich","","","",""
"26","2003","(Fach-)Abitur","maennlich","","","",""
"26","2003","(Fach-)Abitur","weiblich","","","",""
"26","2003","AkademikerIn","maennlich","","","",""
"26","2003","AkademikerIn","weiblich","","","",""
"27","2003","(noch) kein Abschluss","maennlich","","","",""
"27","2003","(noch) kein Abschluss","weiblich","","","",""
"27","2003","Hauptschule","maennlich","","","",""
"27","2003","Hauptschule","weiblich","","","",""
"27","2003","Realschule","maennlich","","","",""
"27","2003","Realschule","weiblich","","","",""
"27","2003","(Fach-)Abitur","maennlich","","","",""
"27","2003","(Fach-)Abitur","weiblich","","","",""
"27","2003","AkademikerIn","maennlich","","","",""
"27","2003","AkademikerIn","weiblich","","","",""
"28","2003","(noch) kein Abschluss","maennlich","","","",""
"28","2003","(noch) kein Abschluss","weiblich","","","",""
"28","2003","Hauptschule","maennlich","","","",""
"28","2003","Hauptschule","weiblich","","","",""
"28","2003","Realschule","maennlich","","","",""
"28","2003","Realschule","weiblich","","","",""
"28","2003","(Fach-)Abitur","maennlich","","","",""
"28","2003","(Fach-)Abitur","weiblich","","","",""
"28","2003","AkademikerIn","maennlich","","","",""
"28","2003","AkademikerIn","weiblich","","","",""
"30","2003","(noch) kein Abschluss","maennlich","","","",""
"30","2003","(noch) kein Abschluss","weiblich","","","",""
"30","2003","Hauptschule","maennlich","","","",""
"30","2003","Hauptschule","weiblich","","","",""
"30","2003","Realschule","maennlich","","","",""
"30","2003","Realschule","weiblich","","","",""
"30","2003","(Fach-)Abitur","maennlich","","","",""
"30","2003","(Fach-)Abitur","weiblich","","","",""
"30","2003","AkademikerIn","maennlich","","","",""
"30","2003","AkademikerIn","weiblich","","","",""
"31","2003","(noch) kein Abschluss","maennlich","","","",""
"31","2003","(noch) kein Abschluss","weiblich","","","",""
"31","2003","Hauptschule","maennlich","","","",""
"31","2003","Hauptschule","weiblich","","","",""
"31","2003","Realschule","maennlich","","","",""
"31","2003","Realschule","weiblich","","","",""
"31","2003","(Fach-)Abitur","maennlich","","","",""
"31","2003","(Fach-)Abitur","weiblich","","","",""
"31","2003","AkademikerIn","maennlich","","","",""
"31","2003","AkademikerIn","weiblich","","","",""
"32","2003","(noch) kein Abschluss","maennlich","","","",""
"32","2003","(noch) kein Abschluss","weiblich","","","",""
"32","2003","Hauptschule","maennlich","","","",""
"32","2003","Hauptschule","weiblich","","","",""
"32","2003","Realschule","maennlich","","","",""
"32","2003","Realschule","weiblich","","","",""
"32","2003","(Fach-)Abitur","maennlich","","","",""
"32","2003","(Fach-)Abitur","weiblich","","","",""
"32","2003","AkademikerIn","maennlich","","","",""
"32","2003","AkademikerIn","weiblich","","","",""
"35","2003","(noch) kein Abschluss","maennlich","","","",""
"35","2003","(noch) kein Abschluss","weiblich","","","",""
"35","2003","Hauptschule","maennlich","","","",""
"35","2003","Hauptschule","weiblich","","","",""
"35","2003","Realschule","maennlich","","","",""
"35","2003","Realschule","weiblich","","","",""
"35","2003","(Fach-)Abitur","maennlich","","","",""
"35","2003","(Fach-)Abitur","weiblich","","","",""
"35","2003","AkademikerIn","maennlich","","","",""
"35","2003","AkademikerIn","weiblich","","","",""
"36","2003","(noch) kein Abschluss","maennlich","","","",""
"36","2003","(noch) kein Abschluss","weiblich","","","",""
"36","2003","Hauptschule","maennlich","","","",""
"36","2003","Hauptschule","weiblich","","","",""
"36","2003","Realschule","maennlich","","","",""
"36","2003","Realschule","weiblich","","","",""
"36","2003","(Fach-)Abitur","maennlich","","","",""
"36","2003","(Fach-)Abitur","weiblich","","","",""
"36","2003","AkademikerIn","maennlich","","","",""
"36","2003","AkademikerIn","weiblich","","","",""
"40","2003","(noch) kein Abschluss","maennlich","","","",""
"40","2003","(noch) kein Abschluss","weiblich","","","",""
"40","2003","Hauptschule","maennlich","","","",""
"40","2003","Hauptschule","weiblich","","","",""
"40","2003","Realschule","maennlich","","","",""
"40","2003","Realschule","weiblich","","","",""
"40","2003","(Fach-)Abitur","maennlich","","","",""
"40","2003","(Fach-)Abitur","weiblich","","","",""
"40","2003","AkademikerIn","maennlich","","","",""
"40","2003","AkademikerIn","weiblich","","","",""
"42","2003","(noch) kein Abschluss","maennlich","","","",""
"42","2003","(noch) kein Abschluss","weiblich","","","",""
"42","2003","Hauptschule","maennlich","","","",""
"42","2003","Hauptschule","weiblich","","","",""
"42","2003","Realschule","maennlich","","","",""
"42","2003","Realschule","weiblich","","","",""
"42","2003","(Fach-)Abitur","maennlich","","","",""
"42","2003","(Fach-)Abitur","weiblich","","","",""
"42","2003","AkademikerIn","maennlich","","","",""
"42","2003","AkademikerIn","weiblich","","","",""
"45","2003","(noch) kein Abschluss","maennlich","","","",""
"45","2003","(noch) kein Abschluss","weiblich","","","",""
"45","2003","Hauptschule","maennlich","","","",""
"45","2003","Hauptschule","weiblich","","","",""
"45","2003","Realschule","maennlich","","","",""
"45","2003","Realschule","weiblich","","","",""
"45","2003","(Fach-)Abitur","maennlich","","","",""
"45","2003","(Fach-)Abitur","weiblich","","","",""
"45","2003","AkademikerIn","maennlich","","","",""
"45","2003","AkademikerIn","weiblich","","","",""
"48","2003","(noch) kein Abschluss","maennlich","","","",""
"48","2003","(noch) kein Abschluss","weiblich","","","",""
"48","2003","Hauptschule","maennlich","","","",""
"48","2003","Hauptschule","weiblich","","","",""
"48","2003","Realschule","maennlich","","","",""
"48","2003","Realschule","weiblich","","","",""
"48","2003","(Fach-)Abitur","maennlich","","","",""
"48","2003","(Fach-)Abitur","weiblich","","","",""
"48","2003","AkademikerIn","maennlich","","","",""
"48","2003","AkademikerIn","weiblich","","","",""
"50","2003","(noch) kein Abschluss","maennlich","","","",""
"50","2003","(noch) kein Abschluss","weiblich","","","",""
"50","2003","Hauptschule","maennlich","","","",""
"50","2003","Hauptschule","weiblich","","","",""
"50","2003","Realschule","maennlich","","","",""
"50","2003","Realschule","weiblich","","","",""
"50","2003","(Fach-)Abitur","maennlich","","","",""
"50","2003","(Fach-)Abitur","weiblich","","","",""
"50","2003","AkademikerIn","maennlich","","","",""
"50","2003","AkademikerIn","weiblich","","","",""
"51","2003","(noch) kein Abschluss","maennlich","","","",""
"51","2003","(noch) kein Abschluss","weiblich","","","",""
"51","2003","Hauptschule","maennlich","","","",""
"51","2003","Hauptschule","weiblich","","","",""
"51","2003","Realschule","maennlich","","","",""
"51","2003","Realschule","weiblich","","","",""
"51","2003","(Fach-)Abitur","maennlich","","","",""
"51","2003","(Fach-)Abitur","weiblich","","","",""
"51","2003","AkademikerIn","maennlich","","","",""
"51","2003","AkademikerIn","weiblich","","","",""
"64","2003","(noch) kein Abschluss","maennlich","","","",""
"64","2003","(noch) kein Abschluss","weiblich","","","",""
"64","2003","Hauptschule","maennlich","","","",""
"64","2003","Hauptschule","weiblich","","","",""
"64","2003","Realschule","maennlich","","","",""
"64","2003","Realschule","weiblich","","","",""
"64","2003","(Fach-)Abitur","maennlich","","","",""
"64","2003","(Fach-)Abitur","weiblich","","","",""
"64","2003","AkademikerIn","maennlich","","","",""
"64","2003","AkademikerIn","weiblich","","","",""
"65","2003","(noch) kein Abschluss","maennlich","","","",""
"65","2003","(noch) kein Abschluss","weiblich","","","",""
"65","2003","Hauptschule","maennlich","","","",""
"65","2003","Hauptschule","weiblich","","","",""
"65","2003","Realschule","maennlich","","","",""
"65","2003","Realschule","weiblich","","","",""
"65","2003","(Fach-)Abitur","maennlich","","","",""
"65","2003","(Fach-)Abitur","weiblich","","","",""
"65","2003","AkademikerIn","maennlich","","","",""
"65","2003","AkademikerIn","weiblich","","","",""
"90","2003","(noch) kein Abschluss","maennlich","","","",""
"90","2003","(noch) kein Abschluss","weiblich","","","",""
"90","2003","Hauptschule","maennlich","","","",""
"90","2003","Hauptschule","weiblich","","","",""
"90","2003","Realschule","maennlich","","","",""
"90","2003","Realschule","weiblich","","","",""
"90","2003","(Fach-)Abitur","maennlich","","","",""
"90","2003","(Fach-)Abitur","weiblich","","","",""
"90","2003","AkademikerIn","maennlich","","","",""
"90","2003","AkademikerIn","weiblich","","","",""
"98","2003","(noch) kein Abschluss","maennlich","","","",""
"98","2003","(noch) kein Abschluss","weiblich","","","",""
"98","2003","Hauptschule","maennlich","","","",""
"98","2003","Hauptschule","weiblich","","","",""
"98","2003","Realschule","maennlich","","","",""
"98","2003","Realschule","weiblich","","","",""
"98","2003","(Fach-)Abitur","maennlich","","","",""
"98","2003","(Fach-)Abitur","weiblich","","","",""
"98","2003","AkademikerIn","maennlich","","","",""
"98","2003","AkademikerIn","weiblich","","","",""
"100","2003","(noch) kein Abschluss","maennlich","","","",""
"100","2003","(noch) kein Abschluss","weiblich","","","",""
"100","2003","Hauptschule","maennlich","","","",""
"100","2003","Hauptschule","weiblich","","","",""
"100","2003","Realschule","maennlich","","","",""
"100","2003","Realschule","weiblich","","","",""
"100","2003","(Fach-)Abitur","maennlich","","","",""
"100","2003","(Fach-)Abitur","weiblich","","","",""
"100","2003","AkademikerIn","maennlich","","","",""
"100","2003","AkademikerIn","weiblich","","","",""
"0","2004","(noch) kein Abschluss","maennlich","","","",""
"0","2004","(noch) kein Abschluss","weiblich","","","",""
"0","2004","Hauptschule","maennlich","","","",""
"0","2004","Hauptschule","weiblich","","","",""
"0","2004","Realschule","maennlich","","","",""
"0","2004","Realschule","weiblich","","","",""
"0","2004","(Fach-)Abitur","maennlich","","","",""
"0","2004","(Fach-)Abitur","weiblich","","","",""
"0","2004","AkademikerIn","maennlich","","","",""
"0","2004","AkademikerIn","weiblich","","","",""
"1","2004","(noch) kein Abschluss","maennlich","23","","",""
"1","2004","(noch) kein Abschluss","weiblich","33","0.804138636751561","0.679585221991777","0.928692051511344"
"1","2004","Hauptschule","maennlich","356","0.71033188467657","0.670651375720198","0.750012393632941"
"1","2004","Hauptschule","weiblich","478","0.732309984353198","0.698087922745584","0.766532045960812"
"1","2004","Realschule","maennlich","159","","",""
"1","2004","Realschule","weiblich","331","0.822045909220898","0.784796224296736","0.85929559414506"
"1","2004","(Fach-)Abitur","maennlich","58","0.694868260052828","0.594591449620833","0.795145070484823"
"1","2004","(Fach-)Abitur","weiblich","114","","",""
"1","2004","AkademikerIn","maennlich","171","","",""
"1","2004","AkademikerIn","weiblich","190","","",""
"2","2004","(noch) kein Abschluss","maennlich","4","0.128316757303473","0.010586449171359","0.246047065435587"
"2","2004","(noch) kein Abschluss","weiblich","3","","",""
"2","2004","Hauptschule","maennlich","90","0.187488795424095","0.153346039677238","0.221631551170953"
"2","2004","Hauptschule","weiblich","122","","",""
"2","2004","Realschule","maennlich","38","0.216044968664295","0.160776689378595","0.271313247949995"
"2","2004","Realschule","weiblich","58","0.1352078723014","0.101905326638116","0.168510417964684"
"2","2004","(Fach-)Abitur","maennlich","20","","",""
"2","2004","(Fach-)Abitur","weiblich","16","","",""
"2","2004","AkademikerIn","maennlich","48","0.242577620845607","0.187539377629583","0.297615864061631"
"2","2004","AkademikerIn","weiblich","24","","",""
"3","2004","(noch) kein Abschluss","maennlich","3","","",""
"3","2004","(noch) kein Abschluss","weiblich","2","","",""
"3","2004","Hauptschule","maennlich","32","0.0511471640143543","0.0318760668325074","0.0704182611962011"
"3","2004","Hauptschule","weiblich","28","","",""
"3","2004","Realschule","maennlich","11","","",""
"3","2004","Realschule","weiblich","13","","",""
"3","2004","(Fach-)Abitur","maennlich","1","","",""
"3","2004","(Fach-)Abitur","weiblich","5","0.0331609965484424","0.00317774867070954","0.0631442444261752"
"3","2004","AkademikerIn","maennlich","7","0.0279105303000436","0.0067606801885477","0.0490603804115396"
"3","2004","AkademikerIn","weiblich","6","0.0271547448325345","0.00596437106687388","0.0483451185981951"
"4","2004","(noch) kein Abschluss","maennlich","","","",""
"4","2004","(noch) kein Abschluss","weiblich","","","",""
"4","2004","Hauptschule","maennlich","16","","",""
"4","2004","Hauptschule","weiblich","5","0.007956301968841","0.00108935592937497","0.014823248008307"
"4","2004","Realschule","maennlich","","","",""
"4","2004","Realschule","weiblich","1","","",""
"4","2004","(Fach-)Abitur","maennlich","2","","",""
"4","2004","(Fach-)Abitur","weiblich","","","",""
"4","2004","AkademikerIn","maennlich","1","","",""
"4","2004","AkademikerIn","weiblich","2","","",""
"5","2004","(noch) kein Abschluss","maennlich","","","",""
"5","2004","(noch) kein Abschluss","weiblich","","","",""
"5","2004","Hauptschule","maennlich","6","0.0147141982708062","0.00418135440136881","0.0252470421402437"
"5","2004","Hauptschule","weiblich","4","0.00437972560868257","-0.000724300905749441","0.00948375212311458"
"5","2004","Realschule","maennlich","1","","",""
"5","2004","Realschule","weiblich","1","","",""
"5","2004","(Fach-)Abitur","maennlich","","","",""
"5","2004","(Fach-)Abitur","weiblich","","","",""
"5","2004","AkademikerIn","maennlich","3","","",""
"5","2004","AkademikerIn","weiblich","1","","",""
"6","2004","(noch) kein Abschluss","maennlich","","","",""
"6","2004","(noch) kein Abschluss","weiblich","","","",""
"6","2004","Hauptschule","maennlich","1","","",""
"6","2004","Hauptschule","weiblich","1","","",""
"6","2004","Realschule","maennlich","1","","",""
"6","2004","Realschule","weiblich","","","",""
"6","2004","(Fach-)Abitur","maennlich","","","",""
"6","2004","(Fach-)Abitur","weiblich","2","","",""
"6","2004","AkademikerIn","maennlich","","","",""
"6","2004","AkademikerIn","weiblich","1","","",""
"7","2004","(noch) kein Abschluss","maennlich","","","",""
"7","2004","(noch) kein Abschluss","weiblich","","","",""
"7","2004","Hauptschule","maennlich","","","",""
"7","2004","Hauptschule","weiblich","1","","",""
"7","2004","Realschule","maennlich","","","",""
"7","2004","Realschule","weiblich","","","",""
"7","2004","(Fach-)Abitur","maennlich","","","",""
"7","2004","(Fach-)Abitur","weiblich","","","",""
"7","2004","AkademikerIn","maennlich","","","",""
"7","2004","AkademikerIn","weiblich","1","","",""
"8","2004","(noch) kein Abschluss","maennlich","1","","",""
"8","2004","(noch) kein Abschluss","weiblich","1","","",""
"8","2004","Hauptschule","maennlich","","","",""
"8","2004","Hauptschule","weiblich","","","",""
"8","2004","Realschule","maennlich","","","",""
"8","2004","Realschule","weiblich","1","","",""
"8","2004","(Fach-)Abitur","maennlich","","","",""
"8","2004","(Fach-)Abitur","weiblich","","","",""
"8","2004","AkademikerIn","maennlich","2","","",""
"8","2004","AkademikerIn","weiblich","","","",""
"9","2004","(noch) kein Abschluss","maennlich","","","",""
"9","2004","(noch) kein Abschluss","weiblich","","","",""
"9","2004","Hauptschule","maennlich","","","",""
"9","2004","Hauptschule","weiblich","","","",""
"9","2004","Realschule","maennlich","","","",""
"9","2004","Realschule","weiblich","","","",""
"9","2004","(Fach-)Abitur","maennlich","","","",""
"9","2004","(Fach-)Abitur","weiblich","","","",""
"9","2004","AkademikerIn","maennlich","","","",""
"9","2004","AkademikerIn","weiblich","","","",""
"10","2004","(noch) kein Abschluss","maennlich","","","",""
"10","2004","(noch) kein Abschluss","weiblich","","","",""
"10","2004","Hauptschule","maennlich","","","",""
"10","2004","Hauptschule","weiblich","2","","",""
"10","2004","Realschule","maennlich","1","","",""
"10","2004","Realschule","weiblich","","","",""
"10","2004","(Fach-)Abitur","maennlich","","","",""
"10","2004","(Fach-)Abitur","weiblich","","","",""
"10","2004","AkademikerIn","maennlich","","","",""
"10","2004","AkademikerIn","weiblich","1","","",""
"11","2004","(noch) kein Abschluss","maennlich","","","",""
"11","2004","(noch) kein Abschluss","weiblich","","","",""
"11","2004","Hauptschule","maennlich","1","","",""
"11","2004","Hauptschule","weiblich","1","","",""
"11","2004","Realschule","maennlich","","","",""
"11","2004","Realschule","weiblich","","","",""
"11","2004","(Fach-)Abitur","maennlich","","","",""
"11","2004","(Fach-)Abitur","weiblich","","","",""
"11","2004","AkademikerIn","maennlich","","","",""
"11","2004","AkademikerIn","weiblich","","","",""
"12","2004","(noch) kein Abschluss","maennlich","","","",""
"12","2004","(noch) kein Abschluss","weiblich","","","",""
"12","2004","Hauptschule","maennlich","","","",""
"12","2004","Hauptschule","weiblich","","","",""
"12","2004","Realschule","maennlich","2","","",""
"12","2004","Realschule","weiblich","","","",""
"12","2004","(Fach-)Abitur","maennlich","","","",""
"12","2004","(Fach-)Abitur","weiblich","","","",""
"12","2004","AkademikerIn","maennlich","","","",""
"12","2004","AkademikerIn","weiblich","","","",""
"13","2004","(noch) kein Abschluss","maennlich","","","",""
"13","2004","(noch) kein Abschluss","weiblich","","","",""
"13","2004","Hauptschule","maennlich","","","",""
"13","2004","Hauptschule","weiblich","1","","",""
"13","2004","Realschule","maennlich","","","",""
"13","2004","Realschule","weiblich","","","",""
"13","2004","(Fach-)Abitur","maennlich","","","",""
"13","2004","(Fach-)Abitur","weiblich","","","",""
"13","2004","AkademikerIn","maennlich","1","","",""
"13","2004","AkademikerIn","weiblich","","","",""
"14","2004","(noch) kein Abschluss","maennlich","","","",""
"14","2004","(noch) kein Abschluss","weiblich","","","",""
"14","2004","Hauptschule","maennlich","","","",""
"14","2004","Hauptschule","weiblich","","","",""
"14","2004","Realschule","maennlich","","","",""
"14","2004","Realschule","weiblich","","","",""
"14","2004","(Fach-)Abitur","maennlich","","","",""
"14","2004","(Fach-)Abitur","weiblich","","","",""
"14","2004","AkademikerIn","maennlich","","","",""
"14","2004","AkademikerIn","weiblich","","","",""
"15","2004","(noch) kein Abschluss","maennlich","","","",""
"15","2004","(noch) kein Abschluss","weiblich","","","",""
"15","2004","Hauptschule","maennlich","","","",""
"15","2004","Hauptschule","weiblich","","","",""
"15","2004","Realschule","maennlich","","","",""
"15","2004","Realschule","weiblich","","","",""
"15","2004","(Fach-)Abitur","maennlich","","","",""
"15","2004","(Fach-)Abitur","weiblich","","","",""
"15","2004","AkademikerIn","maennlich","","","",""
"15","2004","AkademikerIn","weiblich","","","",""
"16","2004","(noch) kein Abschluss","maennlich","","","",""
"16","2004","(noch) kein Abschluss","weiblich","","","",""
"16","2004","Hauptschule","maennlich","","","",""
"16","2004","Hauptschule","weiblich","","","",""
"16","2004","Realschule","maennlich","","","",""
"16","2004","Realschule","weiblich","","","",""
"16","2004","(Fach-)Abitur","maennlich","","","",""
"16","2004","(Fach-)Abitur","weiblich","","","",""
"16","2004","AkademikerIn","maennlich","","","",""
"16","2004","AkademikerIn","weiblich","","","",""
"17","2004","(noch) kein Abschluss","maennlich","","","",""
"17","2004","(noch) kein Abschluss","weiblich","","","",""
"17","2004","Hauptschule","maennlich","","","",""
"17","2004","Hauptschule","weiblich","","","",""
"17","2004","Realschule","maennlich","","","",""
"17","2004","Realschule","weiblich","","","",""
"17","2004","(Fach-)Abitur","maennlich","","","",""
"17","2004","(Fach-)Abitur","weiblich","","","",""
"17","2004","AkademikerIn","maennlich","","","",""
"17","2004","AkademikerIn","weiblich","","","",""
"18","2004","(noch) kein Abschluss","maennlich","","","",""
"18","2004","(noch) kein Abschluss","weiblich","","","",""
"18","2004","Hauptschule","maennlich","","","",""
"18","2004","Hauptschule","weiblich","","","",""
"18","2004","Realschule","maennlich","","","",""
"18","2004","Realschule","weiblich","","","",""
"18","2004","(Fach-)Abitur","maennlich","","","",""
"18","2004","(Fach-)Abitur","weiblich","","","",""
"18","2004","AkademikerIn","maennlich","","","",""
"18","2004","AkademikerIn","weiblich","","","",""
"19","2004","(noch) kein Abschluss","maennlich","","","",""
"19","2004","(noch) kein Abschluss","weiblich","","","",""
"19","2004","Hauptschule","maennlich","","","",""
"19","2004","Hauptschule","weiblich","","","",""
"19","2004","Realschule","maennlich","","","",""
"19","2004","Realschule","weiblich","","","",""
"19","2004","(Fach-)Abitur","maennlich","","","",""
"19","2004","(Fach-)Abitur","weiblich","","","",""
"19","2004","AkademikerIn","maennlich","","","",""
"19","2004","AkademikerIn","weiblich","","","",""
"20","2004","(noch) kein Abschluss","maennlich","","","",""
"20","2004","(noch) kein Abschluss","weiblich","","","",""
"20","2004","Hauptschule","maennlich","","","",""
"20","2004","Hauptschule","weiblich","","","",""
"20","2004","Realschule","maennlich","","","",""
"20","2004","Realschule","weiblich","","","",""
"20","2004","(Fach-)Abitur","maennlich","","","",""
"20","2004","(Fach-)Abitur","weiblich","","","",""
"20","2004","AkademikerIn","maennlich","","","",""
"20","2004","AkademikerIn","weiblich","","","",""
"21","2004","(noch) kein Abschluss","maennlich","","","",""
"21","2004","(noch) kein Abschluss","weiblich","","","",""
"21","2004","Hauptschule","maennlich","","","",""
"21","2004","Hauptschule","weiblich","","","",""
"21","2004","Realschule","maennlich","","","",""
"21","2004","Realschule","weiblich","","","",""
"21","2004","(Fach-)Abitur","maennlich","","","",""
"21","2004","(Fach-)Abitur","weiblich","","","",""
"21","2004","AkademikerIn","maennlich","","","",""
"21","2004","AkademikerIn","weiblich","","","",""
"22","2004","(noch) kein Abschluss","maennlich","","","",""
"22","2004","(noch) kein Abschluss","weiblich","","","",""
"22","2004","Hauptschule","maennlich","","","",""
"22","2004","Hauptschule","weiblich","","","",""
"22","2004","Realschule","maennlich","","","",""
"22","2004","Realschule","weiblich","","","",""
"22","2004","(Fach-)Abitur","maennlich","","","",""
"22","2004","(Fach-)Abitur","weiblich","","","",""
"22","2004","AkademikerIn","maennlich","","","",""
"22","2004","AkademikerIn","weiblich","","","",""
"23","2004","(noch) kein Abschluss","maennlich","","","",""
"23","2004","(noch) kein Abschluss","weiblich","","","",""
"23","2004","Hauptschule","maennlich","","","",""
"23","2004","Hauptschule","weiblich","","","",""
"23","2004","Realschule","maennlich","","","",""
"23","2004","Realschule","weiblich","","","",""
"23","2004","(Fach-)Abitur","maennlich","","","",""
"23","2004","(Fach-)Abitur","weiblich","","","",""
"23","2004","AkademikerIn","maennlich","","","",""
"23","2004","AkademikerIn","weiblich","","","",""
"24","2004","(noch) kein Abschluss","maennlich","","","",""
"24","2004","(noch) kein Abschluss","weiblich","","","",""
"24","2004","Hauptschule","maennlich","","","",""
"24","2004","Hauptschule","weiblich","","","",""
"24","2004","Realschule","maennlich","","","",""
"24","2004","Realschule","weiblich","","","",""
"24","2004","(Fach-)Abitur","maennlich","","","",""
"24","2004","(Fach-)Abitur","weiblich","","","",""
"24","2004","AkademikerIn","maennlich","","","",""
"24","2004","AkademikerIn","weiblich","","","",""
"25","2004","(noch) kein Abschluss","maennlich","","","",""
"25","2004","(noch) kein Abschluss","weiblich","","","",""
"25","2004","Hauptschule","maennlich","","","",""
"25","2004","Hauptschule","weiblich","","","",""
"25","2004","Realschule","maennlich","","","",""
"25","2004","Realschule","weiblich","","","",""
"25","2004","(Fach-)Abitur","maennlich","","","",""
"25","2004","(Fach-)Abitur","weiblich","","","",""
"25","2004","AkademikerIn","maennlich","","","",""
"25","2004","AkademikerIn","weiblich","","","",""
"26","2004","(noch) kein Abschluss","maennlich","","","",""
"26","2004","(noch) kein Abschluss","weiblich","","","",""
"26","2004","Hauptschule","maennlich","","","",""
"26","2004","Hauptschule","weiblich","","","",""
"26","2004","Realschule","maennlich","","","",""
"26","2004","Realschule","weiblich","","","",""
"26","2004","(Fach-)Abitur","maennlich","","","",""
"26","2004","(Fach-)Abitur","weiblich","","","",""
"26","2004","AkademikerIn","maennlich","","","",""
"26","2004","AkademikerIn","weiblich","","","",""
"27","2004","(noch) kein Abschluss","maennlich","","","",""
"27","2004","(noch) kein Abschluss","weiblich","","","",""
"27","2004","Hauptschule","maennlich","","","",""
"27","2004","Hauptschule","weiblich","","","",""
"27","2004","Realschule","maennlich","","","",""
"27","2004","Realschule","weiblich","","","",""
"27","2004","(Fach-)Abitur","maennlich","","","",""
"27","2004","(Fach-)Abitur","weiblich","","","",""
"27","2004","AkademikerIn","maennlich","","","",""
"27","2004","AkademikerIn","weiblich","","","",""
"28","2004","(noch) kein Abschluss","maennlich","","","",""
"28","2004","(noch) kein Abschluss","weiblich","","","",""
"28","2004","Hauptschule","maennlich","","","",""
"28","2004","Hauptschule","weiblich","","","",""
"28","2004","Realschule","maennlich","","","",""
"28","2004","Realschule","weiblich","","","",""
"28","2004","(Fach-)Abitur","maennlich","","","",""
"28","2004","(Fach-)Abitur","weiblich","","","",""
"28","2004","AkademikerIn","maennlich","","","",""
"28","2004","AkademikerIn","weiblich","","","",""
"30","2004","(noch) kein Abschluss","maennlich","","","",""
"30","2004","(noch) kein Abschluss","weiblich","","","",""
"30","2004","Hauptschule","maennlich","","","",""
"30","2004","Hauptschule","weiblich","","","",""
"30","2004","Realschule","maennlich","","","",""
"30","2004","Realschule","weiblich","","","",""
"30","2004","(Fach-)Abitur","maennlich","","","",""
"30","2004","(Fach-)Abitur","weiblich","","","",""
"30","2004","AkademikerIn","maennlich","","","",""
"30","2004","AkademikerIn","weiblich","","","",""
"31","2004","(noch) kein Abschluss","maennlich","","","",""
"31","2004","(noch) kein Abschluss","weiblich","","","",""
"31","2004","Hauptschule","maennlich","","","",""
"31","2004","Hauptschule","weiblich","","","",""
"31","2004","Realschule","maennlich","","","",""
"31","2004","Realschule","weiblich","","","",""
"31","2004","(Fach-)Abitur","maennlich","","","",""
"31","2004","(Fach-)Abitur","weiblich","","","",""
"31","2004","AkademikerIn","maennlich","","","",""
"31","2004","AkademikerIn","weiblich","","","",""
"32","2004","(noch) kein Abschluss","maennlich","","","",""
"32","2004","(noch) kein Abschluss","weiblich","","","",""
"32","2004","Hauptschule","maennlich","","","",""
"32","2004","Hauptschule","weiblich","","","",""
"32","2004","Realschule","maennlich","","","",""
"32","2004","Realschule","weiblich","","","",""
"32","2004","(Fach-)Abitur","maennlich","","","",""
"32","2004","(Fach-)Abitur","weiblich","","","",""
"32","2004","AkademikerIn","maennlich","","","",""
"32","2004","AkademikerIn","weiblich","","","",""
"35","2004","(noch) kein Abschluss","maennlich","","","",""
"35","2004","(noch) kein Abschluss","weiblich","","","",""
"35","2004","Hauptschule","maennlich","","","",""
"35","2004","Hauptschule","weiblich","","","",""
"35","2004","Realschule","maennlich","","","",""
"35","2004","Realschule","weiblich","","","",""
"35","2004","(Fach-)Abitur","maennlich","","","",""
"35","2004","(Fach-)Abitur","weiblich","","","",""
"35","2004","AkademikerIn","maennlich","","","",""
"35","2004","AkademikerIn","weiblich","","","",""
"36","2004","(noch) kein Abschluss","maennlich","","","",""
"36","2004","(noch) kein Abschluss","weiblich","","","",""
"36","2004","Hauptschule","maennlich","","","",""
"36","2004","Hauptschule","weiblich","","","",""
"36","2004","Realschule","maennlich","","","",""
"36","2004","Realschule","weiblich","","","",""
"36","2004","(Fach-)Abitur","maennlich","","","",""
"36","2004","(Fach-)Abitur","weiblich","","","",""
"36","2004","AkademikerIn","maennlich","","","",""
"36","2004","AkademikerIn","weiblich","","","",""
"40","2004","(noch) kein Abschluss","maennlich","","","",""
"40","2004","(noch) kein Abschluss","weiblich","","","",""
"40","2004","Hauptschule","maennlich","","","",""
"40","2004","Hauptschule","weiblich","","","",""
"40","2004","Realschule","maennlich","","","",""
"40","2004","Realschule","weiblich","","","",""
"40","2004","(Fach-)Abitur","maennlich","","","",""
"40","2004","(Fach-)Abitur","weiblich","","","",""
"40","2004","AkademikerIn","maennlich","","","",""
"40","2004","AkademikerIn","weiblich","","","",""
"42","2004","(noch) kein Abschluss","maennlich","","","",""
"42","2004","(noch) kein Abschluss","weiblich","","","",""
"42","2004","Hauptschule","maennlich","","","",""
"42","2004","Hauptschule","weiblich","","","",""
"42","2004","Realschule","maennlich","","","",""
"42","2004","Realschule","weiblich","","","",""
"42","2004","(Fach-)Abitur","maennlich","","","",""
"42","2004","(Fach-)Abitur","weiblich","","","",""
"42","2004","AkademikerIn","maennlich","","","",""
"42","2004","AkademikerIn","weiblich","","","",""
"45","2004","(noch) kein Abschluss","maennlich","","","",""
"45","2004","(noch) kein Abschluss","weiblich","","","",""
"45","2004","Hauptschule","maennlich","","","",""
"45","2004","Hauptschule","weiblich","","","",""
"45","2004","Realschule","maennlich","","","",""
"45","2004","Realschule","weiblich","","","",""
"45","2004","(Fach-)Abitur","maennlich","","","",""
"45","2004","(Fach-)Abitur","weiblich","","","",""
"45","2004","AkademikerIn","maennlich","","","",""
"45","2004","AkademikerIn","weiblich","","","",""
"48","2004","(noch) kein Abschluss","maennlich","","","",""
"48","2004","(noch) kein Abschluss","weiblich","","","",""
"48","2004","Hauptschule","maennlich","","","",""
"48","2004","Hauptschule","weiblich","","","",""
"48","2004","Realschule","maennlich","","","",""
"48","2004","Realschule","weiblich","","","",""
"48","2004","(Fach-)Abitur","maennlich","","","",""
"48","2004","(Fach-)Abitur","weiblich","","","",""
"48","2004","AkademikerIn","maennlich","","","",""
"48","2004","AkademikerIn","weiblich","","","",""
"50","2004","(noch) kein Abschluss","maennlich","","","",""
"50","2004","(noch) kein Abschluss","weiblich","","","",""
"50","2004","Hauptschule","maennlich","","","",""
"50","2004","Hauptschule","weiblich","","","",""
"50","2004","Realschule","maennlich","","","",""
"50","2004","Realschule","weiblich","","","",""
"50","2004","(Fach-)Abitur","maennlich","","","",""
"50","2004","(Fach-)Abitur","weiblich","","","",""
"50","2004","AkademikerIn","maennlich","","","",""
"50","2004","AkademikerIn","weiblich","","","",""
"51","2004","(noch) kein Abschluss","maennlich","","","",""
"51","2004","(noch) kein Abschluss","weiblich","","","",""
"51","2004","Hauptschule","maennlich","","","",""
"51","2004","Hauptschule","weiblich","","","",""
"51","2004","Realschule","maennlich","","","",""
"51","2004","Realschule","weiblich","","","",""
"51","2004","(Fach-)Abitur","maennlich","","","",""
"51","2004","(Fach-)Abitur","weiblich","","","",""
"51","2004","AkademikerIn","maennlich","","","",""
"51","2004","AkademikerIn","weiblich","","","",""
"64","2004","(noch) kein Abschluss","maennlich","","","",""
"64","2004","(noch) kein Abschluss","weiblich","","","",""
"64","2004","Hauptschule","maennlich","","","",""
"64","2004","Hauptschule","weiblich","","","",""
"64","2004","Realschule","maennlich","","","",""
"64","2004","Realschule","weiblich","","","",""
"64","2004","(Fach-)Abitur","maennlich","","","",""
"64","2004","(Fach-)Abitur","weiblich","","","",""
"64","2004","AkademikerIn","maennlich","","","",""
"64","2004","AkademikerIn","weiblich","","","",""
"65","2004","(noch) kein Abschluss","maennlich","","","",""
"65","2004","(noch) kein Abschluss","weiblich","","","",""
"65","2004","Hauptschule","maennlich","","","",""
"65","2004","Hauptschule","weiblich","","","",""
"65","2004","Realschule","maennlich","","","",""
"65","2004","Realschule","weiblich","","","",""
"65","2004","(Fach-)Abitur","maennlich","","","",""
"65","2004","(Fach-)Abitur","weiblich","","","",""
"65","2004","AkademikerIn","maennlich","","","",""
"65","2004","AkademikerIn","weiblich","","","",""
"90","2004","(noch) kein Abschluss","maennlich","","","",""
"90","2004","(noch) kein Abschluss","weiblich","","","",""
"90","2004","Hauptschule","maennlich","","","",""
"90","2004","Hauptschule","weiblich","","","",""
"90","2004","Realschule","maennlich","","","",""
"90","2004","Realschule","weiblich","","","",""
"90","2004","(Fach-)Abitur","maennlich","","","",""
"90","2004","(Fach-)Abitur","weiblich","","","",""
"90","2004","AkademikerIn","maennlich","","","",""
"90","2004","AkademikerIn","weiblich","","","",""
"98","2004","(noch) kein Abschluss","maennlich","","","",""
"98","2004","(noch) kein Abschluss","weiblich","","","",""
"98","2004","Hauptschule","maennlich","","","",""
"98","2004","Hauptschule","weiblich","","","",""
"98","2004","Realschule","maennlich","","","",""
"98","2004","Realschule","weiblich","","","",""
"98","2004","(Fach-)Abitur","maennlich","","","",""
"98","2004","(Fach-)Abitur","weiblich","","","",""
"98","2004","AkademikerIn","maennlich","","","",""
"98","2004","AkademikerIn","weiblich","","","",""
"100","2004","(noch) kein Abschluss","maennlich","","","",""
"100","2004","(noch) kein Abschluss","weiblich","","","",""
"100","2004","Hauptschule","maennlich","","","",""
"100","2004","Hauptschule","weiblich","","","",""
"100","2004","Realschule","maennlich","","","",""
"100","2004","Realschule","weiblich","","","",""
"100","2004","(Fach-)Abitur","maennlich","","","",""
"100","2004","(Fach-)Abitur","weiblich","","","",""
"100","2004","AkademikerIn","maennlich","","","",""
"100","2004","AkademikerIn","weiblich","","","",""
"0","2005","(noch) kein Abschluss","maennlich","","","",""
"0","2005","(noch) kein Abschluss","weiblich","","","",""
"0","2005","Hauptschule","maennlich","","","",""
"0","2005","Hauptschule","weiblich","","","",""
"0","2005","Realschule","maennlich","","","",""
"0","2005","Realschule","weiblich","","","",""
"0","2005","(Fach-)Abitur","maennlich","","","",""
"0","2005","(Fach-)Abitur","weiblich","","","",""
"0","2005","AkademikerIn","maennlich","","","",""
"0","2005","AkademikerIn","weiblich","","","",""
"1","2005","(noch) kein Abschluss","maennlich","19","","",""
"1","2005","(noch) kein Abschluss","weiblich","26","","",""
"1","2005","Hauptschule","maennlich","295","","",""
"1","2005","Hauptschule","weiblich","416","0.753574508959412","0.717127082940811","0.790021934978014"
"1","2005","Realschule","maennlich","163","","",""
"1","2005","Realschule","weiblich","289","","",""
"1","2005","(Fach-)Abitur","maennlich","53","0.712844924570771","0.608339791621374","0.817350057520168"
"1","2005","(Fach-)Abitur","weiblich","93","0.747927932078611","0.670562377273522","0.825293486883699"
"1","2005","AkademikerIn","maennlich","170","","",""
"1","2005","AkademikerIn","weiblich","159","","",""
"2","2005","(noch) kein Abschluss","maennlich","3","","",""
"2","2005","(noch) kein Abschluss","weiblich","6","0.261943460856095","0.116275961227195","0.407610960484994"
"2","2005","Hauptschule","maennlich","93","0.194197985753752","0.15667730681578","0.231718664691724"
"2","2005","Hauptschule","weiblich","83","0.167844076054883","0.136234671735331","0.199453480374435"
"2","2005","Realschule","maennlich","26","","",""
"2","2005","Realschule","weiblich","51","0.131015213558009","0.0960630930676225","0.165967334048395"
"2","2005","(Fach-)Abitur","maennlich","14","","",""
"2","2005","(Fach-)Abitur","weiblich","18","","",""
"2","2005","AkademikerIn","maennlich","46","0.19418594337443","0.143174405674501","0.24519748107436"
"2","2005","AkademikerIn","weiblich","32","0.114979939612282","0.0714185147934857","0.158541364431078"
"3","2005","(noch) kein Abschluss","maennlich","","","",""
"3","2005","(noch) kein Abschluss","weiblich","2","","",""
"3","2005","Hauptschule","maennlich","23","","",""
"3","2005","Hauptschule","weiblich","21","","",""
"3","2005","Realschule","maennlich","8","0.0320425955222857","0.00769578761069123","0.0563894034338801"
"3","2005","Realschule","weiblich","11","","",""
"3","2005","(Fach-)Abitur","maennlich","3","","",""
"3","2005","(Fach-)Abitur","weiblich","8","0.0544197405860943","0.0140009943391068","0.0948384868330817"
"3","2005","AkademikerIn","maennlich","7","0.0441127919003054","0.017632199375761","0.0705933844248499"
"3","2005","AkademikerIn","weiblich","11","","",""
"4","2005","(noch) kein Abschluss","maennlich","1","","",""
"4","2005","(noch) kein Abschluss","weiblich","","","",""
"4","2005","Hauptschule","maennlich","8","0.0262159968655972","0.0110612509399264","0.041370742791268"
"4","2005","Hauptschule","weiblich","8","0.0174837064532869","0.00639840310914899","0.0285690097974248"
"4","2005","Realschule","maennlich","3","","",""
"4","2005","Realschule","weiblich","3","","",""
"4","2005","(Fach-)Abitur","maennlich","2","","",""
"4","2005","(Fach-)Abitur","weiblich","1","","",""
"4","2005","AkademikerIn","maennlich","4","0.0174834220515583","0.000581921444620891","0.0343849226584958"
"4","2005","AkademikerIn","weiblich","3","","",""
"5","2005","(noch) kein Abschluss","maennlich","","","",""
"5","2005","(noch) kein Abschluss","weiblich","","","",""
"5","2005","Hauptschule","maennlich","3","","",""
"5","2005","Hauptschule","weiblich","3","","",""
"5","2005","Realschule","maennlich","1","","",""
"5","2005","Realschule","weiblich","3","","",""
"5","2005","(Fach-)Abitur","maennlich","","","",""
"5","2005","(Fach-)Abitur","weiblich","1","","",""
"5","2005","AkademikerIn","maennlich","1","","",""
"5","2005","AkademikerIn","weiblich","1","","",""
"6","2005","(noch) kein Abschluss","maennlich","","","",""
"6","2005","(noch) kein Abschluss","weiblich","","","",""
"6","2005","Hauptschule","maennlich","3","","",""
"6","2005","Hauptschule","weiblich","1","","",""
"6","2005","Realschule","maennlich","","","",""
"6","2005","Realschule","weiblich","","","",""
"6","2005","(Fach-)Abitur","maennlich","","","",""
"6","2005","(Fach-)Abitur","weiblich","","","",""
"6","2005","AkademikerIn","maennlich","1","","",""
"6","2005","AkademikerIn","weiblich","","","",""
"7","2005","(noch) kein Abschluss","maennlich","","","",""
"7","2005","(noch) kein Abschluss","weiblich","","","",""
"7","2005","Hauptschule","maennlich","2","","",""
"7","2005","Hauptschule","weiblich","2","","",""
"7","2005","Realschule","maennlich","","","",""
"7","2005","Realschule","weiblich","","","",""
"7","2005","(Fach-)Abitur","maennlich","","","",""
"7","2005","(Fach-)Abitur","weiblich","","","",""
"7","2005","AkademikerIn","maennlich","1","","",""
"7","2005","AkademikerIn","weiblich","","","",""
"8","2005","(noch) kein Abschluss","maennlich","","","",""
"8","2005","(noch) kein Abschluss","weiblich","","","",""
"8","2005","Hauptschule","maennlich","","","",""
"8","2005","Hauptschule","weiblich","1","","",""
"8","2005","Realschule","maennlich","","","",""
"8","2005","Realschule","weiblich","","","",""
"8","2005","(Fach-)Abitur","maennlich","","","",""
"8","2005","(Fach-)Abitur","weiblich","","","",""
"8","2005","AkademikerIn","maennlich","","","",""
"8","2005","AkademikerIn","weiblich","","","",""
"9","2005","(noch) kein Abschluss","maennlich","","","",""
"9","2005","(noch) kein Abschluss","weiblich","","","",""
"9","2005","Hauptschule","maennlich","","","",""
"9","2005","Hauptschule","weiblich","1","","",""
"9","2005","Realschule","maennlich","","","",""
"9","2005","Realschule","weiblich","1","","",""
"9","2005","(Fach-)Abitur","maennlich","","","",""
"9","2005","(Fach-)Abitur","weiblich","","","",""
"9","2005","AkademikerIn","maennlich","1","","",""
"9","2005","AkademikerIn","weiblich","","","",""
"10","2005","(noch) kein Abschluss","maennlich","","","",""
"10","2005","(noch) kein Abschluss","weiblich","1","","",""
"10","2005","Hauptschule","maennlich","","","",""
"10","2005","Hauptschule","weiblich","","","",""
"10","2005","Realschule","maennlich","","","",""
"10","2005","Realschule","weiblich","","","",""
"10","2005","(Fach-)Abitur","maennlich","","","",""
"10","2005","(Fach-)Abitur","weiblich","","","",""
"10","2005","AkademikerIn","maennlich","","","",""
"10","2005","AkademikerIn","weiblich","","","",""
"11","2005","(noch) kein Abschluss","maennlich","","","",""
"11","2005","(noch) kein Abschluss","weiblich","","","",""
"11","2005","Hauptschule","maennlich","","","",""
"11","2005","Hauptschule","weiblich","1","","",""
"11","2005","Realschule","maennlich","","","",""
"11","2005","Realschule","weiblich","","","",""
"11","2005","(Fach-)Abitur","maennlich","","","",""
"11","2005","(Fach-)Abitur","weiblich","","","",""
"11","2005","AkademikerIn","maennlich","","","",""
"11","2005","AkademikerIn","weiblich","","","",""
"12","2005","(noch) kein Abschluss","maennlich","","","",""
"12","2005","(noch) kein Abschluss","weiblich","","","",""
"12","2005","Hauptschule","maennlich","","","",""
"12","2005","Hauptschule","weiblich","","","",""
"12","2005","Realschule","maennlich","","","",""
"12","2005","Realschule","weiblich","","","",""
"12","2005","(Fach-)Abitur","maennlich","","","",""
"12","2005","(Fach-)Abitur","weiblich","","","",""
"12","2005","AkademikerIn","maennlich","","","",""
"12","2005","AkademikerIn","weiblich","","","",""
"13","2005","(noch) kein Abschluss","maennlich","","","",""
"13","2005","(noch) kein Abschluss","weiblich","","","",""
"13","2005","Hauptschule","maennlich","","","",""
"13","2005","Hauptschule","weiblich","","","",""
"13","2005","Realschule","maennlich","","","",""
"13","2005","Realschule","weiblich","","","",""
"13","2005","(Fach-)Abitur","maennlich","","","",""
"13","2005","(Fach-)Abitur","weiblich","","","",""
"13","2005","AkademikerIn","maennlich","","","",""
"13","2005","AkademikerIn","weiblich","","","",""
"14","2005","(noch) kein Abschluss","maennlich","","","",""
"14","2005","(noch) kein Abschluss","weiblich","","","",""
"14","2005","Hauptschule","maennlich","","","",""
"14","2005","Hauptschule","weiblich","","","",""
"14","2005","Realschule","maennlich","","","",""
"14","2005","Realschule","weiblich","","","",""
"14","2005","(Fach-)Abitur","maennlich","","","",""
"14","2005","(Fach-)Abitur","weiblich","","","",""
"14","2005","AkademikerIn","maennlich","","","",""
"14","2005","AkademikerIn","weiblich","","","",""
"15","2005","(noch) kein Abschluss","maennlich","","","",""
"15","2005","(noch) kein Abschluss","weiblich","","","",""
"15","2005","Hauptschule","maennlich","","","",""
"15","2005","Hauptschule","weiblich","","","",""
"15","2005","Realschule","maennlich","","","",""
"15","2005","Realschule","weiblich","","","",""
"15","2005","(Fach-)Abitur","maennlich","","","",""
"15","2005","(Fach-)Abitur","weiblich","","","",""
"15","2005","AkademikerIn","maennlich","","","",""
"15","2005","AkademikerIn","weiblich","","","",""
"16","2005","(noch) kein Abschluss","maennlich","","","",""
"16","2005","(noch) kein Abschluss","weiblich","","","",""
"16","2005","Hauptschule","maennlich","","","",""
"16","2005","Hauptschule","weiblich","","","",""
"16","2005","Realschule","maennlich","","","",""
"16","2005","Realschule","weiblich","","","",""
"16","2005","(Fach-)Abitur","maennlich","","","",""
"16","2005","(Fach-)Abitur","weiblich","","","",""
"16","2005","AkademikerIn","maennlich","","","",""
"16","2005","AkademikerIn","weiblich","","","",""
"17","2005","(noch) kein Abschluss","maennlich","","","",""
"17","2005","(noch) kein Abschluss","weiblich","","","",""
"17","2005","Hauptschule","maennlich","","","",""
"17","2005","Hauptschule","weiblich","","","",""
"17","2005","Realschule","maennlich","","","",""
"17","2005","Realschule","weiblich","","","",""
"17","2005","(Fach-)Abitur","maennlich","","","",""
"17","2005","(Fach-)Abitur","weiblich","","","",""
"17","2005","AkademikerIn","maennlich","","","",""
"17","2005","AkademikerIn","weiblich","","","",""
"18","2005","(noch) kein Abschluss","maennlich","","","",""
"18","2005","(noch) kein Abschluss","weiblich","","","",""
"18","2005","Hauptschule","maennlich","","","",""
"18","2005","Hauptschule","weiblich","","","",""
"18","2005","Realschule","maennlich","","","",""
"18","2005","Realschule","weiblich","","","",""
"18","2005","(Fach-)Abitur","maennlich","","","",""
"18","2005","(Fach-)Abitur","weiblich","","","",""
"18","2005","AkademikerIn","maennlich","","","",""
"18","2005","AkademikerIn","weiblich","","","",""
"19","2005","(noch) kein Abschluss","maennlich","","","",""
"19","2005","(noch) kein Abschluss","weiblich","","","",""
"19","2005","Hauptschule","maennlich","","","",""
"19","2005","Hauptschule","weiblich","","","",""
"19","2005","Realschule","maennlich","","","",""
"19","2005","Realschule","weiblich","","","",""
"19","2005","(Fach-)Abitur","maennlich","","","",""
"19","2005","(Fach-)Abitur","weiblich","","","",""
"19","2005","AkademikerIn","maennlich","","","",""
"19","2005","AkademikerIn","weiblich","","","",""
"20","2005","(noch) kein Abschluss","maennlich","","","",""
"20","2005","(noch) kein Abschluss","weiblich","","","",""
"20","2005","Hauptschule","maennlich","","","",""
"20","2005","Hauptschule","weiblich","","","",""
"20","2005","Realschule","maennlich","","","",""
"20","2005","Realschule","weiblich","","","",""
"20","2005","(Fach-)Abitur","maennlich","","","",""
"20","2005","(Fach-)Abitur","weiblich","","","",""
"20","2005","AkademikerIn","maennlich","","","",""
"20","2005","AkademikerIn","weiblich","","","",""
"21","2005","(noch) kein Abschluss","maennlich","","","",""
"21","2005","(noch) kein Abschluss","weiblich","","","",""
"21","2005","Hauptschule","maennlich","","","",""
"21","2005","Hauptschule","weiblich","","","",""
"21","2005","Realschule","maennlich","","","",""
"21","2005","Realschule","weiblich","","","",""
"21","2005","(Fach-)Abitur","maennlich","","","",""
"21","2005","(Fach-)Abitur","weiblich","","","",""
"21","2005","AkademikerIn","maennlich","","","",""
"21","2005","AkademikerIn","weiblich","","","",""
"22","2005","(noch) kein Abschluss","maennlich","","","",""
"22","2005","(noch) kein Abschluss","weiblich","","","",""
"22","2005","Hauptschule","maennlich","","","",""
"22","2005","Hauptschule","weiblich","","","",""
"22","2005","Realschule","maennlich","","","",""
"22","2005","Realschule","weiblich","","","",""
"22","2005","(Fach-)Abitur","maennlich","","","",""
"22","2005","(Fach-)Abitur","weiblich","","","",""
"22","2005","AkademikerIn","maennlich","","","",""
"22","2005","AkademikerIn","weiblich","","","",""
"23","2005","(noch) kein Abschluss","maennlich","","","",""
"23","2005","(noch) kein Abschluss","weiblich","","","",""
"23","2005","Hauptschule","maennlich","","","",""
"23","2005","Hauptschule","weiblich","","","",""
"23","2005","Realschule","maennlich","","","",""
"23","2005","Realschule","weiblich","","","",""
"23","2005","(Fach-)Abitur","maennlich","","","",""
"23","2005","(Fach-)Abitur","weiblich","","","",""
"23","2005","AkademikerIn","maennlich","","","",""
"23","2005","AkademikerIn","weiblich","","","",""
"24","2005","(noch) kein Abschluss","maennlich","","","",""
"24","2005","(noch) kein Abschluss","weiblich","","","",""
"24","2005","Hauptschule","maennlich","","","",""
"24","2005","Hauptschule","weiblich","","","",""
"24","2005","Realschule","maennlich","","","",""
"24","2005","Realschule","weiblich","","","",""
"24","2005","(Fach-)Abitur","maennlich","","","",""
"24","2005","(Fach-)Abitur","weiblich","","","",""
"24","2005","AkademikerIn","maennlich","","","",""
"24","2005","AkademikerIn","weiblich","","","",""
"25","2005","(noch) kein Abschluss","maennlich","","","",""
"25","2005","(noch) kein Abschluss","weiblich","","","",""
"25","2005","Hauptschule","maennlich","","","",""
"25","2005","Hauptschule","weiblich","","","",""
"25","2005","Realschule","maennlich","","","",""
"25","2005","Realschule","weiblich","","","",""
"25","2005","(Fach-)Abitur","maennlich","","","",""
"25","2005","(Fach-)Abitur","weiblich","","","",""
"25","2005","AkademikerIn","maennlich","","","",""
"25","2005","AkademikerIn","weiblich","","","",""
"26","2005","(noch) kein Abschluss","maennlich","","","",""
"26","2005","(noch) kein Abschluss","weiblich","","","",""
"26","2005","Hauptschule","maennlich","","","",""
"26","2005","Hauptschule","weiblich","","","",""
"26","2005","Realschule","maennlich","","","",""
"26","2005","Realschule","weiblich","","","",""
"26","2005","(Fach-)Abitur","maennlich","","","",""
"26","2005","(Fach-)Abitur","weiblich","","","",""
"26","2005","AkademikerIn","maennlich","","","",""
"26","2005","AkademikerIn","weiblich","","","",""
"27","2005","(noch) kein Abschluss","maennlich","","","",""
"27","2005","(noch) kein Abschluss","weiblich","","","",""
"27","2005","Hauptschule","maennlich","","","",""
"27","2005","Hauptschule","weiblich","","","",""
"27","2005","Realschule","maennlich","","","",""
"27","2005","Realschule","weiblich","","","",""
"27","2005","(Fach-)Abitur","maennlich","","","",""
"27","2005","(Fach-)Abitur","weiblich","","","",""
"27","2005","AkademikerIn","maennlich","","","",""
"27","2005","AkademikerIn","weiblich","","","",""
"28","2005","(noch) kein Abschluss","maennlich","","","",""
"28","2005","(noch) kein Abschluss","weiblich","","","",""
"28","2005","Hauptschule","maennlich","","","",""
"28","2005","Hauptschule","weiblich","","","",""
"28","2005","Realschule","maennlich","","","",""
"28","2005","Realschule","weiblich","","","",""
"28","2005","(Fach-)Abitur","maennlich","","","",""
"28","2005","(Fach-)Abitur","weiblich","","","",""
"28","2005","AkademikerIn","maennlich","","","",""
"28","2005","AkademikerIn","weiblich","","","",""
"30","2005","(noch) kein Abschluss","maennlich","","","",""
"30","2005","(noch) kein Abschluss","weiblich","","","",""
"30","2005","Hauptschule","maennlich","","","",""
"30","2005","Hauptschule","weiblich","","","",""
"30","2005","Realschule","maennlich","","","",""
"30","2005","Realschule","weiblich","","","",""
"30","2005","(Fach-)Abitur","maennlich","","","",""
"30","2005","(Fach-)Abitur","weiblich","","","",""
"30","2005","AkademikerIn","maennlich","","","",""
"30","2005","AkademikerIn","weiblich","","","",""
"31","2005","(noch) kein Abschluss","maennlich","","","",""
"31","2005","(noch) kein Abschluss","weiblich","","","",""
"31","2005","Hauptschule","maennlich","","","",""
"31","2005","Hauptschule","weiblich","","","",""
"31","2005","Realschule","maennlich","","","",""
"31","2005","Realschule","weiblich","","","",""
"31","2005","(Fach-)Abitur","maennlich","","","",""
"31","2005","(Fach-)Abitur","weiblich","","","",""
"31","2005","AkademikerIn","maennlich","","","",""
"31","2005","AkademikerIn","weiblich","","","",""
"32","2005","(noch) kein Abschluss","maennlich","","","",""
"32","2005","(noch) kein Abschluss","weiblich","","","",""
"32","2005","Hauptschule","maennlich","","","",""
"32","2005","Hauptschule","weiblich","","","",""
"32","2005","Realschule","maennlich","","","",""
"32","2005","Realschule","weiblich","","","",""
"32","2005","(Fach-)Abitur","maennlich","","","",""
"32","2005","(Fach-)Abitur","weiblich","","","",""
"32","2005","AkademikerIn","maennlich","","","",""
"32","2005","AkademikerIn","weiblich","","","",""
"35","2005","(noch) kein Abschluss","maennlich","","","",""
"35","2005","(noch) kein Abschluss","weiblich","","","",""
"35","2005","Hauptschule","maennlich","","","",""
"35","2005","Hauptschule","weiblich","","","",""
"35","2005","Realschule","maennlich","","","",""
"35","2005","Realschule","weiblich","","","",""
"35","2005","(Fach-)Abitur","maennlich","","","",""
"35","2005","(Fach-)Abitur","weiblich","","","",""
"35","2005","AkademikerIn","maennlich","","","",""
"35","2005","AkademikerIn","weiblich","","","",""
"36","2005","(noch) kein Abschluss","maennlich","","","",""
"36","2005","(noch) kein Abschluss","weiblich","","","",""
"36","2005","Hauptschule","maennlich","","","",""
"36","2005","Hauptschule","weiblich","","","",""
"36","2005","Realschule","maennlich","","","",""
"36","2005","Realschule","weiblich","","","",""
"36","2005","(Fach-)Abitur","maennlich","","","",""
"36","2005","(Fach-)Abitur","weiblich","","","",""
"36","2005","AkademikerIn","maennlich","","","",""
"36","2005","AkademikerIn","weiblich","","","",""
"40","2005","(noch) kein Abschluss","maennlich","","","",""
"40","2005","(noch) kein Abschluss","weiblich","","","",""
"40","2005","Hauptschule","maennlich","","","",""
"40","2005","Hauptschule","weiblich","","","",""
"40","2005","Realschule","maennlich","","","",""
"40","2005","Realschule","weiblich","","","",""
"40","2005","(Fach-)Abitur","maennlich","","","",""
"40","2005","(Fach-)Abitur","weiblich","","","",""
"40","2005","AkademikerIn","maennlich","","","",""
"40","2005","AkademikerIn","weiblich","","","",""
"42","2005","(noch) kein Abschluss","maennlich","","","",""
"42","2005","(noch) kein Abschluss","weiblich","","","",""
"42","2005","Hauptschule","maennlich","","","",""
"42","2005","Hauptschule","weiblich","","","",""
"42","2005","Realschule","maennlich","","","",""
"42","2005","Realschule","weiblich","","","",""
"42","2005","(Fach-)Abitur","maennlich","","","",""
"42","2005","(Fach-)Abitur","weiblich","","","",""
"42","2005","AkademikerIn","maennlich","","","",""
"42","2005","AkademikerIn","weiblich","","","",""
"45","2005","(noch) kein Abschluss","maennlich","","","",""
"45","2005","(noch) kein Abschluss","weiblich","","","",""
"45","2005","Hauptschule","maennlich","","","",""
"45","2005","Hauptschule","weiblich","","","",""
"45","2005","Realschule","maennlich","","","",""
"45","2005","Realschule","weiblich","","","",""
"45","2005","(Fach-)Abitur","maennlich","","","",""
"45","2005","(Fach-)Abitur","weiblich","","","",""
"45","2005","AkademikerIn","maennlich","","","",""
"45","2005","AkademikerIn","weiblich","","","",""
"48","2005","(noch) kein Abschluss","maennlich","","","",""
"48","2005","(noch) kein Abschluss","weiblich","","","",""
"48","2005","Hauptschule","maennlich","","","",""
"48","2005","Hauptschule","weiblich","","","",""
"48","2005","Realschule","maennlich","","","",""
"48","2005","Realschule","weiblich","","","",""
"48","2005","(Fach-)Abitur","maennlich","","","",""
"48","2005","(Fach-)Abitur","weiblich","","","",""
"48","2005","AkademikerIn","maennlich","","","",""
"48","2005","AkademikerIn","weiblich","","","",""
"50","2005","(noch) kein Abschluss","maennlich","","","",""
"50","2005","(noch) kein Abschluss","weiblich","","","",""
"50","2005","Hauptschule","maennlich","","","",""
"50","2005","Hauptschule","weiblich","","","",""
"50","2005","Realschule","maennlich","","","",""
"50","2005","Realschule","weiblich","","","",""
"50","2005","(Fach-)Abitur","maennlich","","","",""
"50","2005","(Fach-)Abitur","weiblich","","","",""
"50","2005","AkademikerIn","maennlich","","","",""
"50","2005","AkademikerIn","weiblich","","","",""
"51","2005","(noch) kein Abschluss","maennlich","","","",""
"51","2005","(noch) kein Abschluss","weiblich","","","",""
"51","2005","Hauptschule","maennlich","","","",""
"51","2005","Hauptschule","weiblich","","","",""
"51","2005","Realschule","maennlich","","","",""
"51","2005","Realschule","weiblich","","","",""
"51","2005","(Fach-)Abitur","maennlich","","","",""
"51","2005","(Fach-)Abitur","weiblich","","","",""
"51","2005","AkademikerIn","maennlich","","","",""
"51","2005","AkademikerIn","weiblich","","","",""
"64","2005","(noch) kein Abschluss","maennlich","","","",""
"64","2005","(noch) kein Abschluss","weiblich","","","",""
"64","2005","Hauptschule","maennlich","","","",""
"64","2005","Hauptschule","weiblich","","","",""
"64","2005","Realschule","maennlich","","","",""
"64","2005","Realschule","weiblich","","","",""
"64","2005","(Fach-)Abitur","maennlich","","","",""
"64","2005","(Fach-)Abitur","weiblich","","","",""
"64","2005","AkademikerIn","maennlich","","","",""
"64","2005","AkademikerIn","weiblich","","","",""
"65","2005","(noch) kein Abschluss","maennlich","","","",""
"65","2005","(noch) kein Abschluss","weiblich","","","",""
"65","2005","Hauptschule","maennlich","","","",""
"65","2005","Hauptschule","weiblich","","","",""
"65","2005","Realschule","maennlich","","","",""
"65","2005","Realschule","weiblich","","","",""
"65","2005","(Fach-)Abitur","maennlich","","","",""
"65","2005","(Fach-)Abitur","weiblich","","","",""
"65","2005","AkademikerIn","maennlich","","","",""
"65","2005","AkademikerIn","weiblich","","","",""
"90","2005","(noch) kein Abschluss","maennlich","","","",""
"90","2005","(noch) kein Abschluss","weiblich","","","",""
"90","2005","Hauptschule","maennlich","","","",""
"90","2005","Hauptschule","weiblich","","","",""
"90","2005","Realschule","maennlich","","","",""
"90","2005","Realschule","weiblich","","","",""
"90","2005","(Fach-)Abitur","maennlich","","","",""
"90","2005","(Fach-)Abitur","weiblich","","","",""
"90","2005","AkademikerIn","maennlich","","","",""
"90","2005","AkademikerIn","weiblich","","","",""
"98","2005","(noch) kein Abschluss","maennlich","","","",""
"98","2005","(noch) kein Abschluss","weiblich","","","",""
"98","2005","Hauptschule","maennlich","","","",""
"98","2005","Hauptschule","weiblich","","","",""
"98","2005","Realschule","maennlich","","","",""
"98","2005","Realschule","weiblich","","","",""
"98","2005","(Fach-)Abitur","maennlich","","","",""
"98","2005","(Fach-)Abitur","weiblich","","","",""
"98","2005","AkademikerIn","maennlich","","","",""
"98","2005","AkademikerIn","weiblich","","","",""
"100","2005","(noch) kein Abschluss","maennlich","","","",""
"100","2005","(noch) kein Abschluss","weiblich","","","",""
"100","2005","Hauptschule","maennlich","","","",""
"100","2005","Hauptschule","weiblich","","","",""
"100","2005","Realschule","maennlich","","","",""
"100","2005","Realschule","weiblich","","","",""
"100","2005","(Fach-)Abitur","maennlich","","","",""
"100","2005","(Fach-)Abitur","weiblich","","","",""
"100","2005","AkademikerIn","maennlich","","","",""
"100","2005","AkademikerIn","weiblich","","","",""
"0","2006","(noch) kein Abschluss","maennlich","","","",""
"0","2006","(noch) kein Abschluss","weiblich","","","",""
"0","2006","Hauptschule","maennlich","","","",""
"0","2006","Hauptschule","weiblich","","","",""
"0","2006","Realschule","maennlich","","","",""
"0","2006","Realschule","weiblich","","","",""
"0","2006","(Fach-)Abitur","maennlich","","","",""
"0","2006","(Fach-)Abitur","weiblich","","","",""
"0","2006","AkademikerIn","maennlich","","","",""
"0","2006","AkademikerIn","weiblich","","","",""
"1","2006","(noch) kein Abschluss","maennlich","17","","",""
"1","2006","(noch) kein Abschluss","weiblich","29","","",""
"1","2006","Hauptschule","maennlich","349","0.7141701765374","0.674287962762218","0.754052390312582"
"1","2006","Hauptschule","weiblich","467","0.7425320294169","0.708280487644964","0.776783571188837"
"1","2006","Realschule","maennlich","153","","",""
"1","2006","Realschule","weiblich","300","0.840958034034187","0.803490891020222","0.878425177048153"
"1","2006","(Fach-)Abitur","maennlich","71","0.817067529021295","0.735828852263935","0.898306205778654"
"1","2006","(Fach-)Abitur","weiblich","121","","",""
"1","2006","AkademikerIn","maennlich","178","","",""
"1","2006","AkademikerIn","weiblich","176","","",""
"2","2006","(noch) kein Abschluss","maennlich","4","0.2098662400237","0.0469501156136302","0.372782364433769"
"2","2006","(noch) kein Abschluss","weiblich","2","","",""
"2","2006","Hauptschule","maennlich","91","0.171912171535671","0.138606657177938","0.205217685893404"
"2","2006","Hauptschule","weiblich","108","","",""
"2","2006","Realschule","maennlich","38","0.160094342023285","0.110733403816005","0.209455280230564"
"2","2006","Realschule","weiblich","48","0.114937826178114","0.0822620488479918","0.147613603508237"
"2","2006","(Fach-)Abitur","maennlich","11","","",""
"2","2006","(Fach-)Abitur","weiblich","36","0.20171660660743","0.140113351191215","0.263319862023645"
"2","2006","AkademikerIn","maennlich","60","0.24755215995095","0.194265391856765","0.300838928045134"
"2","2006","AkademikerIn","weiblich","31","0.129262598900428","0.084829554059081","0.173695643741775"
"3","2006","(noch) kein Abschluss","maennlich","2","","",""
"3","2006","(noch) kein Abschluss","weiblich","2","","",""
"3","2006","Hauptschule","maennlich","32","0.0708823867817501","0.0482292084260347","0.0935355651374654"
"3","2006","Hauptschule","weiblich","34","0.0494935767933259","0.0325028141610901","0.0664843394255617"
"3","2006","Realschule","maennlich","13","","",""
"3","2006","Realschule","weiblich","10","","",""
"3","2006","(Fach-)Abitur","maennlich","2","","",""
"3","2006","(Fach-)Abitur","weiblich","4","0.00815213584312586","-0.00565210487822301","0.0219563765644747"
"3","2006","AkademikerIn","maennlich","11","","",""
"3","2006","AkademikerIn","weiblich","6","0.0315863112818758","0.00842271703107627","0.0547499055326754"
"4","2006","(noch) kein Abschluss","maennlich","1","","",""
"4","2006","(noch) kein Abschluss","weiblich","","","",""
"4","2006","Hauptschule","maennlich","13","","",""
"4","2006","Hauptschule","weiblich","10","","",""
"4","2006","Realschule","maennlich","3","","",""
"4","2006","Realschule","weiblich","3","","",""
"4","2006","(Fach-)Abitur","maennlich","2","","",""
"4","2006","(Fach-)Abitur","weiblich","1","","",""
"4","2006","AkademikerIn","maennlich","1","","",""
"4","2006","AkademikerIn","weiblich","2","","",""
"5","2006","(noch) kein Abschluss","maennlich","","","",""
"5","2006","(noch) kein Abschluss","weiblich","","","",""
"5","2006","Hauptschule","maennlich","2","","",""
"5","2006","Hauptschule","weiblich","2","","",""
"5","2006","Realschule","maennlich","1","","",""
"5","2006","Realschule","weiblich","3","","",""
"5","2006","(Fach-)Abitur","maennlich","1","","",""
"5","2006","(Fach-)Abitur","weiblich","","","",""
"5","2006","AkademikerIn","maennlich","1","","",""
"5","2006","AkademikerIn","weiblich","2","","",""
"6","2006","(noch) kein Abschluss","maennlich","","","",""
"6","2006","(noch) kein Abschluss","weiblich","","","",""
"6","2006","Hauptschule","maennlich","1","","",""
"6","2006","Hauptschule","weiblich","","","",""
"6","2006","Realschule","maennlich","1","","",""
"6","2006","Realschule","weiblich","1","","",""
"6","2006","(Fach-)Abitur","maennlich","","","",""
"6","2006","(Fach-)Abitur","weiblich","","","",""
"6","2006","AkademikerIn","maennlich","","","",""
"6","2006","AkademikerIn","weiblich","1","","",""
"7","2006","(noch) kein Abschluss","maennlich","","","",""
"7","2006","(noch) kein Abschluss","weiblich","","","",""
"7","2006","Hauptschule","maennlich","2","","",""
"7","2006","Hauptschule","weiblich","2","","",""
"7","2006","Realschule","maennlich","1","","",""
"7","2006","Realschule","weiblich","1","","",""
"7","2006","(Fach-)Abitur","maennlich","","","",""
"7","2006","(Fach-)Abitur","weiblich","1","","",""
"7","2006","AkademikerIn","maennlich","1","","",""
"7","2006","AkademikerIn","weiblich","","","",""
"8","2006","(noch) kein Abschluss","maennlich","","","",""
"8","2006","(noch) kein Abschluss","weiblich","","","",""
"8","2006","Hauptschule","maennlich","","","",""
"8","2006","Hauptschule","weiblich","","","",""
"8","2006","Realschule","maennlich","","","",""
"8","2006","Realschule","weiblich","","","",""
"8","2006","(Fach-)Abitur","maennlich","","","",""
"8","2006","(Fach-)Abitur","weiblich","","","",""
"8","2006","AkademikerIn","maennlich","","","",""
"8","2006","AkademikerIn","weiblich","","","",""
"9","2006","(noch) kein Abschluss","maennlich","","","",""
"9","2006","(noch) kein Abschluss","weiblich","","","",""
"9","2006","Hauptschule","maennlich","","","",""
"9","2006","Hauptschule","weiblich","","","",""
"9","2006","Realschule","maennlich","","","",""
"9","2006","Realschule","weiblich","","","",""
"9","2006","(Fach-)Abitur","maennlich","","","",""
"9","2006","(Fach-)Abitur","weiblich","","","",""
"9","2006","AkademikerIn","maennlich","","","",""
"9","2006","AkademikerIn","weiblich","","","",""
"10","2006","(noch) kein Abschluss","maennlich","","","",""
"10","2006","(noch) kein Abschluss","weiblich","","","",""
"10","2006","Hauptschule","maennlich","","","",""
"10","2006","Hauptschule","weiblich","","","",""
"10","2006","Realschule","maennlich","","","",""
"10","2006","Realschule","weiblich","","","",""
"10","2006","(Fach-)Abitur","maennlich","","","",""
"10","2006","(Fach-)Abitur","weiblich","","","",""
"10","2006","AkademikerIn","maennlich","","","",""
"10","2006","AkademikerIn","weiblich","","","",""
"11","2006","(noch) kein Abschluss","maennlich","","","",""
"11","2006","(noch) kein Abschluss","weiblich","","","",""
"11","2006","Hauptschule","maennlich","","","",""
"11","2006","Hauptschule","weiblich","1","","",""
"11","2006","Realschule","maennlich","","","",""
"11","2006","Realschule","weiblich","","","",""
"11","2006","(Fach-)Abitur","maennlich","","","",""
"11","2006","(Fach-)Abitur","weiblich","","","",""
"11","2006","AkademikerIn","maennlich","","","",""
"11","2006","AkademikerIn","weiblich","","","",""
"12","2006","(noch) kein Abschluss","maennlich","","","",""
"12","2006","(noch) kein Abschluss","weiblich","","","",""
"12","2006","Hauptschule","maennlich","2","","",""
"12","2006","Hauptschule","weiblich","","","",""
"12","2006","Realschule","maennlich","","","",""
"12","2006","Realschule","weiblich","","","",""
"12","2006","(Fach-)Abitur","maennlich","","","",""
"12","2006","(Fach-)Abitur","weiblich","","","",""
"12","2006","AkademikerIn","maennlich","","","",""
"12","2006","AkademikerIn","weiblich","1","","",""
"13","2006","(noch) kein Abschluss","maennlich","","","",""
"13","2006","(noch) kein Abschluss","weiblich","","","",""
"13","2006","Hauptschule","maennlich","","","",""
"13","2006","Hauptschule","weiblich","","","",""
"13","2006","Realschule","maennlich","","","",""
"13","2006","Realschule","weiblich","","","",""
"13","2006","(Fach-)Abitur","maennlich","","","",""
"13","2006","(Fach-)Abitur","weiblich","","","",""
"13","2006","AkademikerIn","maennlich","","","",""
"13","2006","AkademikerIn","weiblich","","","",""
"14","2006","(noch) kein Abschluss","maennlich","","","",""
"14","2006","(noch) kein Abschluss","weiblich","","","",""
"14","2006","Hauptschule","maennlich","","","",""
"14","2006","Hauptschule","weiblich","","","",""
"14","2006","Realschule","maennlich","","","",""
"14","2006","Realschule","weiblich","","","",""
"14","2006","(Fach-)Abitur","maennlich","","","",""
"14","2006","(Fach-)Abitur","weiblich","","","",""
"14","2006","AkademikerIn","maennlich","","","",""
"14","2006","AkademikerIn","weiblich","","","",""
"15","2006","(noch) kein Abschluss","maennlich","","","",""
"15","2006","(noch) kein Abschluss","weiblich","","","",""
"15","2006","Hauptschule","maennlich","","","",""
"15","2006","Hauptschule","weiblich","","","",""
"15","2006","Realschule","maennlich","2","","",""
"15","2006","Realschule","weiblich","","","",""
"15","2006","(Fach-)Abitur","maennlich","","","",""
"15","2006","(Fach-)Abitur","weiblich","","","",""
"15","2006","AkademikerIn","maennlich","","","",""
"15","2006","AkademikerIn","weiblich","","","",""
"16","2006","(noch) kein Abschluss","maennlich","","","",""
"16","2006","(noch) kein Abschluss","weiblich","","","",""
"16","2006","Hauptschule","maennlich","","","",""
"16","2006","Hauptschule","weiblich","","","",""
"16","2006","Realschule","maennlich","","","",""
"16","2006","Realschule","weiblich","","","",""
"16","2006","(Fach-)Abitur","maennlich","","","",""
"16","2006","(Fach-)Abitur","weiblich","","","",""
"16","2006","AkademikerIn","maennlich","","","",""
"16","2006","AkademikerIn","weiblich","","","",""
"17","2006","(noch) kein Abschluss","maennlich","","","",""
"17","2006","(noch) kein Abschluss","weiblich","","","",""
"17","2006","Hauptschule","maennlich","","","",""
"17","2006","Hauptschule","weiblich","","","",""
"17","2006","Realschule","maennlich","","","",""
"17","2006","Realschule","weiblich","","","",""
"17","2006","(Fach-)Abitur","maennlich","","","",""
"17","2006","(Fach-)Abitur","weiblich","","","",""
"17","2006","AkademikerIn","maennlich","","","",""
"17","2006","AkademikerIn","weiblich","","","",""
"18","2006","(noch) kein Abschluss","maennlich","","","",""
"18","2006","(noch) kein Abschluss","weiblich","","","",""
"18","2006","Hauptschule","maennlich","","","",""
"18","2006","Hauptschule","weiblich","","","",""
"18","2006","Realschule","maennlich","","","",""
"18","2006","Realschule","weiblich","","","",""
"18","2006","(Fach-)Abitur","maennlich","","","",""
"18","2006","(Fach-)Abitur","weiblich","","","",""
"18","2006","AkademikerIn","maennlich","","","",""
"18","2006","AkademikerIn","weiblich","","","",""
"19","2006","(noch) kein Abschluss","maennlich","","","",""
"19","2006","(noch) kein Abschluss","weiblich","","","",""
"19","2006","Hauptschule","maennlich","","","",""
"19","2006","Hauptschule","weiblich","1","","",""
"19","2006","Realschule","maennlich","","","",""
"19","2006","Realschule","weiblich","","","",""
"19","2006","(Fach-)Abitur","maennlich","","","",""
"19","2006","(Fach-)Abitur","weiblich","","","",""
"19","2006","AkademikerIn","maennlich","","","",""
"19","2006","AkademikerIn","weiblich","","","",""
"20","2006","(noch) kein Abschluss","maennlich","","","",""
"20","2006","(noch) kein Abschluss","weiblich","","","",""
"20","2006","Hauptschule","maennlich","","","",""
"20","2006","Hauptschule","weiblich","1","","",""
"20","2006","Realschule","maennlich","","","",""
"20","2006","Realschule","weiblich","","","",""
"20","2006","(Fach-)Abitur","maennlich","","","",""
"20","2006","(Fach-)Abitur","weiblich","","","",""
"20","2006","AkademikerIn","maennlich","","","",""
"20","2006","AkademikerIn","weiblich","","","",""
"21","2006","(noch) kein Abschluss","maennlich","","","",""
"21","2006","(noch) kein Abschluss","weiblich","","","",""
"21","2006","Hauptschule","maennlich","","","",""
"21","2006","Hauptschule","weiblich","","","",""
"21","2006","Realschule","maennlich","","","",""
"21","2006","Realschule","weiblich","","","",""
"21","2006","(Fach-)Abitur","maennlich","","","",""
"21","2006","(Fach-)Abitur","weiblich","","","",""
"21","2006","AkademikerIn","maennlich","","","",""
"21","2006","AkademikerIn","weiblich","","","",""
"22","2006","(noch) kein Abschluss","maennlich","","","",""
"22","2006","(noch) kein Abschluss","weiblich","","","",""
"22","2006","Hauptschule","maennlich","","","",""
"22","2006","Hauptschule","weiblich","","","",""
"22","2006","Realschule","maennlich","","","",""
"22","2006","Realschule","weiblich","","","",""
"22","2006","(Fach-)Abitur","maennlich","","","",""
"22","2006","(Fach-)Abitur","weiblich","","","",""
"22","2006","AkademikerIn","maennlich","","","",""
"22","2006","AkademikerIn","weiblich","","","",""
"23","2006","(noch) kein Abschluss","maennlich","","","",""
"23","2006","(noch) kein Abschluss","weiblich","","","",""
"23","2006","Hauptschule","maennlich","","","",""
"23","2006","Hauptschule","weiblich","","","",""
"23","2006","Realschule","maennlich","","","",""
"23","2006","Realschule","weiblich","","","",""
"23","2006","(Fach-)Abitur","maennlich","","","",""
"23","2006","(Fach-)Abitur","weiblich","","","",""
"23","2006","AkademikerIn","maennlich","","","",""
"23","2006","AkademikerIn","weiblich","","","",""
"24","2006","(noch) kein Abschluss","maennlich","","","",""
"24","2006","(noch) kein Abschluss","weiblich","","","",""
"24","2006","Hauptschule","maennlich","","","",""
"24","2006","Hauptschule","weiblich","","","",""
"24","2006","Realschule","maennlich","","","",""
"24","2006","Realschule","weiblich","","","",""
"24","2006","(Fach-)Abitur","maennlich","","","",""
"24","2006","(Fach-)Abitur","weiblich","","","",""
"24","2006","AkademikerIn","maennlich","","","",""
"24","2006","AkademikerIn","weiblich","","","",""
"25","2006","(noch) kein Abschluss","maennlich","","","",""
"25","2006","(noch) kein Abschluss","weiblich","","","",""
"25","2006","Hauptschule","maennlich","","","",""
"25","2006","Hauptschule","weiblich","","","",""
"25","2006","Realschule","maennlich","","","",""
"25","2006","Realschule","weiblich","","","",""
"25","2006","(Fach-)Abitur","maennlich","","","",""
"25","2006","(Fach-)Abitur","weiblich","","","",""
"25","2006","AkademikerIn","maennlich","","","",""
"25","2006","AkademikerIn","weiblich","","","",""
"26","2006","(noch) kein Abschluss","maennlich","","","",""
"26","2006","(noch) kein Abschluss","weiblich","","","",""
"26","2006","Hauptschule","maennlich","","","",""
"26","2006","Hauptschule","weiblich","","","",""
"26","2006","Realschule","maennlich","","","",""
"26","2006","Realschule","weiblich","","","",""
"26","2006","(Fach-)Abitur","maennlich","","","",""
"26","2006","(Fach-)Abitur","weiblich","","","",""
"26","2006","AkademikerIn","maennlich","","","",""
"26","2006","AkademikerIn","weiblich","","","",""
"27","2006","(noch) kein Abschluss","maennlich","","","",""
"27","2006","(noch) kein Abschluss","weiblich","","","",""
"27","2006","Hauptschule","maennlich","","","",""
"27","2006","Hauptschule","weiblich","","","",""
"27","2006","Realschule","maennlich","","","",""
"27","2006","Realschule","weiblich","","","",""
"27","2006","(Fach-)Abitur","maennlich","","","",""
"27","2006","(Fach-)Abitur","weiblich","","","",""
"27","2006","AkademikerIn","maennlich","","","",""
"27","2006","AkademikerIn","weiblich","","","",""
"28","2006","(noch) kein Abschluss","maennlich","","","",""
"28","2006","(noch) kein Abschluss","weiblich","","","",""
"28","2006","Hauptschule","maennlich","","","",""
"28","2006","Hauptschule","weiblich","","","",""
"28","2006","Realschule","maennlich","","","",""
"28","2006","Realschule","weiblich","","","",""
"28","2006","(Fach-)Abitur","maennlich","","","",""
"28","2006","(Fach-)Abitur","weiblich","","","",""
"28","2006","AkademikerIn","maennlich","","","",""
"28","2006","AkademikerIn","weiblich","","","",""
"30","2006","(noch) kein Abschluss","maennlich","","","",""
"30","2006","(noch) kein Abschluss","weiblich","","","",""
"30","2006","Hauptschule","maennlich","1","","",""
"30","2006","Hauptschule","weiblich","","","",""
"30","2006","Realschule","maennlich","","","",""
"30","2006","Realschule","weiblich","","","",""
"30","2006","(Fach-)Abitur","maennlich","","","",""
"30","2006","(Fach-)Abitur","weiblich","","","",""
"30","2006","AkademikerIn","maennlich","","","",""
"30","2006","AkademikerIn","weiblich","","","",""
"31","2006","(noch) kein Abschluss","maennlich","","","",""
"31","2006","(noch) kein Abschluss","weiblich","","","",""
"31","2006","Hauptschule","maennlich","","","",""
"31","2006","Hauptschule","weiblich","","","",""
"31","2006","Realschule","maennlich","","","",""
"31","2006","Realschule","weiblich","","","",""
"31","2006","(Fach-)Abitur","maennlich","","","",""
"31","2006","(Fach-)Abitur","weiblich","","","",""
"31","2006","AkademikerIn","maennlich","","","",""
"31","2006","AkademikerIn","weiblich","","","",""
"32","2006","(noch) kein Abschluss","maennlich","","","",""
"32","2006","(noch) kein Abschluss","weiblich","","","",""
"32","2006","Hauptschule","maennlich","","","",""
"32","2006","Hauptschule","weiblich","","","",""
"32","2006","Realschule","maennlich","","","",""
"32","2006","Realschule","weiblich","","","",""
"32","2006","(Fach-)Abitur","maennlich","","","",""
"32","2006","(Fach-)Abitur","weiblich","","","",""
"32","2006","AkademikerIn","maennlich","","","",""
"32","2006","AkademikerIn","weiblich","","","",""
"35","2006","(noch) kein Abschluss","maennlich","","","",""
"35","2006","(noch) kein Abschluss","weiblich","","","",""
"35","2006","Hauptschule","maennlich","","","",""
"35","2006","Hauptschule","weiblich","","","",""
"35","2006","Realschule","maennlich","","","",""
"35","2006","Realschule","weiblich","","","",""
"35","2006","(Fach-)Abitur","maennlich","","","",""
"35","2006","(Fach-)Abitur","weiblich","","","",""
"35","2006","AkademikerIn","maennlich","","","",""
"35","2006","AkademikerIn","weiblich","","","",""
"36","2006","(noch) kein Abschluss","maennlich","","","",""
"36","2006","(noch) kein Abschluss","weiblich","","","",""
"36","2006","Hauptschule","maennlich","","","",""
"36","2006","Hauptschule","weiblich","","","",""
"36","2006","Realschule","maennlich","","","",""
"36","2006","Realschule","weiblich","","","",""
"36","2006","(Fach-)Abitur","maennlich","","","",""
"36","2006","(Fach-)Abitur","weiblich","","","",""
"36","2006","AkademikerIn","maennlich","","","",""
"36","2006","AkademikerIn","weiblich","","","",""
"40","2006","(noch) kein Abschluss","maennlich","","","",""
"40","2006","(noch) kein Abschluss","weiblich","","","",""
"40","2006","Hauptschule","maennlich","","","",""
"40","2006","Hauptschule","weiblich","","","",""
"40","2006","Realschule","maennlich","","","",""
"40","2006","Realschule","weiblich","","","",""
"40","2006","(Fach-)Abitur","maennlich","","","",""
"40","2006","(Fach-)Abitur","weiblich","","","",""
"40","2006","AkademikerIn","maennlich","","","",""
"40","2006","AkademikerIn","weiblich","","","",""
"42","2006","(noch) kein Abschluss","maennlich","","","",""
"42","2006","(noch) kein Abschluss","weiblich","","","",""
"42","2006","Hauptschule","maennlich","","","",""
"42","2006","Hauptschule","weiblich","","","",""
"42","2006","Realschule","maennlich","","","",""
"42","2006","Realschule","weiblich","","","",""
"42","2006","(Fach-)Abitur","maennlich","","","",""
"42","2006","(Fach-)Abitur","weiblich","","","",""
"42","2006","AkademikerIn","maennlich","","","",""
"42","2006","AkademikerIn","weiblich","","","",""
"45","2006","(noch) kein Abschluss","maennlich","","","",""
"45","2006","(noch) kein Abschluss","weiblich","","","",""
"45","2006","Hauptschule","maennlich","","","",""
"45","2006","Hauptschule","weiblich","","","",""
"45","2006","Realschule","maennlich","","","",""
"45","2006","Realschule","weiblich","","","",""
"45","2006","(Fach-)Abitur","maennlich","","","",""
"45","2006","(Fach-)Abitur","weiblich","","","",""
"45","2006","AkademikerIn","maennlich","","","",""
"45","2006","AkademikerIn","weiblich","","","",""
"48","2006","(noch) kein Abschluss","maennlich","","","",""
"48","2006","(noch) kein Abschluss","weiblich","","","",""
"48","2006","Hauptschule","maennlich","","","",""
"48","2006","Hauptschule","weiblich","","","",""
"48","2006","Realschule","maennlich","","","",""
"48","2006","Realschule","weiblich","","","",""
"48","2006","(Fach-)Abitur","maennlich","","","",""
"48","2006","(Fach-)Abitur","weiblich","","","",""
"48","2006","AkademikerIn","maennlich","","","",""
"48","2006","AkademikerIn","weiblich","","","",""
"50","2006","(noch) kein Abschluss","maennlich","","","",""
"50","2006","(noch) kein Abschluss","weiblich","","","",""
"50","2006","Hauptschule","maennlich","","","",""
"50","2006","Hauptschule","weiblich","","","",""
"50","2006","Realschule","maennlich","","","",""
"50","2006","Realschule","weiblich","","","",""
"50","2006","(Fach-)Abitur","maennlich","","","",""
"50","2006","(Fach-)Abitur","weiblich","","","",""
"50","2006","AkademikerIn","maennlich","","","",""
"50","2006","AkademikerIn","weiblich","","","",""
"51","2006","(noch) kein Abschluss","maennlich","","","",""
"51","2006","(noch) kein Abschluss","weiblich","","","",""
"51","2006","Hauptschule","maennlich","","","",""
"51","2006","Hauptschule","weiblich","","","",""
"51","2006","Realschule","maennlich","","","",""
"51","2006","Realschule","weiblich","","","",""
"51","2006","(Fach-)Abitur","maennlich","","","",""
"51","2006","(Fach-)Abitur","weiblich","","","",""
"51","2006","AkademikerIn","maennlich","","","",""
"51","2006","AkademikerIn","weiblich","","","",""
"64","2006","(noch) kein Abschluss","maennlich","","","",""
"64","2006","(noch) kein Abschluss","weiblich","","","",""
"64","2006","Hauptschule","maennlich","","","",""
"64","2006","Hauptschule","weiblich","","","",""
"64","2006","Realschule","maennlich","","","",""
"64","2006","Realschule","weiblich","","","",""
"64","2006","(Fach-)Abitur","maennlich","","","",""
"64","2006","(Fach-)Abitur","weiblich","","","",""
"64","2006","AkademikerIn","maennlich","","","",""
"64","2006","AkademikerIn","weiblich","","","",""
"65","2006","(noch) kein Abschluss","maennlich","","","",""
"65","2006","(noch) kein Abschluss","weiblich","","","",""
"65","2006","Hauptschule","maennlich","","","",""
"65","2006","Hauptschule","weiblich","","","",""
"65","2006","Realschule","maennlich","","","",""
"65","2006","Realschule","weiblich","","","",""
"65","2006","(Fach-)Abitur","maennlich","","","",""
"65","2006","(Fach-)Abitur","weiblich","","","",""
"65","2006","AkademikerIn","maennlich","","","",""
"65","2006","AkademikerIn","weiblich","","","",""
"90","2006","(noch) kein Abschluss","maennlich","","","",""
"90","2006","(noch) kein Abschluss","weiblich","","","",""
"90","2006","Hauptschule","maennlich","","","",""
"90","2006","Hauptschule","weiblich","","","",""
"90","2006","Realschule","maennlich","","","",""
"90","2006","Realschule","weiblich","","","",""
"90","2006","(Fach-)Abitur","maennlich","","","",""
"90","2006","(Fach-)Abitur","weiblich","","","",""
"90","2006","AkademikerIn","maennlich","","","",""
"90","2006","AkademikerIn","weiblich","","","",""
"98","2006","(noch) kein Abschluss","maennlich","","","",""
"98","2006","(noch) kein Abschluss","weiblich","","","",""
"98","2006","Hauptschule","maennlich","","","",""
"98","2006","Hauptschule","weiblich","","","",""
"98","2006","Realschule","maennlich","","","",""
"98","2006","Realschule","weiblich","","","",""
"98","2006","(Fach-)Abitur","maennlich","","","",""
"98","2006","(Fach-)Abitur","weiblich","","","",""
"98","2006","AkademikerIn","maennlich","","","",""
"98","2006","AkademikerIn","weiblich","","","",""
"100","2006","(noch) kein Abschluss","maennlich","","","",""
"100","2006","(noch) kein Abschluss","weiblich","","","",""
"100","2006","Hauptschule","maennlich","","","",""
"100","2006","Hauptschule","weiblich","","","",""
"100","2006","Realschule","maennlich","","","",""
"100","2006","Realschule","weiblich","","","",""
"100","2006","(Fach-)Abitur","maennlich","","","",""
"100","2006","(Fach-)Abitur","weiblich","","","",""
"100","2006","AkademikerIn","maennlich","","","",""
"100","2006","AkademikerIn","weiblich","","","",""
"0","2007","(noch) kein Abschluss","maennlich","","","",""
"0","2007","(noch) kein Abschluss","weiblich","","","",""
"0","2007","Hauptschule","maennlich","","","",""
"0","2007","Hauptschule","weiblich","","","",""
"0","2007","Realschule","maennlich","","","",""
"0","2007","Realschule","weiblich","","","",""
"0","2007","(Fach-)Abitur","maennlich","","","",""
"0","2007","(Fach-)Abitur","weiblich","","","",""
"0","2007","AkademikerIn","maennlich","","","",""
"0","2007","AkademikerIn","weiblich","","","",""
"1","2007","(noch) kein Abschluss","maennlich","16","","",""
"1","2007","(noch) kein Abschluss","weiblich","28","","",""
"1","2007","Hauptschule","maennlich","300","0.605937059890217","0.561475401756968","0.650398718023467"
"1","2007","Hauptschule","weiblich","411","0.74000797872167","0.703935819895057","0.776080137548283"
"1","2007","Realschule","maennlich","150","","",""
"1","2007","Realschule","weiblich","278","","",""
"1","2007","(Fach-)Abitur","maennlich","67","0.74268669816653","0.650295030318804","0.835078366014257"
"1","2007","(Fach-)Abitur","weiblich","103","","",""
"1","2007","AkademikerIn","maennlich","218","","",""
"1","2007","AkademikerIn","weiblich","185","","",""
"2","2007","(noch) kein Abschluss","maennlich","2","","",""
"2","2007","(noch) kein Abschluss","weiblich","3","","",""
"2","2007","Hauptschule","maennlich","115","","",""
"2","2007","Hauptschule","weiblich","110","","",""
"2","2007","Realschule","maennlich","36","0.188774881093594","0.134942589265551","0.242607172921636"
"2","2007","Realschule","weiblich","56","0.135374582010008","0.0999843483201923","0.170764815699823"
"2","2007","(Fach-)Abitur","maennlich","12","","",""
"2","2007","(Fach-)Abitur","weiblich","26","","",""
"2","2007","AkademikerIn","maennlich","37","0.139890618629897","0.0991153500132864","0.180665887246509"
"2","2007","AkademikerIn","weiblich","24","","",""
"3","2007","(noch) kein Abschluss","maennlich","","","",""
"3","2007","(noch) kein Abschluss","weiblich","1","","",""
"3","2007","Hauptschule","maennlich","29","","",""
"3","2007","Hauptschule","weiblich","26","","",""
"3","2007","Realschule","maennlich","8","0.0373041526364316","0.0112352223294516","0.0633730829434117"
"3","2007","Realschule","weiblich","16","","",""
"3","2007","(Fach-)Abitur","maennlich","4","0.0686816517606923","0.0152291162623164","0.122134187259068"
"3","2007","(Fach-)Abitur","weiblich","7","0.0596666153768706","0.0201467754482312","0.0991864553055101"
"3","2007","AkademikerIn","maennlich","19","","",""
"3","2007","AkademikerIn","weiblich","12","","",""
"4","2007","(noch) kein Abschluss","maennlich","","","",""
"4","2007","(noch) kein Abschluss","weiblich","","","",""
"4","2007","Hauptschule","maennlich","7","0.0188803338783612","0.00649650545443908","0.0312641623022833"
"4","2007","Hauptschule","weiblich","13","","",""
"4","2007","Realschule","maennlich","3","","",""
"4","2007","Realschule","weiblich","8","0.0154703343534871","0.00270403217086347","0.0282366365361108"
"4","2007","(Fach-)Abitur","maennlich","3","","",""
"4","2007","(Fach-)Abitur","weiblich","1","","",""
"4","2007","AkademikerIn","maennlich","2","","",""
"4","2007","AkademikerIn","weiblich","1","","",""
"5","2007","(noch) kein Abschluss","maennlich","","","",""
"5","2007","(noch) kein Abschluss","weiblich","","","",""
"5","2007","Hauptschule","maennlich","6","0.0211768152616824","0.00807680763267514","0.0342768228906896"
"5","2007","Hauptschule","weiblich","3","","",""
"5","2007","Realschule","maennlich","4","0.0307919686128677","0.00702754409105425","0.0545563931346812"
"5","2007","Realschule","weiblich","1","","",""
"5","2007","(Fach-)Abitur","maennlich","","","",""
"5","2007","(Fach-)Abitur","weiblich","","","",""
"5","2007","AkademikerIn","maennlich","2","","",""
"5","2007","AkademikerIn","weiblich","1","","",""
"6","2007","(noch) kein Abschluss","maennlich","","","",""
"6","2007","(noch) kein Abschluss","weiblich","","","",""
"6","2007","Hauptschule","maennlich","1","","",""
"6","2007","Hauptschule","weiblich","","","",""
"6","2007","Realschule","maennlich","1","","",""
"6","2007","Realschule","weiblich","","","",""
"6","2007","(Fach-)Abitur","maennlich","","","",""
"6","2007","(Fach-)Abitur","weiblich","1","","",""
"6","2007","AkademikerIn","maennlich","","","",""
"6","2007","AkademikerIn","weiblich","","","",""
"7","2007","(noch) kein Abschluss","maennlich","","","",""
"7","2007","(noch) kein Abschluss","weiblich","","","",""
"7","2007","Hauptschule","maennlich","1","","",""
"7","2007","Hauptschule","weiblich","2","","",""
"7","2007","Realschule","maennlich","","","",""
"7","2007","Realschule","weiblich","","","",""
"7","2007","(Fach-)Abitur","maennlich","","","",""
"7","2007","(Fach-)Abitur","weiblich","","","",""
"7","2007","AkademikerIn","maennlich","","","",""
"7","2007","AkademikerIn","weiblich","","","",""
"8","2007","(noch) kein Abschluss","maennlich","","","",""
"8","2007","(noch) kein Abschluss","weiblich","","","",""
"8","2007","Hauptschule","maennlich","1","","",""
"8","2007","Hauptschule","weiblich","","","",""
"8","2007","Realschule","maennlich","","","",""
"8","2007","Realschule","weiblich","","","",""
"8","2007","(Fach-)Abitur","maennlich","","","",""
"8","2007","(Fach-)Abitur","weiblich","","","",""
"8","2007","AkademikerIn","maennlich","","","",""
"8","2007","AkademikerIn","weiblich","","","",""
"9","2007","(noch) kein Abschluss","maennlich","","","",""
"9","2007","(noch) kein Abschluss","weiblich","","","",""
"9","2007","Hauptschule","maennlich","1","","",""
"9","2007","Hauptschule","weiblich","1","","",""
"9","2007","Realschule","maennlich","","","",""
"9","2007","Realschule","weiblich","","","",""
"9","2007","(Fach-)Abitur","maennlich","","","",""
"9","2007","(Fach-)Abitur","weiblich","","","",""
"9","2007","AkademikerIn","maennlich","","","",""
"9","2007","AkademikerIn","weiblich","","","",""
"10","2007","(noch) kein Abschluss","maennlich","","","",""
"10","2007","(noch) kein Abschluss","weiblich","","","",""
"10","2007","Hauptschule","maennlich","","","",""
"10","2007","Hauptschule","weiblich","","","",""
"10","2007","Realschule","maennlich","","","",""
"10","2007","Realschule","weiblich","","","",""
"10","2007","(Fach-)Abitur","maennlich","","","",""
"10","2007","(Fach-)Abitur","weiblich","","","",""
"10","2007","AkademikerIn","maennlich","","","",""
"10","2007","AkademikerIn","weiblich","1","","",""
"11","2007","(noch) kein Abschluss","maennlich","","","",""
"11","2007","(noch) kein Abschluss","weiblich","","","",""
"11","2007","Hauptschule","maennlich","","","",""
"11","2007","Hauptschule","weiblich","1","","",""
"11","2007","Realschule","maennlich","","","",""
"11","2007","Realschule","weiblich","","","",""
"11","2007","(Fach-)Abitur","maennlich","","","",""
"11","2007","(Fach-)Abitur","weiblich","","","",""
"11","2007","AkademikerIn","maennlich","","","",""
"11","2007","AkademikerIn","weiblich","","","",""
"12","2007","(noch) kein Abschluss","maennlich","1","","",""
"12","2007","(noch) kein Abschluss","weiblich","","","",""
"12","2007","Hauptschule","maennlich","1","","",""
"12","2007","Hauptschule","weiblich","","","",""
"12","2007","Realschule","maennlich","","","",""
"12","2007","Realschule","weiblich","","","",""
"12","2007","(Fach-)Abitur","maennlich","","","",""
"12","2007","(Fach-)Abitur","weiblich","","","",""
"12","2007","AkademikerIn","maennlich","","","",""
"12","2007","AkademikerIn","weiblich","1","","",""
"13","2007","(noch) kein Abschluss","maennlich","","","",""
"13","2007","(noch) kein Abschluss","weiblich","","","",""
"13","2007","Hauptschule","maennlich","","","",""
"13","2007","Hauptschule","weiblich","","","",""
"13","2007","Realschule","maennlich","","","",""
"13","2007","Realschule","weiblich","","","",""
"13","2007","(Fach-)Abitur","maennlich","","","",""
"13","2007","(Fach-)Abitur","weiblich","","","",""
"13","2007","AkademikerIn","maennlich","","","",""
"13","2007","AkademikerIn","weiblich","","","",""
"14","2007","(noch) kein Abschluss","maennlich","","","",""
"14","2007","(noch) kein Abschluss","weiblich","","","",""
"14","2007","Hauptschule","maennlich","1","","",""
"14","2007","Hauptschule","weiblich","","","",""
"14","2007","Realschule","maennlich","","","",""
"14","2007","Realschule","weiblich","","","",""
"14","2007","(Fach-)Abitur","maennlich","","","",""
"14","2007","(Fach-)Abitur","weiblich","","","",""
"14","2007","AkademikerIn","maennlich","","","",""
"14","2007","AkademikerIn","weiblich","","","",""
"15","2007","(noch) kein Abschluss","maennlich","","","",""
"15","2007","(noch) kein Abschluss","weiblich","","","",""
"15","2007","Hauptschule","maennlich","","","",""
"15","2007","Hauptschule","weiblich","","","",""
"15","2007","Realschule","maennlich","","","",""
"15","2007","Realschule","weiblich","","","",""
"15","2007","(Fach-)Abitur","maennlich","","","",""
"15","2007","(Fach-)Abitur","weiblich","","","",""
"15","2007","AkademikerIn","maennlich","","","",""
"15","2007","AkademikerIn","weiblich","","","",""
"16","2007","(noch) kein Abschluss","maennlich","","","",""
"16","2007","(noch) kein Abschluss","weiblich","","","",""
"16","2007","Hauptschule","maennlich","","","",""
"16","2007","Hauptschule","weiblich","","","",""
"16","2007","Realschule","maennlich","1","","",""
"16","2007","Realschule","weiblich","","","",""
"16","2007","(Fach-)Abitur","maennlich","","","",""
"16","2007","(Fach-)Abitur","weiblich","","","",""
"16","2007","AkademikerIn","maennlich","","","",""
"16","2007","AkademikerIn","weiblich","","","",""
"17","2007","(noch) kein Abschluss","maennlich","","","",""
"17","2007","(noch) kein Abschluss","weiblich","","","",""
"17","2007","Hauptschule","maennlich","","","",""
"17","2007","Hauptschule","weiblich","","","",""
"17","2007","Realschule","maennlich","","","",""
"17","2007","Realschule","weiblich","","","",""
"17","2007","(Fach-)Abitur","maennlich","","","",""
"17","2007","(Fach-)Abitur","weiblich","","","",""
"17","2007","AkademikerIn","maennlich","","","",""
"17","2007","AkademikerIn","weiblich","","","",""
"18","2007","(noch) kein Abschluss","maennlich","","","",""
"18","2007","(noch) kein Abschluss","weiblich","","","",""
"18","2007","Hauptschule","maennlich","","","",""
"18","2007","Hauptschule","weiblich","1","","",""
"18","2007","Realschule","maennlich","","","",""
"18","2007","Realschule","weiblich","","","",""
"18","2007","(Fach-)Abitur","maennlich","","","",""
"18","2007","(Fach-)Abitur","weiblich","","","",""
"18","2007","AkademikerIn","maennlich","","","",""
"18","2007","AkademikerIn","weiblich","","","",""
"19","2007","(noch) kein Abschluss","maennlich","","","",""
"19","2007","(noch) kein Abschluss","weiblich","","","",""
"19","2007","Hauptschule","maennlich","","","",""
"19","2007","Hauptschule","weiblich","","","",""
"19","2007","Realschule","maennlich","","","",""
"19","2007","Realschule","weiblich","","","",""
"19","2007","(Fach-)Abitur","maennlich","","","",""
"19","2007","(Fach-)Abitur","weiblich","","","",""
"19","2007","AkademikerIn","maennlich","","","",""
"19","2007","AkademikerIn","weiblich","","","",""
"20","2007","(noch) kein Abschluss","maennlich","","","",""
"20","2007","(noch) kein Abschluss","weiblich","","","",""
"20","2007","Hauptschule","maennlich","","","",""
"20","2007","Hauptschule","weiblich","","","",""
"20","2007","Realschule","maennlich","","","",""
"20","2007","Realschule","weiblich","","","",""
"20","2007","(Fach-)Abitur","maennlich","","","",""
"20","2007","(Fach-)Abitur","weiblich","","","",""
"20","2007","AkademikerIn","maennlich","","","",""
"20","2007","AkademikerIn","weiblich","","","",""
"21","2007","(noch) kein Abschluss","maennlich","","","",""
"21","2007","(noch) kein Abschluss","weiblich","","","",""
"21","2007","Hauptschule","maennlich","","","",""
"21","2007","Hauptschule","weiblich","","","",""
"21","2007","Realschule","maennlich","","","",""
"21","2007","Realschule","weiblich","","","",""
"21","2007","(Fach-)Abitur","maennlich","","","",""
"21","2007","(Fach-)Abitur","weiblich","","","",""
"21","2007","AkademikerIn","maennlich","","","",""
"21","2007","AkademikerIn","weiblich","","","",""
"22","2007","(noch) kein Abschluss","maennlich","","","",""
"22","2007","(noch) kein Abschluss","weiblich","","","",""
"22","2007","Hauptschule","maennlich","","","",""
"22","2007","Hauptschule","weiblich","","","",""
"22","2007","Realschule","maennlich","","","",""
"22","2007","Realschule","weiblich","","","",""
"22","2007","(Fach-)Abitur","maennlich","","","",""
"22","2007","(Fach-)Abitur","weiblich","","","",""
"22","2007","AkademikerIn","maennlich","","","",""
"22","2007","AkademikerIn","weiblich","","","",""
"23","2007","(noch) kein Abschluss","maennlich","","","",""
"23","2007","(noch) kein Abschluss","weiblich","","","",""
"23","2007","Hauptschule","maennlich","1","","",""
"23","2007","Hauptschule","weiblich","","","",""
"23","2007","Realschule","maennlich","","","",""
"23","2007","Realschule","weiblich","","","",""
"23","2007","(Fach-)Abitur","maennlich","","","",""
"23","2007","(Fach-)Abitur","weiblich","","","",""
"23","2007","AkademikerIn","maennlich","","","",""
"23","2007","AkademikerIn","weiblich","","","",""
"24","2007","(noch) kein Abschluss","maennlich","","","",""
"24","2007","(noch) kein Abschluss","weiblich","","","",""
"24","2007","Hauptschule","maennlich","","","",""
"24","2007","Hauptschule","weiblich","","","",""
"24","2007","Realschule","maennlich","","","",""
"24","2007","Realschule","weiblich","","","",""
"24","2007","(Fach-)Abitur","maennlich","","","",""
"24","2007","(Fach-)Abitur","weiblich","","","",""
"24","2007","AkademikerIn","maennlich","","","",""
"24","2007","AkademikerIn","weiblich","","","",""
"25","2007","(noch) kein Abschluss","maennlich","","","",""
"25","2007","(noch) kein Abschluss","weiblich","","","",""
"25","2007","Hauptschule","maennlich","","","",""
"25","2007","Hauptschule","weiblich","","","",""
"25","2007","Realschule","maennlich","","","",""
"25","2007","Realschule","weiblich","","","",""
"25","2007","(Fach-)Abitur","maennlich","","","",""
"25","2007","(Fach-)Abitur","weiblich","","","",""
"25","2007","AkademikerIn","maennlich","","","",""
"25","2007","AkademikerIn","weiblich","","","",""
"26","2007","(noch) kein Abschluss","maennlich","","","",""
"26","2007","(noch) kein Abschluss","weiblich","","","",""
"26","2007","Hauptschule","maennlich","","","",""
"26","2007","Hauptschule","weiblich","","","",""
"26","2007","Realschule","maennlich","","","",""
"26","2007","Realschule","weiblich","","","",""
"26","2007","(Fach-)Abitur","maennlich","","","",""
"26","2007","(Fach-)Abitur","weiblich","","","",""
"26","2007","AkademikerIn","maennlich","","","",""
"26","2007","AkademikerIn","weiblich","","","",""
"27","2007","(noch) kein Abschluss","maennlich","","","",""
"27","2007","(noch) kein Abschluss","weiblich","","","",""
"27","2007","Hauptschule","maennlich","","","",""
"27","2007","Hauptschule","weiblich","","","",""
"27","2007","Realschule","maennlich","","","",""
"27","2007","Realschule","weiblich","","","",""
"27","2007","(Fach-)Abitur","maennlich","","","",""
"27","2007","(Fach-)Abitur","weiblich","","","",""
"27","2007","AkademikerIn","maennlich","","","",""
"27","2007","AkademikerIn","weiblich","","","",""
"28","2007","(noch) kein Abschluss","maennlich","","","",""
"28","2007","(noch) kein Abschluss","weiblich","","","",""
"28","2007","Hauptschule","maennlich","","","",""
"28","2007","Hauptschule","weiblich","","","",""
"28","2007","Realschule","maennlich","","","",""
"28","2007","Realschule","weiblich","","","",""
"28","2007","(Fach-)Abitur","maennlich","","","",""
"28","2007","(Fach-)Abitur","weiblich","","","",""
"28","2007","AkademikerIn","maennlich","","","",""
"28","2007","AkademikerIn","weiblich","","","",""
"30","2007","(noch) kein Abschluss","maennlich","","","",""
"30","2007","(noch) kein Abschluss","weiblich","","","",""
"30","2007","Hauptschule","maennlich","","","",""
"30","2007","Hauptschule","weiblich","","","",""
"30","2007","Realschule","maennlich","","","",""
"30","2007","Realschule","weiblich","","","",""
"30","2007","(Fach-)Abitur","maennlich","","","",""
"30","2007","(Fach-)Abitur","weiblich","","","",""
"30","2007","AkademikerIn","maennlich","","","",""
"30","2007","AkademikerIn","weiblich","","","",""
"31","2007","(noch) kein Abschluss","maennlich","","","",""
"31","2007","(noch) kein Abschluss","weiblich","","","",""
"31","2007","Hauptschule","maennlich","","","",""
"31","2007","Hauptschule","weiblich","","","",""
"31","2007","Realschule","maennlich","","","",""
"31","2007","Realschule","weiblich","","","",""
"31","2007","(Fach-)Abitur","maennlich","","","",""
"31","2007","(Fach-)Abitur","weiblich","","","",""
"31","2007","AkademikerIn","maennlich","","","",""
"31","2007","AkademikerIn","weiblich","","","",""
"32","2007","(noch) kein Abschluss","maennlich","","","",""
"32","2007","(noch) kein Abschluss","weiblich","","","",""
"32","2007","Hauptschule","maennlich","","","",""
"32","2007","Hauptschule","weiblich","","","",""
"32","2007","Realschule","maennlich","","","",""
"32","2007","Realschule","weiblich","","","",""
"32","2007","(Fach-)Abitur","maennlich","","","",""
"32","2007","(Fach-)Abitur","weiblich","","","",""
"32","2007","AkademikerIn","maennlich","","","",""
"32","2007","AkademikerIn","weiblich","","","",""
"35","2007","(noch) kein Abschluss","maennlich","","","",""
"35","2007","(noch) kein Abschluss","weiblich","","","",""
"35","2007","Hauptschule","maennlich","","","",""
"35","2007","Hauptschule","weiblich","","","",""
"35","2007","Realschule","maennlich","","","",""
"35","2007","Realschule","weiblich","","","",""
"35","2007","(Fach-)Abitur","maennlich","","","",""
"35","2007","(Fach-)Abitur","weiblich","","","",""
"35","2007","AkademikerIn","maennlich","","","",""
"35","2007","AkademikerIn","weiblich","","","",""
"36","2007","(noch) kein Abschluss","maennlich","","","",""
"36","2007","(noch) kein Abschluss","weiblich","","","",""
"36","2007","Hauptschule","maennlich","","","",""
"36","2007","Hauptschule","weiblich","","","",""
"36","2007","Realschule","maennlich","","","",""
"36","2007","Realschule","weiblich","","","",""
"36","2007","(Fach-)Abitur","maennlich","","","",""
"36","2007","(Fach-)Abitur","weiblich","","","",""
"36","2007","AkademikerIn","maennlich","","","",""
"36","2007","AkademikerIn","weiblich","","","",""
"40","2007","(noch) kein Abschluss","maennlich","","","",""
"40","2007","(noch) kein Abschluss","weiblich","","","",""
"40","2007","Hauptschule","maennlich","","","",""
"40","2007","Hauptschule","weiblich","","","",""
"40","2007","Realschule","maennlich","","","",""
"40","2007","Realschule","weiblich","","","",""
"40","2007","(Fach-)Abitur","maennlich","","","",""
"40","2007","(Fach-)Abitur","weiblich","","","",""
"40","2007","AkademikerIn","maennlich","","","",""
"40","2007","AkademikerIn","weiblich","","","",""
"42","2007","(noch) kein Abschluss","maennlich","","","",""
"42","2007","(noch) kein Abschluss","weiblich","","","",""
"42","2007","Hauptschule","maennlich","","","",""
"42","2007","Hauptschule","weiblich","","","",""
"42","2007","Realschule","maennlich","","","",""
"42","2007","Realschule","weiblich","","","",""
"42","2007","(Fach-)Abitur","maennlich","","","",""
"42","2007","(Fach-)Abitur","weiblich","","","",""
"42","2007","AkademikerIn","maennlich","","","",""
"42","2007","AkademikerIn","weiblich","","","",""
"45","2007","(noch) kein Abschluss","maennlich","","","",""
"45","2007","(noch) kein Abschluss","weiblich","","","",""
"45","2007","Hauptschule","maennlich","","","",""
"45","2007","Hauptschule","weiblich","","","",""
"45","2007","Realschule","maennlich","","","",""
"45","2007","Realschule","weiblich","","","",""
"45","2007","(Fach-)Abitur","maennlich","","","",""
"45","2007","(Fach-)Abitur","weiblich","","","",""
"45","2007","AkademikerIn","maennlich","","","",""
"45","2007","AkademikerIn","weiblich","","","",""
"48","2007","(noch) kein Abschluss","maennlich","","","",""
"48","2007","(noch) kein Abschluss","weiblich","","","",""
"48","2007","Hauptschule","maennlich","","","",""
"48","2007","Hauptschule","weiblich","","","",""
"48","2007","Realschule","maennlich","","","",""
"48","2007","Realschule","weiblich","","","",""
"48","2007","(Fach-)Abitur","maennlich","","","",""
"48","2007","(Fach-)Abitur","weiblich","","","",""
"48","2007","AkademikerIn","maennlich","","","",""
"48","2007","AkademikerIn","weiblich","","","",""
"50","2007","(noch) kein Abschluss","maennlich","","","",""
"50","2007","(noch) kein Abschluss","weiblich","","","",""
"50","2007","Hauptschule","maennlich","","","",""
"50","2007","Hauptschule","weiblich","","","",""
"50","2007","Realschule","maennlich","","","",""
"50","2007","Realschule","weiblich","","","",""
"50","2007","(Fach-)Abitur","maennlich","","","",""
"50","2007","(Fach-)Abitur","weiblich","","","",""
"50","2007","AkademikerIn","maennlich","","","",""
"50","2007","AkademikerIn","weiblich","","","",""
"51","2007","(noch) kein Abschluss","maennlich","","","",""
"51","2007","(noch) kein Abschluss","weiblich","","","",""
"51","2007","Hauptschule","maennlich","","","",""
"51","2007","Hauptschule","weiblich","","","",""
"51","2007","Realschule","maennlich","","","",""
"51","2007","Realschule","weiblich","","","",""
"51","2007","(Fach-)Abitur","maennlich","","","",""
"51","2007","(Fach-)Abitur","weiblich","","","",""
"51","2007","AkademikerIn","maennlich","","","",""
"51","2007","AkademikerIn","weiblich","","","",""
"64","2007","(noch) kein Abschluss","maennlich","","","",""
"64","2007","(noch) kein Abschluss","weiblich","","","",""
"64","2007","Hauptschule","maennlich","","","",""
"64","2007","Hauptschule","weiblich","","","",""
"64","2007","Realschule","maennlich","","","",""
"64","2007","Realschule","weiblich","","","",""
"64","2007","(Fach-)Abitur","maennlich","","","",""
"64","2007","(Fach-)Abitur","weiblich","","","",""
"64","2007","AkademikerIn","maennlich","","","",""
"64","2007","AkademikerIn","weiblich","","","",""
"65","2007","(noch) kein Abschluss","maennlich","","","",""
"65","2007","(noch) kein Abschluss","weiblich","","","",""
"65","2007","Hauptschule","maennlich","","","",""
"65","2007","Hauptschule","weiblich","","","",""
"65","2007","Realschule","maennlich","","","",""
"65","2007","Realschule","weiblich","","","",""
"65","2007","(Fach-)Abitur","maennlich","","","",""
"65","2007","(Fach-)Abitur","weiblich","","","",""
"65","2007","AkademikerIn","maennlich","","","",""
"65","2007","AkademikerIn","weiblich","","","",""
"90","2007","(noch) kein Abschluss","maennlich","","","",""
"90","2007","(noch) kein Abschluss","weiblich","","","",""
"90","2007","Hauptschule","maennlich","","","",""
"90","2007","Hauptschule","weiblich","","","",""
"90","2007","Realschule","maennlich","","","",""
"90","2007","Realschule","weiblich","","","",""
"90","2007","(Fach-)Abitur","maennlich","","","",""
"90","2007","(Fach-)Abitur","weiblich","","","",""
"90","2007","AkademikerIn","maennlich","","","",""
"90","2007","AkademikerIn","weiblich","","","",""
"98","2007","(noch) kein Abschluss","maennlich","","","",""
"98","2007","(noch) kein Abschluss","weiblich","","","",""
"98","2007","Hauptschule","maennlich","","","",""
"98","2007","Hauptschule","weiblich","","","",""
"98","2007","Realschule","maennlich","","","",""
"98","2007","Realschule","weiblich","","","",""
"98","2007","(Fach-)Abitur","maennlich","","","",""
"98","2007","(Fach-)Abitur","weiblich","","","",""
"98","2007","AkademikerIn","maennlich","","","",""
"98","2007","AkademikerIn","weiblich","","","",""
"100","2007","(noch) kein Abschluss","maennlich","","","",""
"100","2007","(noch) kein Abschluss","weiblich","","","",""
"100","2007","Hauptschule","maennlich","","","",""
"100","2007","Hauptschule","weiblich","","","",""
"100","2007","Realschule","maennlich","","","",""
"100","2007","Realschule","weiblich","","","",""
"100","2007","(Fach-)Abitur","maennlich","","","",""
"100","2007","(Fach-)Abitur","weiblich","","","",""
"100","2007","AkademikerIn","maennlich","","","",""
"100","2007","AkademikerIn","weiblich","","","",""
"0","2008","(noch) kein Abschluss","maennlich","","","",""
"0","2008","(noch) kein Abschluss","weiblich","","","",""
"0","2008","Hauptschule","maennlich","","","",""
"0","2008","Hauptschule","weiblich","","","",""
"0","2008","Realschule","maennlich","","","",""
"0","2008","Realschule","weiblich","","","",""
"0","2008","(Fach-)Abitur","maennlich","","","",""
"0","2008","(Fach-)Abitur","weiblich","","","",""
"0","2008","AkademikerIn","maennlich","","","",""
"0","2008","AkademikerIn","weiblich","","","",""
"1","2008","(noch) kein Abschluss","maennlich","13","","",""
"1","2008","(noch) kein Abschluss","weiblich","20","","",""
"1","2008","Hauptschule","maennlich","311","0.680370092425008","0.637474124039523","0.723266060810494"
"1","2008","Hauptschule","weiblich","368","0.703944122313828","0.664592851972774","0.743295392654882"
"1","2008","Realschule","maennlich","152","","",""
"1","2008","Realschule","weiblich","246","","",""
"1","2008","(Fach-)Abitur","maennlich","48","0.721026786428175","0.612825337744723","0.829228235111627"
"1","2008","(Fach-)Abitur","weiblich","105","","",""
"1","2008","AkademikerIn","maennlich","169","","",""
"1","2008","AkademikerIn","weiblich","169","","",""
"2","2008","(noch) kein Abschluss","maennlich","","","",""
"2","2008","(noch) kein Abschluss","weiblich","3","","",""
"2","2008","Hauptschule","maennlich","105","","",""
"2","2008","Hauptschule","weiblich","109","","",""
"2","2008","Realschule","maennlich","24","","",""
"2","2008","Realschule","weiblich","46","0.133239090563321","0.0956511306402939","0.170827050486347"
"2","2008","(Fach-)Abitur","maennlich","14","","",""
"2","2008","(Fach-)Abitur","weiblich","18","","",""
"2","2008","AkademikerIn","maennlich","49","0.220726106093344","0.168255704912198","0.273196507274489"
"2","2008","AkademikerIn","weiblich","33","0.165675082047067","0.115978666507734","0.2153714975864"
"3","2008","(noch) kein Abschluss","maennlich","","","",""
"3","2008","(noch) kein Abschluss","weiblich","1","","",""
"3","2008","Hauptschule","maennlich","19","","",""
"3","2008","Hauptschule","weiblich","29","","",""
"3","2008","Realschule","maennlich","11","","",""
"3","2008","Realschule","weiblich","14","","",""
"3","2008","(Fach-)Abitur","maennlich","3","","",""
"3","2008","(Fach-)Abitur","weiblich","3","","",""
"3","2008","AkademikerIn","maennlich","18","","",""
"3","2008","AkademikerIn","weiblich","6","0.0248741860460326","0.00405644380530282","0.0456919282867623"
"4","2008","(noch) kein Abschluss","maennlich","","","",""
"4","2008","(noch) kein Abschluss","weiblich","","","",""
"4","2008","Hauptschule","maennlich","9","0.0162503238418672","0.00461995532538804","0.0278806923583463"
"4","2008","Hauptschule","weiblich","8","0.0213722603272394","0.00890598230793285","0.033838538346546"
"4","2008","Realschule","maennlich","5","0.0255338163697148","0.00345065189684709","0.0476169808425825"
"4","2008","Realschule","weiblich","3","","",""
"4","2008","(Fach-)Abitur","maennlich","1","","",""
"4","2008","(Fach-)Abitur","weiblich","","","",""
"4","2008","AkademikerIn","maennlich","3","","",""
"4","2008","AkademikerIn","weiblich","4","0.0226938439702556","0.00278719260327281","0.0426004953372384"
"5","2008","(noch) kein Abschluss","maennlich","","","",""
"5","2008","(noch) kein Abschluss","weiblich","","","",""
"5","2008","Hauptschule","maennlich","7","0.0123365050532846","0.00218288902178311","0.022490121084786"
"5","2008","Hauptschule","weiblich","3","","",""
"5","2008","Realschule","maennlich","","","",""
"5","2008","Realschule","weiblich","1","","",""
"5","2008","(Fach-)Abitur","maennlich","","","",""
"5","2008","(Fach-)Abitur","weiblich","","","",""
"5","2008","AkademikerIn","maennlich","","","",""
"5","2008","AkademikerIn","weiblich","2","","",""
"6","2008","(noch) kein Abschluss","maennlich","","","",""
"6","2008","(noch) kein Abschluss","weiblich","","","",""
"6","2008","Hauptschule","maennlich","1","","",""
"6","2008","Hauptschule","weiblich","","","",""
"6","2008","Realschule","maennlich","1","","",""
"6","2008","Realschule","weiblich","","","",""
"6","2008","(Fach-)Abitur","maennlich","","","",""
"6","2008","(Fach-)Abitur","weiblich","","","",""
"6","2008","AkademikerIn","maennlich","","","",""
"6","2008","AkademikerIn","weiblich","","","",""
"7","2008","(noch) kein Abschluss","maennlich","","","",""
"7","2008","(noch) kein Abschluss","weiblich","","","",""
"7","2008","Hauptschule","maennlich","2","","",""
"7","2008","Hauptschule","weiblich","","","",""
"7","2008","Realschule","maennlich","2","","",""
"7","2008","Realschule","weiblich","","","",""
"7","2008","(Fach-)Abitur","maennlich","","","",""
"7","2008","(Fach-)Abitur","weiblich","","","",""
"7","2008","AkademikerIn","maennlich","1","","",""
"7","2008","AkademikerIn","weiblich","","","",""
"8","2008","(noch) kein Abschluss","maennlich","","","",""
"8","2008","(noch) kein Abschluss","weiblich","","","",""
"8","2008","Hauptschule","maennlich","","","",""
"8","2008","Hauptschule","weiblich","","","",""
"8","2008","Realschule","maennlich","1","","",""
"8","2008","Realschule","weiblich","2","","",""
"8","2008","(Fach-)Abitur","maennlich","","","",""
"8","2008","(Fach-)Abitur","weiblich","","","",""
"8","2008","AkademikerIn","maennlich","","","",""
"8","2008","AkademikerIn","weiblich","","","",""
"9","2008","(noch) kein Abschluss","maennlich","","","",""
"9","2008","(noch) kein Abschluss","weiblich","","","",""
"9","2008","Hauptschule","maennlich","","","",""
"9","2008","Hauptschule","weiblich","","","",""
"9","2008","Realschule","maennlich","","","",""
"9","2008","Realschule","weiblich","","","",""
"9","2008","(Fach-)Abitur","maennlich","","","",""
"9","2008","(Fach-)Abitur","weiblich","","","",""
"9","2008","AkademikerIn","maennlich","","","",""
"9","2008","AkademikerIn","weiblich","","","",""
"10","2008","(noch) kein Abschluss","maennlich","","","",""
"10","2008","(noch) kein Abschluss","weiblich","","","",""
"10","2008","Hauptschule","maennlich","","","",""
"10","2008","Hauptschule","weiblich","","","",""
"10","2008","Realschule","maennlich","","","",""
"10","2008","Realschule","weiblich","1","","",""
"10","2008","(Fach-)Abitur","maennlich","","","",""
"10","2008","(Fach-)Abitur","weiblich","","","",""
"10","2008","AkademikerIn","maennlich","","","",""
"10","2008","AkademikerIn","weiblich","","","",""
"11","2008","(noch) kein Abschluss","maennlich","","","",""
"11","2008","(noch) kein Abschluss","weiblich","","","",""
"11","2008","Hauptschule","maennlich","","","",""
"11","2008","Hauptschule","weiblich","","","",""
"11","2008","Realschule","maennlich","","","",""
"11","2008","Realschule","weiblich","","","",""
"11","2008","(Fach-)Abitur","maennlich","","","",""
"11","2008","(Fach-)Abitur","weiblich","","","",""
"11","2008","AkademikerIn","maennlich","","","",""
"11","2008","AkademikerIn","weiblich","","","",""
"12","2008","(noch) kein Abschluss","maennlich","","","",""
"12","2008","(noch) kein Abschluss","weiblich","","","",""
"12","2008","Hauptschule","maennlich","","","",""
"12","2008","Hauptschule","weiblich","","","",""
"12","2008","Realschule","maennlich","","","",""
"12","2008","Realschule","weiblich","1","","",""
"12","2008","(Fach-)Abitur","maennlich","","","",""
"12","2008","(Fach-)Abitur","weiblich","","","",""
"12","2008","AkademikerIn","maennlich","","","",""
"12","2008","AkademikerIn","weiblich","","","",""
"13","2008","(noch) kein Abschluss","maennlich","","","",""
"13","2008","(noch) kein Abschluss","weiblich","","","",""
"13","2008","Hauptschule","maennlich","","","",""
"13","2008","Hauptschule","weiblich","","","",""
"13","2008","Realschule","maennlich","","","",""
"13","2008","Realschule","weiblich","","","",""
"13","2008","(Fach-)Abitur","maennlich","","","",""
"13","2008","(Fach-)Abitur","weiblich","","","",""
"13","2008","AkademikerIn","maennlich","","","",""
"13","2008","AkademikerIn","weiblich","","","",""
"14","2008","(noch) kein Abschluss","maennlich","","","",""
"14","2008","(noch) kein Abschluss","weiblich","","","",""
"14","2008","Hauptschule","maennlich","","","",""
"14","2008","Hauptschule","weiblich","","","",""
"14","2008","Realschule","maennlich","","","",""
"14","2008","Realschule","weiblich","","","",""
"14","2008","(Fach-)Abitur","maennlich","","","",""
"14","2008","(Fach-)Abitur","weiblich","","","",""
"14","2008","AkademikerIn","maennlich","","","",""
"14","2008","AkademikerIn","weiblich","","","",""
"15","2008","(noch) kein Abschluss","maennlich","","","",""
"15","2008","(noch) kein Abschluss","weiblich","","","",""
"15","2008","Hauptschule","maennlich","","","",""
"15","2008","Hauptschule","weiblich","","","",""
"15","2008","Realschule","maennlich","","","",""
"15","2008","Realschule","weiblich","","","",""
"15","2008","(Fach-)Abitur","maennlich","","","",""
"15","2008","(Fach-)Abitur","weiblich","","","",""
"15","2008","AkademikerIn","maennlich","","","",""
"15","2008","AkademikerIn","weiblich","","","",""
"16","2008","(noch) kein Abschluss","maennlich","","","",""
"16","2008","(noch) kein Abschluss","weiblich","","","",""
"16","2008","Hauptschule","maennlich","","","",""
"16","2008","Hauptschule","weiblich","","","",""
"16","2008","Realschule","maennlich","","","",""
"16","2008","Realschule","weiblich","","","",""
"16","2008","(Fach-)Abitur","maennlich","","","",""
"16","2008","(Fach-)Abitur","weiblich","","","",""
"16","2008","AkademikerIn","maennlich","","","",""
"16","2008","AkademikerIn","weiblich","","","",""
"17","2008","(noch) kein Abschluss","maennlich","","","",""
"17","2008","(noch) kein Abschluss","weiblich","","","",""
"17","2008","Hauptschule","maennlich","","","",""
"17","2008","Hauptschule","weiblich","","","",""
"17","2008","Realschule","maennlich","","","",""
"17","2008","Realschule","weiblich","","","",""
"17","2008","(Fach-)Abitur","maennlich","","","",""
"17","2008","(Fach-)Abitur","weiblich","","","",""
"17","2008","AkademikerIn","maennlich","","","",""
"17","2008","AkademikerIn","weiblich","","","",""
"18","2008","(noch) kein Abschluss","maennlich","","","",""
"18","2008","(noch) kein Abschluss","weiblich","","","",""
"18","2008","Hauptschule","maennlich","","","",""
"18","2008","Hauptschule","weiblich","","","",""
"18","2008","Realschule","maennlich","","","",""
"18","2008","Realschule","weiblich","","","",""
"18","2008","(Fach-)Abitur","maennlich","","","",""
"18","2008","(Fach-)Abitur","weiblich","","","",""
"18","2008","AkademikerIn","maennlich","","","",""
"18","2008","AkademikerIn","weiblich","","","",""
"19","2008","(noch) kein Abschluss","maennlich","","","",""
"19","2008","(noch) kein Abschluss","weiblich","","","",""
"19","2008","Hauptschule","maennlich","","","",""
"19","2008","Hauptschule","weiblich","","","",""
"19","2008","Realschule","maennlich","","","",""
"19","2008","Realschule","weiblich","","","",""
"19","2008","(Fach-)Abitur","maennlich","","","",""
"19","2008","(Fach-)Abitur","weiblich","","","",""
"19","2008","AkademikerIn","maennlich","","","",""
"19","2008","AkademikerIn","weiblich","","","",""
"20","2008","(noch) kein Abschluss","maennlich","","","",""
"20","2008","(noch) kein Abschluss","weiblich","","","",""
"20","2008","Hauptschule","maennlich","","","",""
"20","2008","Hauptschule","weiblich","","","",""
"20","2008","Realschule","maennlich","","","",""
"20","2008","Realschule","weiblich","","","",""
"20","2008","(Fach-)Abitur","maennlich","","","",""
"20","2008","(Fach-)Abitur","weiblich","","","",""
"20","2008","AkademikerIn","maennlich","","","",""
"20","2008","AkademikerIn","weiblich","","","",""
"21","2008","(noch) kein Abschluss","maennlich","","","",""
"21","2008","(noch) kein Abschluss","weiblich","","","",""
"21","2008","Hauptschule","maennlich","","","",""
"21","2008","Hauptschule","weiblich","","","",""
"21","2008","Realschule","maennlich","","","",""
"21","2008","Realschule","weiblich","","","",""
"21","2008","(Fach-)Abitur","maennlich","","","",""
"21","2008","(Fach-)Abitur","weiblich","","","",""
"21","2008","AkademikerIn","maennlich","","","",""
"21","2008","AkademikerIn","weiblich","","","",""
"22","2008","(noch) kein Abschluss","maennlich","","","",""
"22","2008","(noch) kein Abschluss","weiblich","","","",""
"22","2008","Hauptschule","maennlich","","","",""
"22","2008","Hauptschule","weiblich","","","",""
"22","2008","Realschule","maennlich","","","",""
"22","2008","Realschule","weiblich","","","",""
"22","2008","(Fach-)Abitur","maennlich","","","",""
"22","2008","(Fach-)Abitur","weiblich","","","",""
"22","2008","AkademikerIn","maennlich","","","",""
"22","2008","AkademikerIn","weiblich","","","",""
"23","2008","(noch) kein Abschluss","maennlich","","","",""
"23","2008","(noch) kein Abschluss","weiblich","","","",""
"23","2008","Hauptschule","maennlich","","","",""
"23","2008","Hauptschule","weiblich","","","",""
"23","2008","Realschule","maennlich","","","",""
"23","2008","Realschule","weiblich","","","",""
"23","2008","(Fach-)Abitur","maennlich","","","",""
"23","2008","(Fach-)Abitur","weiblich","","","",""
"23","2008","AkademikerIn","maennlich","","","",""
"23","2008","AkademikerIn","weiblich","","","",""
"24","2008","(noch) kein Abschluss","maennlich","","","",""
"24","2008","(noch) kein Abschluss","weiblich","","","",""
"24","2008","Hauptschule","maennlich","","","",""
"24","2008","Hauptschule","weiblich","","","",""
"24","2008","Realschule","maennlich","","","",""
"24","2008","Realschule","weiblich","","","",""
"24","2008","(Fach-)Abitur","maennlich","","","",""
"24","2008","(Fach-)Abitur","weiblich","","","",""
"24","2008","AkademikerIn","maennlich","","","",""
"24","2008","AkademikerIn","weiblich","","","",""
"25","2008","(noch) kein Abschluss","maennlich","","","",""
"25","2008","(noch) kein Abschluss","weiblich","","","",""
"25","2008","Hauptschule","maennlich","","","",""
"25","2008","Hauptschule","weiblich","","","",""
"25","2008","Realschule","maennlich","","","",""
"25","2008","Realschule","weiblich","","","",""
"25","2008","(Fach-)Abitur","maennlich","","","",""
"25","2008","(Fach-)Abitur","weiblich","","","",""
"25","2008","AkademikerIn","maennlich","","","",""
"25","2008","AkademikerIn","weiblich","","","",""
"26","2008","(noch) kein Abschluss","maennlich","","","",""
"26","2008","(noch) kein Abschluss","weiblich","","","",""
"26","2008","Hauptschule","maennlich","","","",""
"26","2008","Hauptschule","weiblich","","","",""
"26","2008","Realschule","maennlich","","","",""
"26","2008","Realschule","weiblich","","","",""
"26","2008","(Fach-)Abitur","maennlich","","","",""
"26","2008","(Fach-)Abitur","weiblich","","","",""
"26","2008","AkademikerIn","maennlich","","","",""
"26","2008","AkademikerIn","weiblich","","","",""
"27","2008","(noch) kein Abschluss","maennlich","","","",""
"27","2008","(noch) kein Abschluss","weiblich","","","",""
"27","2008","Hauptschule","maennlich","","","",""
"27","2008","Hauptschule","weiblich","","","",""
"27","2008","Realschule","maennlich","","","",""
"27","2008","Realschule","weiblich","","","",""
"27","2008","(Fach-)Abitur","maennlich","","","",""
"27","2008","(Fach-)Abitur","weiblich","","","",""
"27","2008","AkademikerIn","maennlich","","","",""
"27","2008","AkademikerIn","weiblich","","","",""
"28","2008","(noch) kein Abschluss","maennlich","","","",""
"28","2008","(noch) kein Abschluss","weiblich","","","",""
"28","2008","Hauptschule","maennlich","","","",""
"28","2008","Hauptschule","weiblich","","","",""
"28","2008","Realschule","maennlich","","","",""
"28","2008","Realschule","weiblich","","","",""
"28","2008","(Fach-)Abitur","maennlich","","","",""
"28","2008","(Fach-)Abitur","weiblich","","","",""
"28","2008","AkademikerIn","maennlich","","","",""
"28","2008","AkademikerIn","weiblich","","","",""
"30","2008","(noch) kein Abschluss","maennlich","","","",""
"30","2008","(noch) kein Abschluss","weiblich","","","",""
"30","2008","Hauptschule","maennlich","","","",""
"30","2008","Hauptschule","weiblich","","","",""
"30","2008","Realschule","maennlich","","","",""
"30","2008","Realschule","weiblich","","","",""
"30","2008","(Fach-)Abitur","maennlich","","","",""
"30","2008","(Fach-)Abitur","weiblich","","","",""
"30","2008","AkademikerIn","maennlich","","","",""
"30","2008","AkademikerIn","weiblich","","","",""
"31","2008","(noch) kein Abschluss","maennlich","","","",""
"31","2008","(noch) kein Abschluss","weiblich","","","",""
"31","2008","Hauptschule","maennlich","","","",""
"31","2008","Hauptschule","weiblich","","","",""
"31","2008","Realschule","maennlich","","","",""
"31","2008","Realschule","weiblich","","","",""
"31","2008","(Fach-)Abitur","maennlich","","","",""
"31","2008","(Fach-)Abitur","weiblich","","","",""
"31","2008","AkademikerIn","maennlich","","","",""
"31","2008","AkademikerIn","weiblich","","","",""
"32","2008","(noch) kein Abschluss","maennlich","","","",""
"32","2008","(noch) kein Abschluss","weiblich","","","",""
"32","2008","Hauptschule","maennlich","","","",""
"32","2008","Hauptschule","weiblich","","","",""
"32","2008","Realschule","maennlich","","","",""
"32","2008","Realschule","weiblich","","","",""
"32","2008","(Fach-)Abitur","maennlich","","","",""
"32","2008","(Fach-)Abitur","weiblich","","","",""
"32","2008","AkademikerIn","maennlich","","","",""
"32","2008","AkademikerIn","weiblich","","","",""
"35","2008","(noch) kein Abschluss","maennlich","","","",""
"35","2008","(noch) kein Abschluss","weiblich","","","",""
"35","2008","Hauptschule","maennlich","","","",""
"35","2008","Hauptschule","weiblich","","","",""
"35","2008","Realschule","maennlich","","","",""
"35","2008","Realschule","weiblich","","","",""
"35","2008","(Fach-)Abitur","maennlich","","","",""
"35","2008","(Fach-)Abitur","weiblich","","","",""
"35","2008","AkademikerIn","maennlich","","","",""
"35","2008","AkademikerIn","weiblich","","","",""
"36","2008","(noch) kein Abschluss","maennlich","","","",""
"36","2008","(noch) kein Abschluss","weiblich","","","",""
"36","2008","Hauptschule","maennlich","","","",""
"36","2008","Hauptschule","weiblich","","","",""
"36","2008","Realschule","maennlich","","","",""
"36","2008","Realschule","weiblich","","","",""
"36","2008","(Fach-)Abitur","maennlich","","","",""
"36","2008","(Fach-)Abitur","weiblich","","","",""
"36","2008","AkademikerIn","maennlich","","","",""
"36","2008","AkademikerIn","weiblich","","","",""
"40","2008","(noch) kein Abschluss","maennlich","","","",""
"40","2008","(noch) kein Abschluss","weiblich","","","",""
"40","2008","Hauptschule","maennlich","","","",""
"40","2008","Hauptschule","weiblich","","","",""
"40","2008","Realschule","maennlich","","","",""
"40","2008","Realschule","weiblich","","","",""
"40","2008","(Fach-)Abitur","maennlich","","","",""
"40","2008","(Fach-)Abitur","weiblich","","","",""
"40","2008","AkademikerIn","maennlich","","","",""
"40","2008","AkademikerIn","weiblich","","","",""
"42","2008","(noch) kein Abschluss","maennlich","","","",""
"42","2008","(noch) kein Abschluss","weiblich","","","",""
"42","2008","Hauptschule","maennlich","","","",""
"42","2008","Hauptschule","weiblich","","","",""
"42","2008","Realschule","maennlich","","","",""
"42","2008","Realschule","weiblich","","","",""
"42","2008","(Fach-)Abitur","maennlich","","","",""
"42","2008","(Fach-)Abitur","weiblich","","","",""
"42","2008","AkademikerIn","maennlich","","","",""
"42","2008","AkademikerIn","weiblich","1","","",""
"45","2008","(noch) kein Abschluss","maennlich","","","",""
"45","2008","(noch) kein Abschluss","weiblich","","","",""
"45","2008","Hauptschule","maennlich","","","",""
"45","2008","Hauptschule","weiblich","","","",""
"45","2008","Realschule","maennlich","","","",""
"45","2008","Realschule","weiblich","","","",""
"45","2008","(Fach-)Abitur","maennlich","","","",""
"45","2008","(Fach-)Abitur","weiblich","","","",""
"45","2008","AkademikerIn","maennlich","","","",""
"45","2008","AkademikerIn","weiblich","","","",""
"48","2008","(noch) kein Abschluss","maennlich","","","",""
"48","2008","(noch) kein Abschluss","weiblich","","","",""
"48","2008","Hauptschule","maennlich","","","",""
"48","2008","Hauptschule","weiblich","","","",""
"48","2008","Realschule","maennlich","","","",""
"48","2008","Realschule","weiblich","","","",""
"48","2008","(Fach-)Abitur","maennlich","","","",""
"48","2008","(Fach-)Abitur","weiblich","","","",""
"48","2008","AkademikerIn","maennlich","","","",""
"48","2008","AkademikerIn","weiblich","","","",""
"50","2008","(noch) kein Abschluss","maennlich","","","",""
"50","2008","(noch) kein Abschluss","weiblich","","","",""
"50","2008","Hauptschule","maennlich","","","",""
"50","2008","Hauptschule","weiblich","","","",""
"50","2008","Realschule","maennlich","","","",""
"50","2008","Realschule","weiblich","","","",""
"50","2008","(Fach-)Abitur","maennlich","","","",""
"50","2008","(Fach-)Abitur","weiblich","","","",""
"50","2008","AkademikerIn","maennlich","","","",""
"50","2008","AkademikerIn","weiblich","","","",""
"51","2008","(noch) kein Abschluss","maennlich","","","",""
"51","2008","(noch) kein Abschluss","weiblich","","","",""
"51","2008","Hauptschule","maennlich","","","",""
"51","2008","Hauptschule","weiblich","","","",""
"51","2008","Realschule","maennlich","","","",""
"51","2008","Realschule","weiblich","","","",""
"51","2008","(Fach-)Abitur","maennlich","","","",""
"51","2008","(Fach-)Abitur","weiblich","","","",""
"51","2008","AkademikerIn","maennlich","","","",""
"51","2008","AkademikerIn","weiblich","","","",""
"64","2008","(noch) kein Abschluss","maennlich","","","",""
"64","2008","(noch) kein Abschluss","weiblich","","","",""
"64","2008","Hauptschule","maennlich","","","",""
"64","2008","Hauptschule","weiblich","","","",""
"64","2008","Realschule","maennlich","","","",""
"64","2008","Realschule","weiblich","","","",""
"64","2008","(Fach-)Abitur","maennlich","","","",""
"64","2008","(Fach-)Abitur","weiblich","","","",""
"64","2008","AkademikerIn","maennlich","","","",""
"64","2008","AkademikerIn","weiblich","","","",""
"65","2008","(noch) kein Abschluss","maennlich","","","",""
"65","2008","(noch) kein Abschluss","weiblich","","","",""
"65","2008","Hauptschule","maennlich","","","",""
"65","2008","Hauptschule","weiblich","","","",""
"65","2008","Realschule","maennlich","","","",""
"65","2008","Realschule","weiblich","","","",""
"65","2008","(Fach-)Abitur","maennlich","","","",""
"65","2008","(Fach-)Abitur","weiblich","","","",""
"65","2008","AkademikerIn","maennlich","","","",""
"65","2008","AkademikerIn","weiblich","","","",""
"90","2008","(noch) kein Abschluss","maennlich","","","",""
"90","2008","(noch) kein Abschluss","weiblich","","","",""
"90","2008","Hauptschule","maennlich","","","",""
"90","2008","Hauptschule","weiblich","","","",""
"90","2008","Realschule","maennlich","","","",""
"90","2008","Realschule","weiblich","","","",""
"90","2008","(Fach-)Abitur","maennlich","","","",""
"90","2008","(Fach-)Abitur","weiblich","","","",""
"90","2008","AkademikerIn","maennlich","","","",""
"90","2008","AkademikerIn","weiblich","","","",""
"98","2008","(noch) kein Abschluss","maennlich","","","",""
"98","2008","(noch) kein Abschluss","weiblich","","","",""
"98","2008","Hauptschule","maennlich","","","",""
"98","2008","Hauptschule","weiblich","","","",""
"98","2008","Realschule","maennlich","","","",""
"98","2008","Realschule","weiblich","","","",""
"98","2008","(Fach-)Abitur","maennlich","","","",""
"98","2008","(Fach-)Abitur","weiblich","","","",""
"98","2008","AkademikerIn","maennlich","","","",""
"98","2008","AkademikerIn","weiblich","","","",""
"100","2008","(noch) kein Abschluss","maennlich","","","",""
"100","2008","(noch) kein Abschluss","weiblich","","","",""
"100","2008","Hauptschule","maennlich","","","",""
"100","2008","Hauptschule","weiblich","","","",""
"100","2008","Realschule","maennlich","","","",""
"100","2008","Realschule","weiblich","","","",""
"100","2008","(Fach-)Abitur","maennlich","","","",""
"100","2008","(Fach-)Abitur","weiblich","","","",""
"100","2008","AkademikerIn","maennlich","","","",""
"100","2008","AkademikerIn","weiblich","","","",""
"0","2009","(noch) kein Abschluss","maennlich","","","",""
"0","2009","(noch) kein Abschluss","weiblich","","","",""
"0","2009","Hauptschule","maennlich","","","",""
"0","2009","Hauptschule","weiblich","","","",""
"0","2009","Realschule","maennlich","","","",""
"0","2009","Realschule","weiblich","","","",""
"0","2009","(Fach-)Abitur","maennlich","","","",""
"0","2009","(Fach-)Abitur","weiblich","","","",""
"0","2009","AkademikerIn","maennlich","","","",""
"0","2009","AkademikerIn","weiblich","","","",""
"1","2009","(noch) kein Abschluss","maennlich","10","","",""
"1","2009","(noch) kein Abschluss","weiblich","17","","",""
"1","2009","Hauptschule","maennlich","286","","",""
"1","2009","Hauptschule","weiblich","379","0.720911113096171","0.682723519836812","0.75909870635553"
"1","2009","Realschule","maennlich","185","","",""
"1","2009","Realschule","weiblich","254","","",""
"1","2009","(Fach-)Abitur","maennlich","48","0.686248442427767","0.576762798551192","0.795734086304341"
"1","2009","(Fach-)Abitur","weiblich","95","0.71972449611586","0.639028809077768","0.800420183153952"
"1","2009","AkademikerIn","maennlich","176","","",""
"1","2009","AkademikerIn","weiblich","164","","",""
"2","2009","(noch) kein Abschluss","maennlich","5","0.48862022964686","0.23565551017897","0.74158494911475"
"2","2009","(noch) kein Abschluss","weiblich","5","0.207353005766399","0.0379458204447571","0.37676019108804"
"2","2009","Hauptschule","maennlich","86","0.220191214262197","0.180979710297061","0.259402718227334"
"2","2009","Hauptschule","weiblich","110","","",""
"2","2009","Realschule","maennlich","29","","",""
"2","2009","Realschule","weiblich","49","0.205503774195422","0.161641099452647","0.249366448938198"
"2","2009","(Fach-)Abitur","maennlich","13","","",""
"2","2009","(Fach-)Abitur","weiblich","18","","",""
"2","2009","AkademikerIn","maennlich","47","0.157863920524605","0.112300836058877","0.203427004990333"
"2","2009","AkademikerIn","weiblich","33","0.152399783271899","0.104133262596163","0.200666303947634"
"3","2009","(noch) kein Abschluss","maennlich","","","",""
"3","2009","(noch) kein Abschluss","weiblich","","","",""
"3","2009","Hauptschule","maennlich","39","0.0750395992327307","0.0501093702214313","0.09996982824403"
"3","2009","Hauptschule","weiblich","25","","",""
"3","2009","Realschule","maennlich","11","","",""
"3","2009","Realschule","weiblich","8","0.0220476164554642","0.00610795957902974","0.0379872733318988"
"3","2009","(Fach-)Abitur","maennlich","5","0.0329437346302496","-0.00917117107170717","0.0750586403322064"
"3","2009","(Fach-)Abitur","weiblich","3","","",""
"3","2009","AkademikerIn","maennlich","17","","",""
"3","2009","AkademikerIn","weiblich","11","","",""
"4","2009","(noch) kein Abschluss","maennlich","","","",""
"4","2009","(noch) kein Abschluss","weiblich","","","",""
"4","2009","Hauptschule","maennlich","10","","",""
"4","2009","Hauptschule","weiblich","7","0.017054739523107","0.0060318014359642","0.0280776776102498"
"4","2009","Realschule","maennlich","3","","",""
"4","2009","Realschule","weiblich","9","0.0312767508042348","0.0123816171877889","0.0501718844206808"
"4","2009","(Fach-)Abitur","maennlich","2","","",""
"4","2009","(Fach-)Abitur","weiblich","1","","",""
"4","2009","AkademikerIn","maennlich","1","","",""
"4","2009","AkademikerIn","weiblich","1","","",""
"5","2009","(noch) kein Abschluss","maennlich","","","",""
"5","2009","(noch) kein Abschluss","weiblich","","","",""
"5","2009","Hauptschule","maennlich","4","0.00992669826787646","0.00054556014545934","0.0193078363902936"
"5","2009","Hauptschule","weiblich","3","","",""
"5","2009","Realschule","maennlich","","","",""
"5","2009","Realschule","weiblich","3","","",""
"5","2009","(Fach-)Abitur","maennlich","","","",""
"5","2009","(Fach-)Abitur","weiblich","1","","",""
"5","2009","AkademikerIn","maennlich","1","","",""
"5","2009","AkademikerIn","weiblich","1","","",""
"6","2009","(noch) kein Abschluss","maennlich","","","",""
"6","2009","(noch) kein Abschluss","weiblich","","","",""
"6","2009","Hauptschule","maennlich","1","","",""
"6","2009","Hauptschule","weiblich","3","","",""
"6","2009","Realschule","maennlich","","","",""
"6","2009","Realschule","weiblich","2","","",""
"6","2009","(Fach-)Abitur","maennlich","","","",""
"6","2009","(Fach-)Abitur","weiblich","","","",""
"6","2009","AkademikerIn","maennlich","1","","",""
"6","2009","AkademikerIn","weiblich","","","",""
"7","2009","(noch) kein Abschluss","maennlich","","","",""
"7","2009","(noch) kein Abschluss","weiblich","","","",""
"7","2009","Hauptschule","maennlich","1","","",""
"7","2009","Hauptschule","weiblich","","","",""
"7","2009","Realschule","maennlich","","","",""
"7","2009","Realschule","weiblich","","","",""
"7","2009","(Fach-)Abitur","maennlich","","","",""
"7","2009","(Fach-)Abitur","weiblich","","","",""
"7","2009","AkademikerIn","maennlich","1","","",""
"7","2009","AkademikerIn","weiblich","","","",""
"8","2009","(noch) kein Abschluss","maennlich","","","",""
"8","2009","(noch) kein Abschluss","weiblich","","","",""
"8","2009","Hauptschule","maennlich","","","",""
"8","2009","Hauptschule","weiblich","","","",""
"8","2009","Realschule","maennlich","","","",""
"8","2009","Realschule","weiblich","1","","",""
"8","2009","(Fach-)Abitur","maennlich","1","","",""
"8","2009","(Fach-)Abitur","weiblich","","","",""
"8","2009","AkademikerIn","maennlich","","","",""
"8","2009","AkademikerIn","weiblich","3","","",""
"9","2009","(noch) kein Abschluss","maennlich","","","",""
"9","2009","(noch) kein Abschluss","weiblich","","","",""
"9","2009","Hauptschule","maennlich","","","",""
"9","2009","Hauptschule","weiblich","1","","",""
"9","2009","Realschule","maennlich","","","",""
"9","2009","Realschule","weiblich","","","",""
"9","2009","(Fach-)Abitur","maennlich","","","",""
"9","2009","(Fach-)Abitur","weiblich","","","",""
"9","2009","AkademikerIn","maennlich","","","",""
"9","2009","AkademikerIn","weiblich","","","",""
"10","2009","(noch) kein Abschluss","maennlich","","","",""
"10","2009","(noch) kein Abschluss","weiblich","","","",""
"10","2009","Hauptschule","maennlich","1","","",""
"10","2009","Hauptschule","weiblich","1","","",""
"10","2009","Realschule","maennlich","","","",""
"10","2009","Realschule","weiblich","","","",""
"10","2009","(Fach-)Abitur","maennlich","","","",""
"10","2009","(Fach-)Abitur","weiblich","1","","",""
"10","2009","AkademikerIn","maennlich","","","",""
"10","2009","AkademikerIn","weiblich","","","",""
"11","2009","(noch) kein Abschluss","maennlich","","","",""
"11","2009","(noch) kein Abschluss","weiblich","","","",""
"11","2009","Hauptschule","maennlich","","","",""
"11","2009","Hauptschule","weiblich","","","",""
"11","2009","Realschule","maennlich","","","",""
"11","2009","Realschule","weiblich","","","",""
"11","2009","(Fach-)Abitur","maennlich","","","",""
"11","2009","(Fach-)Abitur","weiblich","","","",""
"11","2009","AkademikerIn","maennlich","1","","",""
"11","2009","AkademikerIn","weiblich","","","",""
"12","2009","(noch) kein Abschluss","maennlich","","","",""
"12","2009","(noch) kein Abschluss","weiblich","","","",""
"12","2009","Hauptschule","maennlich","","","",""
"12","2009","Hauptschule","weiblich","","","",""
"12","2009","Realschule","maennlich","","","",""
"12","2009","Realschule","weiblich","","","",""
"12","2009","(Fach-)Abitur","maennlich","","","",""
"12","2009","(Fach-)Abitur","weiblich","","","",""
"12","2009","AkademikerIn","maennlich","1","","",""
"12","2009","AkademikerIn","weiblich","","","",""
"13","2009","(noch) kein Abschluss","maennlich","","","",""
"13","2009","(noch) kein Abschluss","weiblich","","","",""
"13","2009","Hauptschule","maennlich","","","",""
"13","2009","Hauptschule","weiblich","","","",""
"13","2009","Realschule","maennlich","","","",""
"13","2009","Realschule","weiblich","","","",""
"13","2009","(Fach-)Abitur","maennlich","","","",""
"13","2009","(Fach-)Abitur","weiblich","","","",""
"13","2009","AkademikerIn","maennlich","","","",""
"13","2009","AkademikerIn","weiblich","","","",""
"14","2009","(noch) kein Abschluss","maennlich","","","",""
"14","2009","(noch) kein Abschluss","weiblich","","","",""
"14","2009","Hauptschule","maennlich","","","",""
"14","2009","Hauptschule","weiblich","1","","",""
"14","2009","Realschule","maennlich","","","",""
"14","2009","Realschule","weiblich","","","",""
"14","2009","(Fach-)Abitur","maennlich","","","",""
"14","2009","(Fach-)Abitur","weiblich","","","",""
"14","2009","AkademikerIn","maennlich","","","",""
"14","2009","AkademikerIn","weiblich","","","",""
"15","2009","(noch) kein Abschluss","maennlich","","","",""
"15","2009","(noch) kein Abschluss","weiblich","","","",""
"15","2009","Hauptschule","maennlich","","","",""
"15","2009","Hauptschule","weiblich","","","",""
"15","2009","Realschule","maennlich","","","",""
"15","2009","Realschule","weiblich","","","",""
"15","2009","(Fach-)Abitur","maennlich","","","",""
"15","2009","(Fach-)Abitur","weiblich","","","",""
"15","2009","AkademikerIn","maennlich","","","",""
"15","2009","AkademikerIn","weiblich","","","",""
"16","2009","(noch) kein Abschluss","maennlich","","","",""
"16","2009","(noch) kein Abschluss","weiblich","","","",""
"16","2009","Hauptschule","maennlich","","","",""
"16","2009","Hauptschule","weiblich","","","",""
"16","2009","Realschule","maennlich","","","",""
"16","2009","Realschule","weiblich","","","",""
"16","2009","(Fach-)Abitur","maennlich","","","",""
"16","2009","(Fach-)Abitur","weiblich","","","",""
"16","2009","AkademikerIn","maennlich","","","",""
"16","2009","AkademikerIn","weiblich","","","",""
"17","2009","(noch) kein Abschluss","maennlich","","","",""
"17","2009","(noch) kein Abschluss","weiblich","","","",""
"17","2009","Hauptschule","maennlich","","","",""
"17","2009","Hauptschule","weiblich","","","",""
"17","2009","Realschule","maennlich","","","",""
"17","2009","Realschule","weiblich","","","",""
"17","2009","(Fach-)Abitur","maennlich","","","",""
"17","2009","(Fach-)Abitur","weiblich","","","",""
"17","2009","AkademikerIn","maennlich","","","",""
"17","2009","AkademikerIn","weiblich","","","",""
"18","2009","(noch) kein Abschluss","maennlich","","","",""
"18","2009","(noch) kein Abschluss","weiblich","","","",""
"18","2009","Hauptschule","maennlich","","","",""
"18","2009","Hauptschule","weiblich","","","",""
"18","2009","Realschule","maennlich","","","",""
"18","2009","Realschule","weiblich","","","",""
"18","2009","(Fach-)Abitur","maennlich","","","",""
"18","2009","(Fach-)Abitur","weiblich","","","",""
"18","2009","AkademikerIn","maennlich","","","",""
"18","2009","AkademikerIn","weiblich","","","",""
"19","2009","(noch) kein Abschluss","maennlich","","","",""
"19","2009","(noch) kein Abschluss","weiblich","","","",""
"19","2009","Hauptschule","maennlich","","","",""
"19","2009","Hauptschule","weiblich","","","",""
"19","2009","Realschule","maennlich","","","",""
"19","2009","Realschule","weiblich","","","",""
"19","2009","(Fach-)Abitur","maennlich","","","",""
"19","2009","(Fach-)Abitur","weiblich","","","",""
"19","2009","AkademikerIn","maennlich","","","",""
"19","2009","AkademikerIn","weiblich","","","",""
"20","2009","(noch) kein Abschluss","maennlich","","","",""
"20","2009","(noch) kein Abschluss","weiblich","","","",""
"20","2009","Hauptschule","maennlich","","","",""
"20","2009","Hauptschule","weiblich","","","",""
"20","2009","Realschule","maennlich","","","",""
"20","2009","Realschule","weiblich","","","",""
"20","2009","(Fach-)Abitur","maennlich","","","",""
"20","2009","(Fach-)Abitur","weiblich","","","",""
"20","2009","AkademikerIn","maennlich","","","",""
"20","2009","AkademikerIn","weiblich","","","",""
"21","2009","(noch) kein Abschluss","maennlich","","","",""
"21","2009","(noch) kein Abschluss","weiblich","","","",""
"21","2009","Hauptschule","maennlich","","","",""
"21","2009","Hauptschule","weiblich","","","",""
"21","2009","Realschule","maennlich","","","",""
"21","2009","Realschule","weiblich","","","",""
"21","2009","(Fach-)Abitur","maennlich","","","",""
"21","2009","(Fach-)Abitur","weiblich","","","",""
"21","2009","AkademikerIn","maennlich","","","",""
"21","2009","AkademikerIn","weiblich","","","",""
"22","2009","(noch) kein Abschluss","maennlich","","","",""
"22","2009","(noch) kein Abschluss","weiblich","","","",""
"22","2009","Hauptschule","maennlich","","","",""
"22","2009","Hauptschule","weiblich","","","",""
"22","2009","Realschule","maennlich","","","",""
"22","2009","Realschule","weiblich","","","",""
"22","2009","(Fach-)Abitur","maennlich","","","",""
"22","2009","(Fach-)Abitur","weiblich","","","",""
"22","2009","AkademikerIn","maennlich","","","",""
"22","2009","AkademikerIn","weiblich","","","",""
"23","2009","(noch) kein Abschluss","maennlich","","","",""
"23","2009","(noch) kein Abschluss","weiblich","","","",""
"23","2009","Hauptschule","maennlich","","","",""
"23","2009","Hauptschule","weiblich","","","",""
"23","2009","Realschule","maennlich","","","",""
"23","2009","Realschule","weiblich","","","",""
"23","2009","(Fach-)Abitur","maennlich","","","",""
"23","2009","(Fach-)Abitur","weiblich","","","",""
"23","2009","AkademikerIn","maennlich","","","",""
"23","2009","AkademikerIn","weiblich","","","",""
"24","2009","(noch) kein Abschluss","maennlich","","","",""
"24","2009","(noch) kein Abschluss","weiblich","","","",""
"24","2009","Hauptschule","maennlich","","","",""
"24","2009","Hauptschule","weiblich","","","",""
"24","2009","Realschule","maennlich","","","",""
"24","2009","Realschule","weiblich","","","",""
"24","2009","(Fach-)Abitur","maennlich","","","",""
"24","2009","(Fach-)Abitur","weiblich","","","",""
"24","2009","AkademikerIn","maennlich","","","",""
"24","2009","AkademikerIn","weiblich","","","",""
"25","2009","(noch) kein Abschluss","maennlich","","","",""
"25","2009","(noch) kein Abschluss","weiblich","","","",""
"25","2009","Hauptschule","maennlich","","","",""
"25","2009","Hauptschule","weiblich","","","",""
"25","2009","Realschule","maennlich","","","",""
"25","2009","Realschule","weiblich","","","",""
"25","2009","(Fach-)Abitur","maennlich","","","",""
"25","2009","(Fach-)Abitur","weiblich","","","",""
"25","2009","AkademikerIn","maennlich","","","",""
"25","2009","AkademikerIn","weiblich","","","",""
"26","2009","(noch) kein Abschluss","maennlich","","","",""
"26","2009","(noch) kein Abschluss","weiblich","","","",""
"26","2009","Hauptschule","maennlich","","","",""
"26","2009","Hauptschule","weiblich","","","",""
"26","2009","Realschule","maennlich","","","",""
"26","2009","Realschule","weiblich","","","",""
"26","2009","(Fach-)Abitur","maennlich","","","",""
"26","2009","(Fach-)Abitur","weiblich","","","",""
"26","2009","AkademikerIn","maennlich","","","",""
"26","2009","AkademikerIn","weiblich","","","",""
"27","2009","(noch) kein Abschluss","maennlich","","","",""
"27","2009","(noch) kein Abschluss","weiblich","","","",""
"27","2009","Hauptschule","maennlich","","","",""
"27","2009","Hauptschule","weiblich","","","",""
"27","2009","Realschule","maennlich","","","",""
"27","2009","Realschule","weiblich","","","",""
"27","2009","(Fach-)Abitur","maennlich","","","",""
"27","2009","(Fach-)Abitur","weiblich","","","",""
"27","2009","AkademikerIn","maennlich","","","",""
"27","2009","AkademikerIn","weiblich","","","",""
"28","2009","(noch) kein Abschluss","maennlich","","","",""
"28","2009","(noch) kein Abschluss","weiblich","","","",""
"28","2009","Hauptschule","maennlich","1","","",""
"28","2009","Hauptschule","weiblich","","","",""
"28","2009","Realschule","maennlich","","","",""
"28","2009","Realschule","weiblich","","","",""
"28","2009","(Fach-)Abitur","maennlich","","","",""
"28","2009","(Fach-)Abitur","weiblich","","","",""
"28","2009","AkademikerIn","maennlich","","","",""
"28","2009","AkademikerIn","weiblich","","","",""
"30","2009","(noch) kein Abschluss","maennlich","","","",""
"30","2009","(noch) kein Abschluss","weiblich","","","",""
"30","2009","Hauptschule","maennlich","","","",""
"30","2009","Hauptschule","weiblich","","","",""
"30","2009","Realschule","maennlich","","","",""
"30","2009","Realschule","weiblich","","","",""
"30","2009","(Fach-)Abitur","maennlich","","","",""
"30","2009","(Fach-)Abitur","weiblich","","","",""
"30","2009","AkademikerIn","maennlich","","","",""
"30","2009","AkademikerIn","weiblich","","","",""
"31","2009","(noch) kein Abschluss","maennlich","","","",""
"31","2009","(noch) kein Abschluss","weiblich","","","",""
"31","2009","Hauptschule","maennlich","","","",""
"31","2009","Hauptschule","weiblich","","","",""
"31","2009","Realschule","maennlich","","","",""
"31","2009","Realschule","weiblich","","","",""
"31","2009","(Fach-)Abitur","maennlich","","","",""
"31","2009","(Fach-)Abitur","weiblich","","","",""
"31","2009","AkademikerIn","maennlich","","","",""
"31","2009","AkademikerIn","weiblich","","","",""
"32","2009","(noch) kein Abschluss","maennlich","","","",""
"32","2009","(noch) kein Abschluss","weiblich","","","",""
"32","2009","Hauptschule","maennlich","","","",""
"32","2009","Hauptschule","weiblich","","","",""
"32","2009","Realschule","maennlich","","","",""
"32","2009","Realschule","weiblich","","","",""
"32","2009","(Fach-)Abitur","maennlich","","","",""
"32","2009","(Fach-)Abitur","weiblich","","","",""
"32","2009","AkademikerIn","maennlich","","","",""
"32","2009","AkademikerIn","weiblich","","","",""
"35","2009","(noch) kein Abschluss","maennlich","","","",""
"35","2009","(noch) kein Abschluss","weiblich","","","",""
"35","2009","Hauptschule","maennlich","","","",""
"35","2009","Hauptschule","weiblich","","","",""
"35","2009","Realschule","maennlich","","","",""
"35","2009","Realschule","weiblich","","","",""
"35","2009","(Fach-)Abitur","maennlich","","","",""
"35","2009","(Fach-)Abitur","weiblich","","","",""
"35","2009","AkademikerIn","maennlich","","","",""
"35","2009","AkademikerIn","weiblich","","","",""
"36","2009","(noch) kein Abschluss","maennlich","","","",""
"36","2009","(noch) kein Abschluss","weiblich","","","",""
"36","2009","Hauptschule","maennlich","","","",""
"36","2009","Hauptschule","weiblich","","","",""
"36","2009","Realschule","maennlich","","","",""
"36","2009","Realschule","weiblich","","","",""
"36","2009","(Fach-)Abitur","maennlich","","","",""
"36","2009","(Fach-)Abitur","weiblich","","","",""
"36","2009","AkademikerIn","maennlich","","","",""
"36","2009","AkademikerIn","weiblich","","","",""
"40","2009","(noch) kein Abschluss","maennlich","","","",""
"40","2009","(noch) kein Abschluss","weiblich","","","",""
"40","2009","Hauptschule","maennlich","","","",""
"40","2009","Hauptschule","weiblich","","","",""
"40","2009","Realschule","maennlich","","","",""
"40","2009","Realschule","weiblich","","","",""
"40","2009","(Fach-)Abitur","maennlich","","","",""
"40","2009","(Fach-)Abitur","weiblich","","","",""
"40","2009","AkademikerIn","maennlich","","","",""
"40","2009","AkademikerIn","weiblich","","","",""
"42","2009","(noch) kein Abschluss","maennlich","","","",""
"42","2009","(noch) kein Abschluss","weiblich","","","",""
"42","2009","Hauptschule","maennlich","","","",""
"42","2009","Hauptschule","weiblich","","","",""
"42","2009","Realschule","maennlich","","","",""
"42","2009","Realschule","weiblich","","","",""
"42","2009","(Fach-)Abitur","maennlich","","","",""
"42","2009","(Fach-)Abitur","weiblich","","","",""
"42","2009","AkademikerIn","maennlich","","","",""
"42","2009","AkademikerIn","weiblich","","","",""
"45","2009","(noch) kein Abschluss","maennlich","","","",""
"45","2009","(noch) kein Abschluss","weiblich","","","",""
"45","2009","Hauptschule","maennlich","","","",""
"45","2009","Hauptschule","weiblich","","","",""
"45","2009","Realschule","maennlich","","","",""
"45","2009","Realschule","weiblich","","","",""
"45","2009","(Fach-)Abitur","maennlich","","","",""
"45","2009","(Fach-)Abitur","weiblich","","","",""
"45","2009","AkademikerIn","maennlich","","","",""
"45","2009","AkademikerIn","weiblich","","","",""
"48","2009","(noch) kein Abschluss","maennlich","","","",""
"48","2009","(noch) kein Abschluss","weiblich","","","",""
"48","2009","Hauptschule","maennlich","","","",""
"48","2009","Hauptschule","weiblich","","","",""
"48","2009","Realschule","maennlich","","","",""
"48","2009","Realschule","weiblich","","","",""
"48","2009","(Fach-)Abitur","maennlich","","","",""
"48","2009","(Fach-)Abitur","weiblich","","","",""
"48","2009","AkademikerIn","maennlich","","","",""
"48","2009","AkademikerIn","weiblich","","","",""
"50","2009","(noch) kein Abschluss","maennlich","","","",""
"50","2009","(noch) kein Abschluss","weiblich","","","",""
"50","2009","Hauptschule","maennlich","","","",""
"50","2009","Hauptschule","weiblich","","","",""
"50","2009","Realschule","maennlich","","","",""
"50","2009","Realschule","weiblich","","","",""
"50","2009","(Fach-)Abitur","maennlich","","","",""
"50","2009","(Fach-)Abitur","weiblich","","","",""
"50","2009","AkademikerIn","maennlich","","","",""
"50","2009","AkademikerIn","weiblich","","","",""
"51","2009","(noch) kein Abschluss","maennlich","","","",""
"51","2009","(noch) kein Abschluss","weiblich","","","",""
"51","2009","Hauptschule","maennlich","","","",""
"51","2009","Hauptschule","weiblich","","","",""
"51","2009","Realschule","maennlich","","","",""
"51","2009","Realschule","weiblich","","","",""
"51","2009","(Fach-)Abitur","maennlich","","","",""
"51","2009","(Fach-)Abitur","weiblich","","","",""
"51","2009","AkademikerIn","maennlich","","","",""
"51","2009","AkademikerIn","weiblich","","","",""
"64","2009","(noch) kein Abschluss","maennlich","","","",""
"64","2009","(noch) kein Abschluss","weiblich","","","",""
"64","2009","Hauptschule","maennlich","","","",""
"64","2009","Hauptschule","weiblich","","","",""
"64","2009","Realschule","maennlich","","","",""
"64","2009","Realschule","weiblich","","","",""
"64","2009","(Fach-)Abitur","maennlich","","","",""
"64","2009","(Fach-)Abitur","weiblich","","","",""
"64","2009","AkademikerIn","maennlich","","","",""
"64","2009","AkademikerIn","weiblich","","","",""
"65","2009","(noch) kein Abschluss","maennlich","","","",""
"65","2009","(noch) kein Abschluss","weiblich","","","",""
"65","2009","Hauptschule","maennlich","","","",""
"65","2009","Hauptschule","weiblich","","","",""
"65","2009","Realschule","maennlich","","","",""
"65","2009","Realschule","weiblich","","","",""
"65","2009","(Fach-)Abitur","maennlich","","","",""
"65","2009","(Fach-)Abitur","weiblich","","","",""
"65","2009","AkademikerIn","maennlich","","","",""
"65","2009","AkademikerIn","weiblich","","","",""
"90","2009","(noch) kein Abschluss","maennlich","","","",""
"90","2009","(noch) kein Abschluss","weiblich","","","",""
"90","2009","Hauptschule","maennlich","","","",""
"90","2009","Hauptschule","weiblich","","","",""
"90","2009","Realschule","maennlich","","","",""
"90","2009","Realschule","weiblich","","","",""
"90","2009","(Fach-)Abitur","maennlich","","","",""
"90","2009","(Fach-)Abitur","weiblich","","","",""
"90","2009","AkademikerIn","maennlich","","","",""
"90","2009","AkademikerIn","weiblich","","","",""
"98","2009","(noch) kein Abschluss","maennlich","","","",""
"98","2009","(noch) kein Abschluss","weiblich","","","",""
"98","2009","Hauptschule","maennlich","","","",""
"98","2009","Hauptschule","weiblich","","","",""
"98","2009","Realschule","maennlich","","","",""
"98","2009","Realschule","weiblich","","","",""
"98","2009","(Fach-)Abitur","maennlich","","","",""
"98","2009","(Fach-)Abitur","weiblich","","","",""
"98","2009","AkademikerIn","maennlich","","","",""
"98","2009","AkademikerIn","weiblich","","","",""
"100","2009","(noch) kein Abschluss","maennlich","","","",""
"100","2009","(noch) kein Abschluss","weiblich","","","",""
"100","2009","Hauptschule","maennlich","","","",""
"100","2009","Hauptschule","weiblich","","","",""
"100","2009","Realschule","maennlich","","","",""
"100","2009","Realschule","weiblich","","","",""
"100","2009","(Fach-)Abitur","maennlich","","","",""
"100","2009","(Fach-)Abitur","weiblich","","","",""
"100","2009","AkademikerIn","maennlich","","","",""
"100","2009","AkademikerIn","weiblich","","","",""
"0","2010","(noch) kein Abschluss","maennlich","","","",""
"0","2010","(noch) kein Abschluss","weiblich","","","",""
"0","2010","Hauptschule","maennlich","","","",""
"0","2010","Hauptschule","weiblich","","","",""
"0","2010","Realschule","maennlich","","","",""
"0","2010","Realschule","weiblich","","","",""
"0","2010","(Fach-)Abitur","maennlich","","","",""
"0","2010","(Fach-)Abitur","weiblich","","","",""
"0","2010","AkademikerIn","maennlich","","","",""
"0","2010","AkademikerIn","weiblich","","","",""
"1","2010","(noch) kein Abschluss","maennlich","23","","",""
"1","2010","(noch) kein Abschluss","weiblich","45","0.791284177533769","0.690933168444389","0.891635186623149"
"1","2010","Hauptschule","maennlich","366","0.772337881219135","0.735285630463671","0.809390131974599"
"1","2010","Hauptschule","weiblich","519","0.751623597056776","0.719172461037295","0.784074733076257"
"1","2010","Realschule","maennlich","193","","",""
"1","2010","Realschule","weiblich","494","0.802814768155143","0.771496544918185","0.834132991392101"
"1","2010","(Fach-)Abitur","maennlich","80","0.615253746522734","0.524332353357561","0.706175139687907"
"1","2010","(Fach-)Abitur","weiblich","188","","",""
"1","2010","AkademikerIn","maennlich","211","","",""
"1","2010","AkademikerIn","weiblich","319","0.716206857558413","0.672353256624749","0.760060458492076"
"2","2010","(noch) kein Abschluss","maennlich","2","","",""
"2","2010","(noch) kein Abschluss","weiblich","10","","",""
"2","2010","Hauptschule","maennlich","82","0.133206993830489","0.103181735505045","0.163232252155934"
"2","2010","Hauptschule","weiblich","100","","",""
"2","2010","Realschule","maennlich","43","0.201967582903152","0.152884409913667","0.251050755892637"
"2","2010","Realschule","weiblich","84","0.132063678196354","0.105414251388396","0.158713105004313"
"2","2010","(Fach-)Abitur","maennlich","20","","",""
"2","2010","(Fach-)Abitur","weiblich","42","0.188078726941666","0.138945900004195","0.237211553879136"
"2","2010","AkademikerIn","maennlich","43","0.170021950628535","0.125047435018966","0.214996466238104"
"2","2010","AkademikerIn","weiblich","67","0.213326097296375","0.173478288957171","0.253173905635578"
"3","2010","(noch) kein Abschluss","maennlich","2","","",""
"3","2010","(noch) kein Abschluss","weiblich","6","0.0410046339780081","-0.00796225811242394","0.0899715260684401"
"3","2010","Hauptschule","maennlich","28","","",""
"3","2010","Hauptschule","weiblich","38","0.0721274636655965","0.0526976325549479","0.0915572947762451"
"3","2010","Realschule","maennlich","8","0.0194440340462475","0.00256253887099813","0.0363255292214968"
"3","2010","Realschule","weiblich","28","","",""
"3","2010","(Fach-)Abitur","maennlich","7","0.0381068716635984","0.00232881000139622","0.0738849333258005"
"3","2010","(Fach-)Abitur","weiblich","7","0.0179191024248728","0.00123984498313821","0.0345983598666073"
"3","2010","AkademikerIn","maennlich","10","","",""
"3","2010","AkademikerIn","weiblich","14","","",""
"4","2010","(noch) kein Abschluss","maennlich","","","",""
"4","2010","(noch) kein Abschluss","weiblich","","","",""
"4","2010","Hauptschule","maennlich","8","0.0141199773271578","0.00369453302246517","0.0245454216318505"
"4","2010","Hauptschule","weiblich","12","","",""
"4","2010","Realschule","maennlich","5","0.0259309449631684","0.00650037346728929","0.0453615164590475"
"4","2010","Realschule","weiblich","9","0.0119945714661777","0.00342568714655094","0.0205634557858044"
"4","2010","(Fach-)Abitur","maennlich","1","","",""
"4","2010","(Fach-)Abitur","weiblich","2","","",""
"4","2010","AkademikerIn","maennlich","3","","",""
"4","2010","AkademikerIn","weiblich","3","","",""
"5","2010","(noch) kein Abschluss","maennlich","","","",""
"5","2010","(noch) kein Abschluss","weiblich","1","","",""
"5","2010","Hauptschule","maennlich","4","0.00457203867570479","-0.00138904756995018","0.0105331249213598"
"5","2010","Hauptschule","weiblich","6","0.00485863527207784","-0.000363812119504325","0.01008108266366"
"5","2010","Realschule","maennlich","3","","",""
"5","2010","Realschule","weiblich","4","0.00941111951156535","0.00181101411764413","0.0170112249054866"
"5","2010","(Fach-)Abitur","maennlich","2","","",""
"5","2010","(Fach-)Abitur","weiblich","1","","",""
"5","2010","AkademikerIn","maennlich","","","",""
"5","2010","AkademikerIn","weiblich","","","",""
"6","2010","(noch) kein Abschluss","maennlich","","","",""
"6","2010","(noch) kein Abschluss","weiblich","","","",""
"6","2010","Hauptschule","maennlich","1","","",""
"6","2010","Hauptschule","weiblich","2","","",""
"6","2010","Realschule","maennlich","1","","",""
"6","2010","Realschule","weiblich","","","",""
"6","2010","(Fach-)Abitur","maennlich","","","",""
"6","2010","(Fach-)Abitur","weiblich","1","","",""
"6","2010","AkademikerIn","maennlich","","","",""
"6","2010","AkademikerIn","weiblich","","","",""
"7","2010","(noch) kein Abschluss","maennlich","","","",""
"7","2010","(noch) kein Abschluss","weiblich","1","","",""
"7","2010","Hauptschule","maennlich","1","","",""
"7","2010","Hauptschule","weiblich","2","","",""
"7","2010","Realschule","maennlich","2","","",""
"7","2010","Realschule","weiblich","","","",""
"7","2010","(Fach-)Abitur","maennlich","","","",""
"7","2010","(Fach-)Abitur","weiblich","","","",""
"7","2010","AkademikerIn","maennlich","1","","",""
"7","2010","AkademikerIn","weiblich","","","",""
"8","2010","(noch) kein Abschluss","maennlich","","","",""
"8","2010","(noch) kein Abschluss","weiblich","","","",""
"8","2010","Hauptschule","maennlich","","","",""
"8","2010","Hauptschule","weiblich","","","",""
"8","2010","Realschule","maennlich","","","",""
"8","2010","Realschule","weiblich","1","","",""
"8","2010","(Fach-)Abitur","maennlich","","","",""
"8","2010","(Fach-)Abitur","weiblich","","","",""
"8","2010","AkademikerIn","maennlich","","","",""
"8","2010","AkademikerIn","weiblich","2","","",""
"9","2010","(noch) kein Abschluss","maennlich","","","",""
"9","2010","(noch) kein Abschluss","weiblich","","","",""
"9","2010","Hauptschule","maennlich","","","",""
"9","2010","Hauptschule","weiblich","","","",""
"9","2010","Realschule","maennlich","1","","",""
"9","2010","Realschule","weiblich","","","",""
"9","2010","(Fach-)Abitur","maennlich","","","",""
"9","2010","(Fach-)Abitur","weiblich","","","",""
"9","2010","AkademikerIn","maennlich","","","",""
"9","2010","AkademikerIn","weiblich","","","",""
"10","2010","(noch) kein Abschluss","maennlich","1","","",""
"10","2010","(noch) kein Abschluss","weiblich","","","",""
"10","2010","Hauptschule","maennlich","","","",""
"10","2010","Hauptschule","weiblich","1","","",""
"10","2010","Realschule","maennlich","","","",""
"10","2010","Realschule","weiblich","","","",""
"10","2010","(Fach-)Abitur","maennlich","","","",""
"10","2010","(Fach-)Abitur","weiblich","1","","",""
"10","2010","AkademikerIn","maennlich","","","",""
"10","2010","AkademikerIn","weiblich","","","",""
"11","2010","(noch) kein Abschluss","maennlich","","","",""
"11","2010","(noch) kein Abschluss","weiblich","","","",""
"11","2010","Hauptschule","maennlich","","","",""
"11","2010","Hauptschule","weiblich","","","",""
"11","2010","Realschule","maennlich","","","",""
"11","2010","Realschule","weiblich","","","",""
"11","2010","(Fach-)Abitur","maennlich","","","",""
"11","2010","(Fach-)Abitur","weiblich","","","",""
"11","2010","AkademikerIn","maennlich","","","",""
"11","2010","AkademikerIn","weiblich","","","",""
"12","2010","(noch) kein Abschluss","maennlich","","","",""
"12","2010","(noch) kein Abschluss","weiblich","","","",""
"12","2010","Hauptschule","maennlich","","","",""
"12","2010","Hauptschule","weiblich","","","",""
"12","2010","Realschule","maennlich","","","",""
"12","2010","Realschule","weiblich","","","",""
"12","2010","(Fach-)Abitur","maennlich","","","",""
"12","2010","(Fach-)Abitur","weiblich","","","",""
"12","2010","AkademikerIn","maennlich","","","",""
"12","2010","AkademikerIn","weiblich","","","",""
"13","2010","(noch) kein Abschluss","maennlich","1","","",""
"13","2010","(noch) kein Abschluss","weiblich","","","",""
"13","2010","Hauptschule","maennlich","","","",""
"13","2010","Hauptschule","weiblich","","","",""
"13","2010","Realschule","maennlich","","","",""
"13","2010","Realschule","weiblich","","","",""
"13","2010","(Fach-)Abitur","maennlich","","","",""
"13","2010","(Fach-)Abitur","weiblich","","","",""
"13","2010","AkademikerIn","maennlich","","","",""
"13","2010","AkademikerIn","weiblich","1","","",""
"14","2010","(noch) kein Abschluss","maennlich","","","",""
"14","2010","(noch) kein Abschluss","weiblich","","","",""
"14","2010","Hauptschule","maennlich","","","",""
"14","2010","Hauptschule","weiblich","","","",""
"14","2010","Realschule","maennlich","","","",""
"14","2010","Realschule","weiblich","","","",""
"14","2010","(Fach-)Abitur","maennlich","","","",""
"14","2010","(Fach-)Abitur","weiblich","1","","",""
"14","2010","AkademikerIn","maennlich","","","",""
"14","2010","AkademikerIn","weiblich","","","",""
"15","2010","(noch) kein Abschluss","maennlich","","","",""
"15","2010","(noch) kein Abschluss","weiblich","","","",""
"15","2010","Hauptschule","maennlich","1","","",""
"15","2010","Hauptschule","weiblich","","","",""
"15","2010","Realschule","maennlich","","","",""
"15","2010","Realschule","weiblich","","","",""
"15","2010","(Fach-)Abitur","maennlich","","","",""
"15","2010","(Fach-)Abitur","weiblich","","","",""
"15","2010","AkademikerIn","maennlich","","","",""
"15","2010","AkademikerIn","weiblich","","","",""
"16","2010","(noch) kein Abschluss","maennlich","","","",""
"16","2010","(noch) kein Abschluss","weiblich","","","",""
"16","2010","Hauptschule","maennlich","","","",""
"16","2010","Hauptschule","weiblich","","","",""
"16","2010","Realschule","maennlich","1","","",""
"16","2010","Realschule","weiblich","","","",""
"16","2010","(Fach-)Abitur","maennlich","","","",""
"16","2010","(Fach-)Abitur","weiblich","","","",""
"16","2010","AkademikerIn","maennlich","","","",""
"16","2010","AkademikerIn","weiblich","","","",""
"17","2010","(noch) kein Abschluss","maennlich","","","",""
"17","2010","(noch) kein Abschluss","weiblich","","","",""
"17","2010","Hauptschule","maennlich","","","",""
"17","2010","Hauptschule","weiblich","","","",""
"17","2010","Realschule","maennlich","","","",""
"17","2010","Realschule","weiblich","","","",""
"17","2010","(Fach-)Abitur","maennlich","","","",""
"17","2010","(Fach-)Abitur","weiblich","","","",""
"17","2010","AkademikerIn","maennlich","","","",""
"17","2010","AkademikerIn","weiblich","","","",""
"18","2010","(noch) kein Abschluss","maennlich","","","",""
"18","2010","(noch) kein Abschluss","weiblich","","","",""
"18","2010","Hauptschule","maennlich","","","",""
"18","2010","Hauptschule","weiblich","","","",""
"18","2010","Realschule","maennlich","","","",""
"18","2010","Realschule","weiblich","","","",""
"18","2010","(Fach-)Abitur","maennlich","","","",""
"18","2010","(Fach-)Abitur","weiblich","","","",""
"18","2010","AkademikerIn","maennlich","","","",""
"18","2010","AkademikerIn","weiblich","","","",""
"19","2010","(noch) kein Abschluss","maennlich","","","",""
"19","2010","(noch) kein Abschluss","weiblich","","","",""
"19","2010","Hauptschule","maennlich","","","",""
"19","2010","Hauptschule","weiblich","","","",""
"19","2010","Realschule","maennlich","","","",""
"19","2010","Realschule","weiblich","","","",""
"19","2010","(Fach-)Abitur","maennlich","","","",""
"19","2010","(Fach-)Abitur","weiblich","","","",""
"19","2010","AkademikerIn","maennlich","","","",""
"19","2010","AkademikerIn","weiblich","","","",""
"20","2010","(noch) kein Abschluss","maennlich","","","",""
"20","2010","(noch) kein Abschluss","weiblich","","","",""
"20","2010","Hauptschule","maennlich","1","","",""
"20","2010","Hauptschule","weiblich","1","","",""
"20","2010","Realschule","maennlich","","","",""
"20","2010","Realschule","weiblich","","","",""
"20","2010","(Fach-)Abitur","maennlich","","","",""
"20","2010","(Fach-)Abitur","weiblich","","","",""
"20","2010","AkademikerIn","maennlich","","","",""
"20","2010","AkademikerIn","weiblich","","","",""
"21","2010","(noch) kein Abschluss","maennlich","","","",""
"21","2010","(noch) kein Abschluss","weiblich","","","",""
"21","2010","Hauptschule","maennlich","","","",""
"21","2010","Hauptschule","weiblich","","","",""
"21","2010","Realschule","maennlich","","","",""
"21","2010","Realschule","weiblich","","","",""
"21","2010","(Fach-)Abitur","maennlich","","","",""
"21","2010","(Fach-)Abitur","weiblich","","","",""
"21","2010","AkademikerIn","maennlich","","","",""
"21","2010","AkademikerIn","weiblich","","","",""
"22","2010","(noch) kein Abschluss","maennlich","","","",""
"22","2010","(noch) kein Abschluss","weiblich","","","",""
"22","2010","Hauptschule","maennlich","","","",""
"22","2010","Hauptschule","weiblich","","","",""
"22","2010","Realschule","maennlich","","","",""
"22","2010","Realschule","weiblich","","","",""
"22","2010","(Fach-)Abitur","maennlich","","","",""
"22","2010","(Fach-)Abitur","weiblich","","","",""
"22","2010","AkademikerIn","maennlich","","","",""
"22","2010","AkademikerIn","weiblich","","","",""
"23","2010","(noch) kein Abschluss","maennlich","","","",""
"23","2010","(noch) kein Abschluss","weiblich","","","",""
"23","2010","Hauptschule","maennlich","","","",""
"23","2010","Hauptschule","weiblich","","","",""
"23","2010","Realschule","maennlich","","","",""
"23","2010","Realschule","weiblich","","","",""
"23","2010","(Fach-)Abitur","maennlich","","","",""
"23","2010","(Fach-)Abitur","weiblich","","","",""
"23","2010","AkademikerIn","maennlich","","","",""
"23","2010","AkademikerIn","weiblich","","","",""
"24","2010","(noch) kein Abschluss","maennlich","","","",""
"24","2010","(noch) kein Abschluss","weiblich","","","",""
"24","2010","Hauptschule","maennlich","","","",""
"24","2010","Hauptschule","weiblich","","","",""
"24","2010","Realschule","maennlich","","","",""
"24","2010","Realschule","weiblich","","","",""
"24","2010","(Fach-)Abitur","maennlich","","","",""
"24","2010","(Fach-)Abitur","weiblich","","","",""
"24","2010","AkademikerIn","maennlich","","","",""
"24","2010","AkademikerIn","weiblich","","","",""
"25","2010","(noch) kein Abschluss","maennlich","","","",""
"25","2010","(noch) kein Abschluss","weiblich","","","",""
"25","2010","Hauptschule","maennlich","","","",""
"25","2010","Hauptschule","weiblich","","","",""
"25","2010","Realschule","maennlich","","","",""
"25","2010","Realschule","weiblich","","","",""
"25","2010","(Fach-)Abitur","maennlich","","","",""
"25","2010","(Fach-)Abitur","weiblich","","","",""
"25","2010","AkademikerIn","maennlich","","","",""
"25","2010","AkademikerIn","weiblich","","","",""
"26","2010","(noch) kein Abschluss","maennlich","","","",""
"26","2010","(noch) kein Abschluss","weiblich","","","",""
"26","2010","Hauptschule","maennlich","","","",""
"26","2010","Hauptschule","weiblich","","","",""
"26","2010","Realschule","maennlich","","","",""
"26","2010","Realschule","weiblich","","","",""
"26","2010","(Fach-)Abitur","maennlich","","","",""
"26","2010","(Fach-)Abitur","weiblich","","","",""
"26","2010","AkademikerIn","maennlich","","","",""
"26","2010","AkademikerIn","weiblich","","","",""
"27","2010","(noch) kein Abschluss","maennlich","","","",""
"27","2010","(noch) kein Abschluss","weiblich","","","",""
"27","2010","Hauptschule","maennlich","","","",""
"27","2010","Hauptschule","weiblich","","","",""
"27","2010","Realschule","maennlich","","","",""
"27","2010","Realschule","weiblich","","","",""
"27","2010","(Fach-)Abitur","maennlich","","","",""
"27","2010","(Fach-)Abitur","weiblich","","","",""
"27","2010","AkademikerIn","maennlich","","","",""
"27","2010","AkademikerIn","weiblich","","","",""
"28","2010","(noch) kein Abschluss","maennlich","","","",""
"28","2010","(noch) kein Abschluss","weiblich","","","",""
"28","2010","Hauptschule","maennlich","","","",""
"28","2010","Hauptschule","weiblich","","","",""
"28","2010","Realschule","maennlich","","","",""
"28","2010","Realschule","weiblich","","","",""
"28","2010","(Fach-)Abitur","maennlich","","","",""
"28","2010","(Fach-)Abitur","weiblich","","","",""
"28","2010","AkademikerIn","maennlich","","","",""
"28","2010","AkademikerIn","weiblich","","","",""
"30","2010","(noch) kein Abschluss","maennlich","","","",""
"30","2010","(noch) kein Abschluss","weiblich","","","",""
"30","2010","Hauptschule","maennlich","","","",""
"30","2010","Hauptschule","weiblich","","","",""
"30","2010","Realschule","maennlich","","","",""
"30","2010","Realschule","weiblich","","","",""
"30","2010","(Fach-)Abitur","maennlich","","","",""
"30","2010","(Fach-)Abitur","weiblich","","","",""
"30","2010","AkademikerIn","maennlich","","","",""
"30","2010","AkademikerIn","weiblich","","","",""
"31","2010","(noch) kein Abschluss","maennlich","","","",""
"31","2010","(noch) kein Abschluss","weiblich","","","",""
"31","2010","Hauptschule","maennlich","","","",""
"31","2010","Hauptschule","weiblich","","","",""
"31","2010","Realschule","maennlich","","","",""
"31","2010","Realschule","weiblich","","","",""
"31","2010","(Fach-)Abitur","maennlich","","","",""
"31","2010","(Fach-)Abitur","weiblich","","","",""
"31","2010","AkademikerIn","maennlich","","","",""
"31","2010","AkademikerIn","weiblich","","","",""
"32","2010","(noch) kein Abschluss","maennlich","","","",""
"32","2010","(noch) kein Abschluss","weiblich","","","",""
"32","2010","Hauptschule","maennlich","","","",""
"32","2010","Hauptschule","weiblich","","","",""
"32","2010","Realschule","maennlich","","","",""
"32","2010","Realschule","weiblich","","","",""
"32","2010","(Fach-)Abitur","maennlich","","","",""
"32","2010","(Fach-)Abitur","weiblich","","","",""
"32","2010","AkademikerIn","maennlich","","","",""
"32","2010","AkademikerIn","weiblich","","","",""
"35","2010","(noch) kein Abschluss","maennlich","","","",""
"35","2010","(noch) kein Abschluss","weiblich","","","",""
"35","2010","Hauptschule","maennlich","","","",""
"35","2010","Hauptschule","weiblich","","","",""
"35","2010","Realschule","maennlich","","","",""
"35","2010","Realschule","weiblich","","","",""
"35","2010","(Fach-)Abitur","maennlich","","","",""
"35","2010","(Fach-)Abitur","weiblich","","","",""
"35","2010","AkademikerIn","maennlich","","","",""
"35","2010","AkademikerIn","weiblich","","","",""
"36","2010","(noch) kein Abschluss","maennlich","","","",""
"36","2010","(noch) kein Abschluss","weiblich","","","",""
"36","2010","Hauptschule","maennlich","","","",""
"36","2010","Hauptschule","weiblich","","","",""
"36","2010","Realschule","maennlich","","","",""
"36","2010","Realschule","weiblich","","","",""
"36","2010","(Fach-)Abitur","maennlich","","","",""
"36","2010","(Fach-)Abitur","weiblich","","","",""
"36","2010","AkademikerIn","maennlich","","","",""
"36","2010","AkademikerIn","weiblich","","","",""
"40","2010","(noch) kein Abschluss","maennlich","","","",""
"40","2010","(noch) kein Abschluss","weiblich","","","",""
"40","2010","Hauptschule","maennlich","","","",""
"40","2010","Hauptschule","weiblich","","","",""
"40","2010","Realschule","maennlich","","","",""
"40","2010","Realschule","weiblich","","","",""
"40","2010","(Fach-)Abitur","maennlich","","","",""
"40","2010","(Fach-)Abitur","weiblich","","","",""
"40","2010","AkademikerIn","maennlich","","","",""
"40","2010","AkademikerIn","weiblich","","","",""
"42","2010","(noch) kein Abschluss","maennlich","","","",""
"42","2010","(noch) kein Abschluss","weiblich","","","",""
"42","2010","Hauptschule","maennlich","","","",""
"42","2010","Hauptschule","weiblich","","","",""
"42","2010","Realschule","maennlich","","","",""
"42","2010","Realschule","weiblich","","","",""
"42","2010","(Fach-)Abitur","maennlich","","","",""
"42","2010","(Fach-)Abitur","weiblich","","","",""
"42","2010","AkademikerIn","maennlich","","","",""
"42","2010","AkademikerIn","weiblich","","","",""
"45","2010","(noch) kein Abschluss","maennlich","","","",""
"45","2010","(noch) kein Abschluss","weiblich","","","",""
"45","2010","Hauptschule","maennlich","","","",""
"45","2010","Hauptschule","weiblich","","","",""
"45","2010","Realschule","maennlich","","","",""
"45","2010","Realschule","weiblich","","","",""
"45","2010","(Fach-)Abitur","maennlich","","","",""
"45","2010","(Fach-)Abitur","weiblich","","","",""
"45","2010","AkademikerIn","maennlich","","","",""
"45","2010","AkademikerIn","weiblich","","","",""
"48","2010","(noch) kein Abschluss","maennlich","","","",""
"48","2010","(noch) kein Abschluss","weiblich","","","",""
"48","2010","Hauptschule","maennlich","","","",""
"48","2010","Hauptschule","weiblich","","","",""
"48","2010","Realschule","maennlich","","","",""
"48","2010","Realschule","weiblich","","","",""
"48","2010","(Fach-)Abitur","maennlich","","","",""
"48","2010","(Fach-)Abitur","weiblich","","","",""
"48","2010","AkademikerIn","maennlich","","","",""
"48","2010","AkademikerIn","weiblich","","","",""
"50","2010","(noch) kein Abschluss","maennlich","","","",""
"50","2010","(noch) kein Abschluss","weiblich","","","",""
"50","2010","Hauptschule","maennlich","","","",""
"50","2010","Hauptschule","weiblich","","","",""
"50","2010","Realschule","maennlich","","","",""
"50","2010","Realschule","weiblich","","","",""
"50","2010","(Fach-)Abitur","maennlich","","","",""
"50","2010","(Fach-)Abitur","weiblich","","","",""
"50","2010","AkademikerIn","maennlich","","","",""
"50","2010","AkademikerIn","weiblich","","","",""
"51","2010","(noch) kein Abschluss","maennlich","","","",""
"51","2010","(noch) kein Abschluss","weiblich","","","",""
"51","2010","Hauptschule","maennlich","","","",""
"51","2010","Hauptschule","weiblich","","","",""
"51","2010","Realschule","maennlich","","","",""
"51","2010","Realschule","weiblich","","","",""
"51","2010","(Fach-)Abitur","maennlich","","","",""
"51","2010","(Fach-)Abitur","weiblich","","","",""
"51","2010","AkademikerIn","maennlich","","","",""
"51","2010","AkademikerIn","weiblich","","","",""
"64","2010","(noch) kein Abschluss","maennlich","","","",""
"64","2010","(noch) kein Abschluss","weiblich","","","",""
"64","2010","Hauptschule","maennlich","","","",""
"64","2010","Hauptschule","weiblich","","","",""
"64","2010","Realschule","maennlich","","","",""
"64","2010","Realschule","weiblich","","","",""
"64","2010","(Fach-)Abitur","maennlich","","","",""
"64","2010","(Fach-)Abitur","weiblich","","","",""
"64","2010","AkademikerIn","maennlich","","","",""
"64","2010","AkademikerIn","weiblich","","","",""
"65","2010","(noch) kein Abschluss","maennlich","","","",""
"65","2010","(noch) kein Abschluss","weiblich","","","",""
"65","2010","Hauptschule","maennlich","","","",""
"65","2010","Hauptschule","weiblich","","","",""
"65","2010","Realschule","maennlich","","","",""
"65","2010","Realschule","weiblich","","","",""
"65","2010","(Fach-)Abitur","maennlich","","","",""
"65","2010","(Fach-)Abitur","weiblich","","","",""
"65","2010","AkademikerIn","maennlich","","","",""
"65","2010","AkademikerIn","weiblich","","","",""
"90","2010","(noch) kein Abschluss","maennlich","","","",""
"90","2010","(noch) kein Abschluss","weiblich","","","",""
"90","2010","Hauptschule","maennlich","","","",""
"90","2010","Hauptschule","weiblich","","","",""
"90","2010","Realschule","maennlich","","","",""
"90","2010","Realschule","weiblich","","","",""
"90","2010","(Fach-)Abitur","maennlich","","","",""
"90","2010","(Fach-)Abitur","weiblich","","","",""
"90","2010","AkademikerIn","maennlich","","","",""
"90","2010","AkademikerIn","weiblich","","","",""
"98","2010","(noch) kein Abschluss","maennlich","","","",""
"98","2010","(noch) kein Abschluss","weiblich","","","",""
"98","2010","Hauptschule","maennlich","","","",""
"98","2010","Hauptschule","weiblich","","","",""
"98","2010","Realschule","maennlich","","","",""
"98","2010","Realschule","weiblich","","","",""
"98","2010","(Fach-)Abitur","maennlich","","","",""
"98","2010","(Fach-)Abitur","weiblich","","","",""
"98","2010","AkademikerIn","maennlich","","","",""
"98","2010","AkademikerIn","weiblich","","","",""
"100","2010","(noch) kein Abschluss","maennlich","","","",""
"100","2010","(noch) kein Abschluss","weiblich","","","",""
"100","2010","Hauptschule","maennlich","","","",""
"100","2010","Hauptschule","weiblich","","","",""
"100","2010","Realschule","maennlich","","","",""
"100","2010","Realschule","weiblich","","","",""
"100","2010","(Fach-)Abitur","maennlich","","","",""
"100","2010","(Fach-)Abitur","weiblich","","","",""
"100","2010","AkademikerIn","maennlich","","","",""
"100","2010","AkademikerIn","weiblich","","","",""
"0","2011","(noch) kein Abschluss","maennlich","","","",""
"0","2011","(noch) kein Abschluss","weiblich","","","",""
"0","2011","Hauptschule","maennlich","","","",""
"0","2011","Hauptschule","weiblich","","","",""
"0","2011","Realschule","maennlich","","","",""
"0","2011","Realschule","weiblich","","","",""
"0","2011","(Fach-)Abitur","maennlich","","","",""
"0","2011","(Fach-)Abitur","weiblich","","","",""
"0","2011","AkademikerIn","maennlich","","","",""
"0","2011","AkademikerIn","weiblich","","","",""
"1","2011","(noch) kein Abschluss","maennlich","39","0.719274327525133","0.590808532976244","0.847740122074021"
"1","2011","(noch) kein Abschluss","weiblich","54","0.854187920151749","0.772097518285764","0.936278322017735"
"1","2011","Hauptschule","maennlich","421","0.728505878881734","0.692091951199018","0.764919806564451"
"1","2011","Hauptschule","weiblich","596","0.734849192342771","0.70431855249551","0.765379832190032"
"1","2011","Realschule","maennlich","237","","",""
"1","2011","Realschule","weiblich","593","0.753509152897073","0.722665761570575","0.784352544223571"
"1","2011","(Fach-)Abitur","maennlich","103","","",""
"1","2011","(Fach-)Abitur","weiblich","242","","",""
"1","2011","AkademikerIn","maennlich","259","","",""
"1","2011","AkademikerIn","weiblich","351","0.776607479095447","0.736867561301721","0.816347396889173"
"2","2011","(noch) kein Abschluss","maennlich","4","0.137977367729957","0.0393806576438215","0.236574077816093"
"2","2011","(noch) kein Abschluss","weiblich","13","","",""
"2","2011","Hauptschule","maennlich","90","0.14493556220505","0.11611133436382","0.173759790046281"
"2","2011","Hauptschule","weiblich","136","","",""
"2","2011","Realschule","maennlich","53","0.156395363869367","0.116535651010676","0.196255076728059"
"2","2011","Realschule","weiblich","116","","",""
"2","2011","(Fach-)Abitur","maennlich","25","","",""
"2","2011","(Fach-)Abitur","weiblich","37","0.13402452343221","0.094678868419596","0.173370178444823"
"2","2011","AkademikerIn","maennlich","52","0.15848899839116","0.11926467744968","0.197713319332639"
"2","2011","AkademikerIn","weiblich","48","0.157535835787682","0.122777636859871","0.192294034715492"
"3","2011","(noch) kein Abschluss","maennlich","2","","",""
"3","2011","(noch) kein Abschluss","weiblich","3","","",""
"3","2011","Hauptschule","maennlich","36","0.0795411063638986","0.0573862574384715","0.101695955289326"
"3","2011","Hauptschule","weiblich","56","0.0671983060971648","0.0498816455274445","0.0845149666668851"
"3","2011","Realschule","maennlich","23","","",""
"3","2011","Realschule","weiblich","20","","",""
"3","2011","(Fach-)Abitur","maennlich","9","0.0996625363647816","0.050393672510198","0.148931400219365"
"3","2011","(Fach-)Abitur","weiblich","7","0.0347915851648823","0.0136274997750131","0.0559556705547516"
"3","2011","AkademikerIn","maennlich","14","","",""
"3","2011","AkademikerIn","weiblich","16","","",""
"4","2011","(noch) kein Abschluss","maennlich","","","",""
"4","2011","(noch) kein Abschluss","weiblich","","","",""
"4","2011","Hauptschule","maennlich","15","","",""
"4","2011","Hauptschule","weiblich","7","0.0136891761327055","0.00565232593035209","0.021726026335059"
"4","2011","Realschule","maennlich","1","","",""
"4","2011","Realschule","weiblich","7","0.00448176625350062","-0.000298660517711219","0.00926219302471246"
"4","2011","(Fach-)Abitur","maennlich","4","0.0253329876555244","-0.000511936282663984","0.0511779115937127"
"4","2011","(Fach-)Abitur","weiblich","2","","",""
"4","2011","AkademikerIn","maennlich","3","","",""
"4","2011","AkademikerIn","weiblich","4","0.0130780860715951","0.00223868322054272","0.0239174889226474"
"5","2011","(noch) kein Abschluss","maennlich","1","","",""
"5","2011","(noch) kein Abschluss","weiblich","","","",""
"5","2011","Hauptschule","maennlich","7","0.00861175084219","0.0010462376725381","0.0161772640118419"
"5","2011","Hauptschule","weiblich","3","","",""
"5","2011","Realschule","maennlich","1","","",""
"5","2011","Realschule","weiblich","8","0.0143946724464334","0.00587015362608156","0.0229191912667853"
"5","2011","(Fach-)Abitur","maennlich","","","",""
"5","2011","(Fach-)Abitur","weiblich","","","",""
"5","2011","AkademikerIn","maennlich","3","","",""
"5","2011","AkademikerIn","weiblich","","","",""
"6","2011","(noch) kein Abschluss","maennlich","","","",""
"6","2011","(noch) kein Abschluss","weiblich","1","","",""
"6","2011","Hauptschule","maennlich","2","","",""
"6","2011","Hauptschule","weiblich","3","","",""
"6","2011","Realschule","maennlich","","","",""
"6","2011","Realschule","weiblich","1","","",""
"6","2011","(Fach-)Abitur","maennlich","","","",""
"6","2011","(Fach-)Abitur","weiblich","","","",""
"6","2011","AkademikerIn","maennlich","","","",""
"6","2011","AkademikerIn","weiblich","","","",""
"7","2011","(noch) kein Abschluss","maennlich","1","","",""
"7","2011","(noch) kein Abschluss","weiblich","","","",""
"7","2011","Hauptschule","maennlich","","","",""
"7","2011","Hauptschule","weiblich","1","","",""
"7","2011","Realschule","maennlich","1","","",""
"7","2011","Realschule","weiblich","2","","",""
"7","2011","(Fach-)Abitur","maennlich","","","",""
"7","2011","(Fach-)Abitur","weiblich","","","",""
"7","2011","AkademikerIn","maennlich","","","",""
"7","2011","AkademikerIn","weiblich","2","","",""
"8","2011","(noch) kein Abschluss","maennlich","","","",""
"8","2011","(noch) kein Abschluss","weiblich","","","",""
"8","2011","Hauptschule","maennlich","1","","",""
"8","2011","Hauptschule","weiblich","","","",""
"8","2011","Realschule","maennlich","2","","",""
"8","2011","Realschule","weiblich","2","","",""
"8","2011","(Fach-)Abitur","maennlich","1","","",""
"8","2011","(Fach-)Abitur","weiblich","","","",""
"8","2011","AkademikerIn","maennlich","","","",""
"8","2011","AkademikerIn","weiblich","","","",""
"9","2011","(noch) kein Abschluss","maennlich","","","",""
"9","2011","(noch) kein Abschluss","weiblich","","","",""
"9","2011","Hauptschule","maennlich","","","",""
"9","2011","Hauptschule","weiblich","","","",""
"9","2011","Realschule","maennlich","1","","",""
"9","2011","Realschule","weiblich","","","",""
"9","2011","(Fach-)Abitur","maennlich","","","",""
"9","2011","(Fach-)Abitur","weiblich","","","",""
"9","2011","AkademikerIn","maennlich","1","","",""
"9","2011","AkademikerIn","weiblich","1","","",""
"10","2011","(noch) kein Abschluss","maennlich","","","",""
"10","2011","(noch) kein Abschluss","weiblich","","","",""
"10","2011","Hauptschule","maennlich","1","","",""
"10","2011","Hauptschule","weiblich","","","",""
"10","2011","Realschule","maennlich","","","",""
"10","2011","Realschule","weiblich","","","",""
"10","2011","(Fach-)Abitur","maennlich","","","",""
"10","2011","(Fach-)Abitur","weiblich","","","",""
"10","2011","AkademikerIn","maennlich","","","",""
"10","2011","AkademikerIn","weiblich","","","",""
"11","2011","(noch) kein Abschluss","maennlich","","","",""
"11","2011","(noch) kein Abschluss","weiblich","","","",""
"11","2011","Hauptschule","maennlich","","","",""
"11","2011","Hauptschule","weiblich","","","",""
"11","2011","Realschule","maennlich","","","",""
"11","2011","Realschule","weiblich","","","",""
"11","2011","(Fach-)Abitur","maennlich","","","",""
"11","2011","(Fach-)Abitur","weiblich","","","",""
"11","2011","AkademikerIn","maennlich","","","",""
"11","2011","AkademikerIn","weiblich","","","",""
"12","2011","(noch) kein Abschluss","maennlich","","","",""
"12","2011","(noch) kein Abschluss","weiblich","","","",""
"12","2011","Hauptschule","maennlich","","","",""
"12","2011","Hauptschule","weiblich","","","",""
"12","2011","Realschule","maennlich","","","",""
"12","2011","Realschule","weiblich","","","",""
"12","2011","(Fach-)Abitur","maennlich","","","",""
"12","2011","(Fach-)Abitur","weiblich","","","",""
"12","2011","AkademikerIn","maennlich","","","",""
"12","2011","AkademikerIn","weiblich","","","",""
"13","2011","(noch) kein Abschluss","maennlich","","","",""
"13","2011","(noch) kein Abschluss","weiblich","","","",""
"13","2011","Hauptschule","maennlich","","","",""
"13","2011","Hauptschule","weiblich","1","","",""
"13","2011","Realschule","maennlich","","","",""
"13","2011","Realschule","weiblich","","","",""
"13","2011","(Fach-)Abitur","maennlich","","","",""
"13","2011","(Fach-)Abitur","weiblich","","","",""
"13","2011","AkademikerIn","maennlich","","","",""
"13","2011","AkademikerIn","weiblich","","","",""
"14","2011","(noch) kein Abschluss","maennlich","","","",""
"14","2011","(noch) kein Abschluss","weiblich","","","",""
"14","2011","Hauptschule","maennlich","","","",""
"14","2011","Hauptschule","weiblich","","","",""
"14","2011","Realschule","maennlich","","","",""
"14","2011","Realschule","weiblich","","","",""
"14","2011","(Fach-)Abitur","maennlich","","","",""
"14","2011","(Fach-)Abitur","weiblich","","","",""
"14","2011","AkademikerIn","maennlich","","","",""
"14","2011","AkademikerIn","weiblich","","","",""
"15","2011","(noch) kein Abschluss","maennlich","","","",""
"15","2011","(noch) kein Abschluss","weiblich","","","",""
"15","2011","Hauptschule","maennlich","","","",""
"15","2011","Hauptschule","weiblich","","","",""
"15","2011","Realschule","maennlich","","","",""
"15","2011","Realschule","weiblich","","","",""
"15","2011","(Fach-)Abitur","maennlich","","","",""
"15","2011","(Fach-)Abitur","weiblich","","","",""
"15","2011","AkademikerIn","maennlich","","","",""
"15","2011","AkademikerIn","weiblich","","","",""
"16","2011","(noch) kein Abschluss","maennlich","","","",""
"16","2011","(noch) kein Abschluss","weiblich","","","",""
"16","2011","Hauptschule","maennlich","","","",""
"16","2011","Hauptschule","weiblich","","","",""
"16","2011","Realschule","maennlich","","","",""
"16","2011","Realschule","weiblich","","","",""
"16","2011","(Fach-)Abitur","maennlich","","","",""
"16","2011","(Fach-)Abitur","weiblich","","","",""
"16","2011","AkademikerIn","maennlich","","","",""
"16","2011","AkademikerIn","weiblich","","","",""
"17","2011","(noch) kein Abschluss","maennlich","","","",""
"17","2011","(noch) kein Abschluss","weiblich","","","",""
"17","2011","Hauptschule","maennlich","","","",""
"17","2011","Hauptschule","weiblich","","","",""
"17","2011","Realschule","maennlich","","","",""
"17","2011","Realschule","weiblich","","","",""
"17","2011","(Fach-)Abitur","maennlich","","","",""
"17","2011","(Fach-)Abitur","weiblich","","","",""
"17","2011","AkademikerIn","maennlich","","","",""
"17","2011","AkademikerIn","weiblich","","","",""
"18","2011","(noch) kein Abschluss","maennlich","","","",""
"18","2011","(noch) kein Abschluss","weiblich","","","",""
"18","2011","Hauptschule","maennlich","","","",""
"18","2011","Hauptschule","weiblich","","","",""
"18","2011","Realschule","maennlich","","","",""
"18","2011","Realschule","weiblich","","","",""
"18","2011","(Fach-)Abitur","maennlich","","","",""
"18","2011","(Fach-)Abitur","weiblich","","","",""
"18","2011","AkademikerIn","maennlich","","","",""
"18","2011","AkademikerIn","weiblich","","","",""
"19","2011","(noch) kein Abschluss","maennlich","","","",""
"19","2011","(noch) kein Abschluss","weiblich","","","",""
"19","2011","Hauptschule","maennlich","","","",""
"19","2011","Hauptschule","weiblich","","","",""
"19","2011","Realschule","maennlich","","","",""
"19","2011","Realschule","weiblich","","","",""
"19","2011","(Fach-)Abitur","maennlich","","","",""
"19","2011","(Fach-)Abitur","weiblich","","","",""
"19","2011","AkademikerIn","maennlich","","","",""
"19","2011","AkademikerIn","weiblich","","","",""
"20","2011","(noch) kein Abschluss","maennlich","","","",""
"20","2011","(noch) kein Abschluss","weiblich","","","",""
"20","2011","Hauptschule","maennlich","","","",""
"20","2011","Hauptschule","weiblich","","","",""
"20","2011","Realschule","maennlich","","","",""
"20","2011","Realschule","weiblich","","","",""
"20","2011","(Fach-)Abitur","maennlich","","","",""
"20","2011","(Fach-)Abitur","weiblich","","","",""
"20","2011","AkademikerIn","maennlich","1","","",""
"20","2011","AkademikerIn","weiblich","","","",""
"21","2011","(noch) kein Abschluss","maennlich","","","",""
"21","2011","(noch) kein Abschluss","weiblich","","","",""
"21","2011","Hauptschule","maennlich","","","",""
"21","2011","Hauptschule","weiblich","","","",""
"21","2011","Realschule","maennlich","","","",""
"21","2011","Realschule","weiblich","","","",""
"21","2011","(Fach-)Abitur","maennlich","","","",""
"21","2011","(Fach-)Abitur","weiblich","","","",""
"21","2011","AkademikerIn","maennlich","","","",""
"21","2011","AkademikerIn","weiblich","","","",""
"22","2011","(noch) kein Abschluss","maennlich","","","",""
"22","2011","(noch) kein Abschluss","weiblich","","","",""
"22","2011","Hauptschule","maennlich","","","",""
"22","2011","Hauptschule","weiblich","","","",""
"22","2011","Realschule","maennlich","","","",""
"22","2011","Realschule","weiblich","","","",""
"22","2011","(Fach-)Abitur","maennlich","","","",""
"22","2011","(Fach-)Abitur","weiblich","","","",""
"22","2011","AkademikerIn","maennlich","","","",""
"22","2011","AkademikerIn","weiblich","","","",""
"23","2011","(noch) kein Abschluss","maennlich","","","",""
"23","2011","(noch) kein Abschluss","weiblich","","","",""
"23","2011","Hauptschule","maennlich","","","",""
"23","2011","Hauptschule","weiblich","","","",""
"23","2011","Realschule","maennlich","","","",""
"23","2011","Realschule","weiblich","","","",""
"23","2011","(Fach-)Abitur","maennlich","","","",""
"23","2011","(Fach-)Abitur","weiblich","","","",""
"23","2011","AkademikerIn","maennlich","","","",""
"23","2011","AkademikerIn","weiblich","","","",""
"24","2011","(noch) kein Abschluss","maennlich","","","",""
"24","2011","(noch) kein Abschluss","weiblich","","","",""
"24","2011","Hauptschule","maennlich","","","",""
"24","2011","Hauptschule","weiblich","","","",""
"24","2011","Realschule","maennlich","","","",""
"24","2011","Realschule","weiblich","","","",""
"24","2011","(Fach-)Abitur","maennlich","","","",""
"24","2011","(Fach-)Abitur","weiblich","","","",""
"24","2011","AkademikerIn","maennlich","","","",""
"24","2011","AkademikerIn","weiblich","","","",""
"25","2011","(noch) kein Abschluss","maennlich","","","",""
"25","2011","(noch) kein Abschluss","weiblich","","","",""
"25","2011","Hauptschule","maennlich","","","",""
"25","2011","Hauptschule","weiblich","","","",""
"25","2011","Realschule","maennlich","","","",""
"25","2011","Realschule","weiblich","","","",""
"25","2011","(Fach-)Abitur","maennlich","","","",""
"25","2011","(Fach-)Abitur","weiblich","","","",""
"25","2011","AkademikerIn","maennlich","","","",""
"25","2011","AkademikerIn","weiblich","","","",""
"26","2011","(noch) kein Abschluss","maennlich","","","",""
"26","2011","(noch) kein Abschluss","weiblich","","","",""
"26","2011","Hauptschule","maennlich","","","",""
"26","2011","Hauptschule","weiblich","","","",""
"26","2011","Realschule","maennlich","","","",""
"26","2011","Realschule","weiblich","","","",""
"26","2011","(Fach-)Abitur","maennlich","","","",""
"26","2011","(Fach-)Abitur","weiblich","","","",""
"26","2011","AkademikerIn","maennlich","","","",""
"26","2011","AkademikerIn","weiblich","","","",""
"27","2011","(noch) kein Abschluss","maennlich","","","",""
"27","2011","(noch) kein Abschluss","weiblich","","","",""
"27","2011","Hauptschule","maennlich","","","",""
"27","2011","Hauptschule","weiblich","","","",""
"27","2011","Realschule","maennlich","","","",""
"27","2011","Realschule","weiblich","","","",""
"27","2011","(Fach-)Abitur","maennlich","","","",""
"27","2011","(Fach-)Abitur","weiblich","","","",""
"27","2011","AkademikerIn","maennlich","","","",""
"27","2011","AkademikerIn","weiblich","","","",""
"28","2011","(noch) kein Abschluss","maennlich","","","",""
"28","2011","(noch) kein Abschluss","weiblich","","","",""
"28","2011","Hauptschule","maennlich","","","",""
"28","2011","Hauptschule","weiblich","","","",""
"28","2011","Realschule","maennlich","","","",""
"28","2011","Realschule","weiblich","","","",""
"28","2011","(Fach-)Abitur","maennlich","","","",""
"28","2011","(Fach-)Abitur","weiblich","","","",""
"28","2011","AkademikerIn","maennlich","","","",""
"28","2011","AkademikerIn","weiblich","","","",""
"30","2011","(noch) kein Abschluss","maennlich","","","",""
"30","2011","(noch) kein Abschluss","weiblich","","","",""
"30","2011","Hauptschule","maennlich","","","",""
"30","2011","Hauptschule","weiblich","","","",""
"30","2011","Realschule","maennlich","","","",""
"30","2011","Realschule","weiblich","1","","",""
"30","2011","(Fach-)Abitur","maennlich","","","",""
"30","2011","(Fach-)Abitur","weiblich","","","",""
"30","2011","AkademikerIn","maennlich","","","",""
"30","2011","AkademikerIn","weiblich","","","",""
"31","2011","(noch) kein Abschluss","maennlich","","","",""
"31","2011","(noch) kein Abschluss","weiblich","","","",""
"31","2011","Hauptschule","maennlich","","","",""
"31","2011","Hauptschule","weiblich","","","",""
"31","2011","Realschule","maennlich","","","",""
"31","2011","Realschule","weiblich","","","",""
"31","2011","(Fach-)Abitur","maennlich","","","",""
"31","2011","(Fach-)Abitur","weiblich","","","",""
"31","2011","AkademikerIn","maennlich","","","",""
"31","2011","AkademikerIn","weiblich","","","",""
"32","2011","(noch) kein Abschluss","maennlich","","","",""
"32","2011","(noch) kein Abschluss","weiblich","","","",""
"32","2011","Hauptschule","maennlich","","","",""
"32","2011","Hauptschule","weiblich","","","",""
"32","2011","Realschule","maennlich","","","",""
"32","2011","Realschule","weiblich","","","",""
"32","2011","(Fach-)Abitur","maennlich","","","",""
"32","2011","(Fach-)Abitur","weiblich","","","",""
"32","2011","AkademikerIn","maennlich","","","",""
"32","2011","AkademikerIn","weiblich","","","",""
"35","2011","(noch) kein Abschluss","maennlich","","","",""
"35","2011","(noch) kein Abschluss","weiblich","","","",""
"35","2011","Hauptschule","maennlich","","","",""
"35","2011","Hauptschule","weiblich","","","",""
"35","2011","Realschule","maennlich","","","",""
"35","2011","Realschule","weiblich","","","",""
"35","2011","(Fach-)Abitur","maennlich","","","",""
"35","2011","(Fach-)Abitur","weiblich","","","",""
"35","2011","AkademikerIn","maennlich","","","",""
"35","2011","AkademikerIn","weiblich","","","",""
"36","2011","(noch) kein Abschluss","maennlich","","","",""
"36","2011","(noch) kein Abschluss","weiblich","","","",""
"36","2011","Hauptschule","maennlich","","","",""
"36","2011","Hauptschule","weiblich","","","",""
"36","2011","Realschule","maennlich","","","",""
"36","2011","Realschule","weiblich","","","",""
"36","2011","(Fach-)Abitur","maennlich","","","",""
"36","2011","(Fach-)Abitur","weiblich","","","",""
"36","2011","AkademikerIn","maennlich","","","",""
"36","2011","AkademikerIn","weiblich","","","",""
"40","2011","(noch) kein Abschluss","maennlich","","","",""
"40","2011","(noch) kein Abschluss","weiblich","","","",""
"40","2011","Hauptschule","maennlich","","","",""
"40","2011","Hauptschule","weiblich","","","",""
"40","2011","Realschule","maennlich","","","",""
"40","2011","Realschule","weiblich","","","",""
"40","2011","(Fach-)Abitur","maennlich","","","",""
"40","2011","(Fach-)Abitur","weiblich","","","",""
"40","2011","AkademikerIn","maennlich","","","",""
"40","2011","AkademikerIn","weiblich","","","",""
"42","2011","(noch) kein Abschluss","maennlich","","","",""
"42","2011","(noch) kein Abschluss","weiblich","","","",""
"42","2011","Hauptschule","maennlich","","","",""
"42","2011","Hauptschule","weiblich","","","",""
"42","2011","Realschule","maennlich","","","",""
"42","2011","Realschule","weiblich","","","",""
"42","2011","(Fach-)Abitur","maennlich","","","",""
"42","2011","(Fach-)Abitur","weiblich","","","",""
"42","2011","AkademikerIn","maennlich","","","",""
"42","2011","AkademikerIn","weiblich","","","",""
"45","2011","(noch) kein Abschluss","maennlich","","","",""
"45","2011","(noch) kein Abschluss","weiblich","","","",""
"45","2011","Hauptschule","maennlich","","","",""
"45","2011","Hauptschule","weiblich","","","",""
"45","2011","Realschule","maennlich","","","",""
"45","2011","Realschule","weiblich","","","",""
"45","2011","(Fach-)Abitur","maennlich","","","",""
"45","2011","(Fach-)Abitur","weiblich","","","",""
"45","2011","AkademikerIn","maennlich","","","",""
"45","2011","AkademikerIn","weiblich","","","",""
"48","2011","(noch) kein Abschluss","maennlich","","","",""
"48","2011","(noch) kein Abschluss","weiblich","","","",""
"48","2011","Hauptschule","maennlich","","","",""
"48","2011","Hauptschule","weiblich","","","",""
"48","2011","Realschule","maennlich","","","",""
"48","2011","Realschule","weiblich","","","",""
"48","2011","(Fach-)Abitur","maennlich","","","",""
"48","2011","(Fach-)Abitur","weiblich","","","",""
"48","2011","AkademikerIn","maennlich","","","",""
"48","2011","AkademikerIn","weiblich","","","",""
"50","2011","(noch) kein Abschluss","maennlich","","","",""
"50","2011","(noch) kein Abschluss","weiblich","","","",""
"50","2011","Hauptschule","maennlich","","","",""
"50","2011","Hauptschule","weiblich","","","",""
"50","2011","Realschule","maennlich","","","",""
"50","2011","Realschule","weiblich","","","",""
"50","2011","(Fach-)Abitur","maennlich","","","",""
"50","2011","(Fach-)Abitur","weiblich","","","",""
"50","2011","AkademikerIn","maennlich","","","",""
"50","2011","AkademikerIn","weiblich","","","",""
"51","2011","(noch) kein Abschluss","maennlich","","","",""
"51","2011","(noch) kein Abschluss","weiblich","","","",""
"51","2011","Hauptschule","maennlich","","","",""
"51","2011","Hauptschule","weiblich","","","",""
"51","2011","Realschule","maennlich","","","",""
"51","2011","Realschule","weiblich","","","",""
"51","2011","(Fach-)Abitur","maennlich","","","",""
"51","2011","(Fach-)Abitur","weiblich","","","",""
"51","2011","AkademikerIn","maennlich","","","",""
"51","2011","AkademikerIn","weiblich","","","",""
"64","2011","(noch) kein Abschluss","maennlich","","","",""
"64","2011","(noch) kein Abschluss","weiblich","","","",""
"64","2011","Hauptschule","maennlich","","","",""
"64","2011","Hauptschule","weiblich","","","",""
"64","2011","Realschule","maennlich","","","",""
"64","2011","Realschule","weiblich","","","",""
"64","2011","(Fach-)Abitur","maennlich","","","",""
"64","2011","(Fach-)Abitur","weiblich","","","",""
"64","2011","AkademikerIn","maennlich","","","",""
"64","2011","AkademikerIn","weiblich","","","",""
"65","2011","(noch) kein Abschluss","maennlich","","","",""
"65","2011","(noch) kein Abschluss","weiblich","","","",""
"65","2011","Hauptschule","maennlich","","","",""
"65","2011","Hauptschule","weiblich","","","",""
"65","2011","Realschule","maennlich","","","",""
"65","2011","Realschule","weiblich","","","",""
"65","2011","(Fach-)Abitur","maennlich","","","",""
"65","2011","(Fach-)Abitur","weiblich","","","",""
"65","2011","AkademikerIn","maennlich","","","",""
"65","2011","AkademikerIn","weiblich","","","",""
"90","2011","(noch) kein Abschluss","maennlich","","","",""
"90","2011","(noch) kein Abschluss","weiblich","","","",""
"90","2011","Hauptschule","maennlich","","","",""
"90","2011","Hauptschule","weiblich","","","",""
"90","2011","Realschule","maennlich","","","",""
"90","2011","Realschule","weiblich","","","",""
"90","2011","(Fach-)Abitur","maennlich","","","",""
"90","2011","(Fach-)Abitur","weiblich","","","",""
"90","2011","AkademikerIn","maennlich","","","",""
"90","2011","AkademikerIn","weiblich","","","",""
"98","2011","(noch) kein Abschluss","maennlich","","","",""
"98","2011","(noch) kein Abschluss","weiblich","","","",""
"98","2011","Hauptschule","maennlich","","","",""
"98","2011","Hauptschule","weiblich","","","",""
"98","2011","Realschule","maennlich","","","",""
"98","2011","Realschule","weiblich","","","",""
"98","2011","(Fach-)Abitur","maennlich","","","",""
"98","2011","(Fach-)Abitur","weiblich","","","",""
"98","2011","AkademikerIn","maennlich","","","",""
"98","2011","AkademikerIn","weiblich","","","",""
"100","2011","(noch) kein Abschluss","maennlich","","","",""
"100","2011","(noch) kein Abschluss","weiblich","","","",""
"100","2011","Hauptschule","maennlich","","","",""
"100","2011","Hauptschule","weiblich","","","",""
"100","2011","Realschule","maennlich","","","",""
"100","2011","Realschule","weiblich","","","",""
"100","2011","(Fach-)Abitur","maennlich","","","",""
"100","2011","(Fach-)Abitur","weiblich","","","",""
"100","2011","AkademikerIn","maennlich","","","",""
"100","2011","AkademikerIn","weiblich","","","",""
"0","2012","(noch) kein Abschluss","maennlich","","","",""
"0","2012","(noch) kein Abschluss","weiblich","","","",""
"0","2012","Hauptschule","maennlich","","","",""
"0","2012","Hauptschule","weiblich","","","",""
"0","2012","Realschule","maennlich","","","",""
"0","2012","Realschule","weiblich","","","",""
"0","2012","(Fach-)Abitur","maennlich","","","",""
"0","2012","(Fach-)Abitur","weiblich","","","",""
"0","2012","AkademikerIn","maennlich","","","",""
"0","2012","AkademikerIn","weiblich","","","",""
"1","2012","(noch) kein Abschluss","maennlich","31","0.677261080031063","0.537522092167157","0.81700006789497"
"1","2012","(noch) kein Abschluss","weiblich","59","0.769380980690152","0.674049630740801","0.864712330639502"
"1","2012","Hauptschule","maennlich","464","0.686910830755262","0.651341499128905","0.72248016238162"
"1","2012","Hauptschule","weiblich","549","0.674015861401271","0.640777875086179","0.707253847716363"
"1","2012","Realschule","maennlich","290","","",""
"1","2012","Realschule","weiblich","491","0.760594720027524","0.727193845660836","0.793995594394213"
"1","2012","(Fach-)Abitur","maennlich","99","0.845895542863098","0.780192563321762","0.911598522404434"
"1","2012","(Fach-)Abitur","weiblich","200","","",""
"1","2012","AkademikerIn","maennlich","249","","",""
"1","2012","AkademikerIn","weiblich","304","0.829624059472574","0.791211876936709","0.868036242008438"
"2","2012","(noch) kein Abschluss","maennlich","8","0.182638565208119","0.0671557990584178","0.29812133135782"
"2","2012","(noch) kein Abschluss","weiblich","9","0.113262323464388","0.0415394346754885","0.184985212253287"
"2","2012","Hauptschule","maennlich","122","","",""
"2","2012","Hauptschule","weiblich","136","","",""
"2","2012","Realschule","maennlich","62","0.176610733680153","0.138218831179006","0.215002636181299"
"2","2012","Realschule","weiblich","99","0.165706206251728","0.136602840697755","0.194809571805702"
"2","2012","(Fach-)Abitur","maennlich","10","","",""
"2","2012","(Fach-)Abitur","weiblich","30","0.133138092412325","0.0902471395688069","0.176029045255844"
"2","2012","AkademikerIn","maennlich","53","0.15789922398293","0.118255135012589","0.19754331295327"
"2","2012","AkademikerIn","weiblich","36","0.0911978658278532","0.0617840622148609","0.120611669440845"
"3","2012","(noch) kein Abschluss","maennlich","3","","",""
"3","2012","(noch) kein Abschluss","weiblich","2","","",""
"3","2012","Hauptschule","maennlich","41","0.0781447275179151","0.0575586922277118","0.0987307628081183"
"3","2012","Hauptschule","weiblich","43","0.0424015366889245","0.028113125817285","0.0566899475605639"
"3","2012","Realschule","maennlich","19","","",""
"3","2012","Realschule","weiblich","25","","",""
"3","2012","(Fach-)Abitur","maennlich","3","","",""
"3","2012","(Fach-)Abitur","weiblich","6","0.0263426990616276","0.00612308939706055","0.0465623087261947"
"3","2012","AkademikerIn","maennlich","15","","",""
"3","2012","AkademikerIn","weiblich","15","","",""
"4","2012","(noch) kein Abschluss","maennlich","","","",""
"4","2012","(noch) kein Abschluss","weiblich","3","","",""
"4","2012","Hauptschule","maennlich","12","","",""
"4","2012","Hauptschule","weiblich","18","","",""
"4","2012","Realschule","maennlich","1","","",""
"4","2012","Realschule","weiblich","7","0.0144005256103712","0.00507542074964095","0.0237256304711014"
"4","2012","(Fach-)Abitur","maennlich","2","","",""
"4","2012","(Fach-)Abitur","weiblich","2","","",""
"4","2012","AkademikerIn","maennlich","4","0.0114303512305612","-0.00012650829903808","0.0229872107601604"
"4","2012","AkademikerIn","weiblich","10","","",""
"5","2012","(noch) kein Abschluss","maennlich","","","",""
"5","2012","(noch) kein Abschluss","weiblich","1","","",""
"5","2012","Hauptschule","maennlich","2","","",""
"5","2012","Hauptschule","weiblich","8","0.0162701932360766","0.00729930011559699","0.0252410863565562"
"5","2012","Realschule","maennlich","2","","",""
"5","2012","Realschule","weiblich","1","","",""
"5","2012","(Fach-)Abitur","maennlich","2","","",""
"5","2012","(Fach-)Abitur","weiblich","2","","",""
"5","2012","AkademikerIn","maennlich","1","","",""
"5","2012","AkademikerIn","weiblich","2","","",""
"6","2012","(noch) kein Abschluss","maennlich","1","","",""
"6","2012","(noch) kein Abschluss","weiblich","1","","",""
"6","2012","Hauptschule","maennlich","6","0.00406399225927058","-0.00081560134759904","0.00894358586614019"
"6","2012","Hauptschule","weiblich","4","0.00668306304482282","0.000905654078589492","0.0124604720110561"
"6","2012","Realschule","maennlich","2","","",""
"6","2012","Realschule","weiblich","2","","",""
"6","2012","(Fach-)Abitur","maennlich","","","",""
"6","2012","(Fach-)Abitur","weiblich","","","",""
"6","2012","AkademikerIn","maennlich","","","",""
"6","2012","AkademikerIn","weiblich","","","",""
"7","2012","(noch) kein Abschluss","maennlich","","","",""
"7","2012","(noch) kein Abschluss","weiblich","","","",""
"7","2012","Hauptschule","maennlich","3","","",""
"7","2012","Hauptschule","weiblich","2","","",""
"7","2012","Realschule","maennlich","2","","",""
"7","2012","Realschule","weiblich","","","",""
"7","2012","(Fach-)Abitur","maennlich","","","",""
"7","2012","(Fach-)Abitur","weiblich","","","",""
"7","2012","AkademikerIn","maennlich","","","",""
"7","2012","AkademikerIn","weiblich","1","","",""
"8","2012","(noch) kein Abschluss","maennlich","","","",""
"8","2012","(noch) kein Abschluss","weiblich","","","",""
"8","2012","Hauptschule","maennlich","","","",""
"8","2012","Hauptschule","weiblich","","","",""
"8","2012","Realschule","maennlich","","","",""
"8","2012","Realschule","weiblich","","","",""
"8","2012","(Fach-)Abitur","maennlich","","","",""
"8","2012","(Fach-)Abitur","weiblich","","","",""
"8","2012","AkademikerIn","maennlich","2","","",""
"8","2012","AkademikerIn","weiblich","","","",""
"9","2012","(noch) kein Abschluss","maennlich","","","",""
"9","2012","(noch) kein Abschluss","weiblich","","","",""
"9","2012","Hauptschule","maennlich","","","",""
"9","2012","Hauptschule","weiblich","1","","",""
"9","2012","Realschule","maennlich","","","",""
"9","2012","Realschule","weiblich","","","",""
"9","2012","(Fach-)Abitur","maennlich","","","",""
"9","2012","(Fach-)Abitur","weiblich","","","",""
"9","2012","AkademikerIn","maennlich","","","",""
"9","2012","AkademikerIn","weiblich","","","",""
"10","2012","(noch) kein Abschluss","maennlich","","","",""
"10","2012","(noch) kein Abschluss","weiblich","","","",""
"10","2012","Hauptschule","maennlich","","","",""
"10","2012","Hauptschule","weiblich","3","","",""
"10","2012","Realschule","maennlich","","","",""
"10","2012","Realschule","weiblich","1","","",""
"10","2012","(Fach-)Abitur","maennlich","","","",""
"10","2012","(Fach-)Abitur","weiblich","","","",""
"10","2012","AkademikerIn","maennlich","1","","",""
"10","2012","AkademikerIn","weiblich","","","",""
"11","2012","(noch) kein Abschluss","maennlich","","","",""
"11","2012","(noch) kein Abschluss","weiblich","","","",""
"11","2012","Hauptschule","maennlich","","","",""
"11","2012","Hauptschule","weiblich","","","",""
"11","2012","Realschule","maennlich","","","",""
"11","2012","Realschule","weiblich","1","","",""
"11","2012","(Fach-)Abitur","maennlich","","","",""
"11","2012","(Fach-)Abitur","weiblich","","","",""
"11","2012","AkademikerIn","maennlich","","","",""
"11","2012","AkademikerIn","weiblich","","","",""
"12","2012","(noch) kein Abschluss","maennlich","","","",""
"12","2012","(noch) kein Abschluss","weiblich","","","",""
"12","2012","Hauptschule","maennlich","1","","",""
"12","2012","Hauptschule","weiblich","","","",""
"12","2012","Realschule","maennlich","","","",""
"12","2012","Realschule","weiblich","","","",""
"12","2012","(Fach-)Abitur","maennlich","","","",""
"12","2012","(Fach-)Abitur","weiblich","","","",""
"12","2012","AkademikerIn","maennlich","","","",""
"12","2012","AkademikerIn","weiblich","","","",""
"13","2012","(noch) kein Abschluss","maennlich","","","",""
"13","2012","(noch) kein Abschluss","weiblich","","","",""
"13","2012","Hauptschule","maennlich","","","",""
"13","2012","Hauptschule","weiblich","","","",""
"13","2012","Realschule","maennlich","","","",""
"13","2012","Realschule","weiblich","","","",""
"13","2012","(Fach-)Abitur","maennlich","","","",""
"13","2012","(Fach-)Abitur","weiblich","","","",""
"13","2012","AkademikerIn","maennlich","","","",""
"13","2012","AkademikerIn","weiblich","","","",""
"14","2012","(noch) kein Abschluss","maennlich","","","",""
"14","2012","(noch) kein Abschluss","weiblich","","","",""
"14","2012","Hauptschule","maennlich","","","",""
"14","2012","Hauptschule","weiblich","","","",""
"14","2012","Realschule","maennlich","","","",""
"14","2012","Realschule","weiblich","","","",""
"14","2012","(Fach-)Abitur","maennlich","","","",""
"14","2012","(Fach-)Abitur","weiblich","1","","",""
"14","2012","AkademikerIn","maennlich","","","",""
"14","2012","AkademikerIn","weiblich","","","",""
"15","2012","(noch) kein Abschluss","maennlich","","","",""
"15","2012","(noch) kein Abschluss","weiblich","","","",""
"15","2012","Hauptschule","maennlich","1","","",""
"15","2012","Hauptschule","weiblich","","","",""
"15","2012","Realschule","maennlich","","","",""
"15","2012","Realschule","weiblich","","","",""
"15","2012","(Fach-)Abitur","maennlich","","","",""
"15","2012","(Fach-)Abitur","weiblich","","","",""
"15","2012","AkademikerIn","maennlich","","","",""
"15","2012","AkademikerIn","weiblich","","","",""
"16","2012","(noch) kein Abschluss","maennlich","","","",""
"16","2012","(noch) kein Abschluss","weiblich","","","",""
"16","2012","Hauptschule","maennlich","","","",""
"16","2012","Hauptschule","weiblich","","","",""
"16","2012","Realschule","maennlich","","","",""
"16","2012","Realschule","weiblich","","","",""
"16","2012","(Fach-)Abitur","maennlich","","","",""
"16","2012","(Fach-)Abitur","weiblich","","","",""
"16","2012","AkademikerIn","maennlich","","","",""
"16","2012","AkademikerIn","weiblich","","","",""
"17","2012","(noch) kein Abschluss","maennlich","","","",""
"17","2012","(noch) kein Abschluss","weiblich","","","",""
"17","2012","Hauptschule","maennlich","","","",""
"17","2012","Hauptschule","weiblich","","","",""
"17","2012","Realschule","maennlich","","","",""
"17","2012","Realschule","weiblich","","","",""
"17","2012","(Fach-)Abitur","maennlich","","","",""
"17","2012","(Fach-)Abitur","weiblich","","","",""
"17","2012","AkademikerIn","maennlich","","","",""
"17","2012","AkademikerIn","weiblich","","","",""
"18","2012","(noch) kein Abschluss","maennlich","","","",""
"18","2012","(noch) kein Abschluss","weiblich","","","",""
"18","2012","Hauptschule","maennlich","","","",""
"18","2012","Hauptschule","weiblich","","","",""
"18","2012","Realschule","maennlich","","","",""
"18","2012","Realschule","weiblich","","","",""
"18","2012","(Fach-)Abitur","maennlich","","","",""
"18","2012","(Fach-)Abitur","weiblich","","","",""
"18","2012","AkademikerIn","maennlich","","","",""
"18","2012","AkademikerIn","weiblich","","","",""
"19","2012","(noch) kein Abschluss","maennlich","","","",""
"19","2012","(noch) kein Abschluss","weiblich","","","",""
"19","2012","Hauptschule","maennlich","","","",""
"19","2012","Hauptschule","weiblich","","","",""
"19","2012","Realschule","maennlich","","","",""
"19","2012","Realschule","weiblich","","","",""
"19","2012","(Fach-)Abitur","maennlich","","","",""
"19","2012","(Fach-)Abitur","weiblich","","","",""
"19","2012","AkademikerIn","maennlich","","","",""
"19","2012","AkademikerIn","weiblich","","","",""
"20","2012","(noch) kein Abschluss","maennlich","","","",""
"20","2012","(noch) kein Abschluss","weiblich","","","",""
"20","2012","Hauptschule","maennlich","","","",""
"20","2012","Hauptschule","weiblich","","","",""
"20","2012","Realschule","maennlich","1","","",""
"20","2012","Realschule","weiblich","","","",""
"20","2012","(Fach-)Abitur","maennlich","","","",""
"20","2012","(Fach-)Abitur","weiblich","","","",""
"20","2012","AkademikerIn","maennlich","","","",""
"20","2012","AkademikerIn","weiblich","","","",""
"21","2012","(noch) kein Abschluss","maennlich","","","",""
"21","2012","(noch) kein Abschluss","weiblich","","","",""
"21","2012","Hauptschule","maennlich","","","",""
"21","2012","Hauptschule","weiblich","","","",""
"21","2012","Realschule","maennlich","","","",""
"21","2012","Realschule","weiblich","","","",""
"21","2012","(Fach-)Abitur","maennlich","","","",""
"21","2012","(Fach-)Abitur","weiblich","","","",""
"21","2012","AkademikerIn","maennlich","","","",""
"21","2012","AkademikerIn","weiblich","","","",""
"22","2012","(noch) kein Abschluss","maennlich","","","",""
"22","2012","(noch) kein Abschluss","weiblich","","","",""
"22","2012","Hauptschule","maennlich","","","",""
"22","2012","Hauptschule","weiblich","","","",""
"22","2012","Realschule","maennlich","","","",""
"22","2012","Realschule","weiblich","","","",""
"22","2012","(Fach-)Abitur","maennlich","","","",""
"22","2012","(Fach-)Abitur","weiblich","","","",""
"22","2012","AkademikerIn","maennlich","","","",""
"22","2012","AkademikerIn","weiblich","","","",""
"23","2012","(noch) kein Abschluss","maennlich","","","",""
"23","2012","(noch) kein Abschluss","weiblich","","","",""
"23","2012","Hauptschule","maennlich","","","",""
"23","2012","Hauptschule","weiblich","","","",""
"23","2012","Realschule","maennlich","","","",""
"23","2012","Realschule","weiblich","","","",""
"23","2012","(Fach-)Abitur","maennlich","","","",""
"23","2012","(Fach-)Abitur","weiblich","","","",""
"23","2012","AkademikerIn","maennlich","","","",""
"23","2012","AkademikerIn","weiblich","","","",""
"24","2012","(noch) kein Abschluss","maennlich","","","",""
"24","2012","(noch) kein Abschluss","weiblich","","","",""
"24","2012","Hauptschule","maennlich","","","",""
"24","2012","Hauptschule","weiblich","","","",""
"24","2012","Realschule","maennlich","","","",""
"24","2012","Realschule","weiblich","","","",""
"24","2012","(Fach-)Abitur","maennlich","","","",""
"24","2012","(Fach-)Abitur","weiblich","","","",""
"24","2012","AkademikerIn","maennlich","","","",""
"24","2012","AkademikerIn","weiblich","","","",""
"25","2012","(noch) kein Abschluss","maennlich","","","",""
"25","2012","(noch) kein Abschluss","weiblich","","","",""
"25","2012","Hauptschule","maennlich","","","",""
"25","2012","Hauptschule","weiblich","","","",""
"25","2012","Realschule","maennlich","","","",""
"25","2012","Realschule","weiblich","","","",""
"25","2012","(Fach-)Abitur","maennlich","","","",""
"25","2012","(Fach-)Abitur","weiblich","","","",""
"25","2012","AkademikerIn","maennlich","","","",""
"25","2012","AkademikerIn","weiblich","","","",""
"26","2012","(noch) kein Abschluss","maennlich","","","",""
"26","2012","(noch) kein Abschluss","weiblich","","","",""
"26","2012","Hauptschule","maennlich","1","","",""
"26","2012","Hauptschule","weiblich","","","",""
"26","2012","Realschule","maennlich","","","",""
"26","2012","Realschule","weiblich","","","",""
"26","2012","(Fach-)Abitur","maennlich","","","",""
"26","2012","(Fach-)Abitur","weiblich","","","",""
"26","2012","AkademikerIn","maennlich","","","",""
"26","2012","AkademikerIn","weiblich","","","",""
"27","2012","(noch) kein Abschluss","maennlich","","","",""
"27","2012","(noch) kein Abschluss","weiblich","","","",""
"27","2012","Hauptschule","maennlich","","","",""
"27","2012","Hauptschule","weiblich","","","",""
"27","2012","Realschule","maennlich","","","",""
"27","2012","Realschule","weiblich","","","",""
"27","2012","(Fach-)Abitur","maennlich","","","",""
"27","2012","(Fach-)Abitur","weiblich","","","",""
"27","2012","AkademikerIn","maennlich","","","",""
"27","2012","AkademikerIn","weiblich","","","",""
"28","2012","(noch) kein Abschluss","maennlich","","","",""
"28","2012","(noch) kein Abschluss","weiblich","","","",""
"28","2012","Hauptschule","maennlich","","","",""
"28","2012","Hauptschule","weiblich","","","",""
"28","2012","Realschule","maennlich","","","",""
"28","2012","Realschule","weiblich","","","",""
"28","2012","(Fach-)Abitur","maennlich","","","",""
"28","2012","(Fach-)Abitur","weiblich","","","",""
"28","2012","AkademikerIn","maennlich","","","",""
"28","2012","AkademikerIn","weiblich","","","",""
"30","2012","(noch) kein Abschluss","maennlich","","","",""
"30","2012","(noch) kein Abschluss","weiblich","","","",""
"30","2012","Hauptschule","maennlich","","","",""
"30","2012","Hauptschule","weiblich","","","",""
"30","2012","Realschule","maennlich","","","",""
"30","2012","Realschule","weiblich","","","",""
"30","2012","(Fach-)Abitur","maennlich","","","",""
"30","2012","(Fach-)Abitur","weiblich","","","",""
"30","2012","AkademikerIn","maennlich","","","",""
"30","2012","AkademikerIn","weiblich","","","",""
"31","2012","(noch) kein Abschluss","maennlich","","","",""
"31","2012","(noch) kein Abschluss","weiblich","","","",""
"31","2012","Hauptschule","maennlich","","","",""
"31","2012","Hauptschule","weiblich","","","",""
"31","2012","Realschule","maennlich","","","",""
"31","2012","Realschule","weiblich","","","",""
"31","2012","(Fach-)Abitur","maennlich","","","",""
"31","2012","(Fach-)Abitur","weiblich","","","",""
"31","2012","AkademikerIn","maennlich","","","",""
"31","2012","AkademikerIn","weiblich","","","",""
"32","2012","(noch) kein Abschluss","maennlich","","","",""
"32","2012","(noch) kein Abschluss","weiblich","","","",""
"32","2012","Hauptschule","maennlich","","","",""
"32","2012","Hauptschule","weiblich","","","",""
"32","2012","Realschule","maennlich","","","",""
"32","2012","Realschule","weiblich","","","",""
"32","2012","(Fach-)Abitur","maennlich","","","",""
"32","2012","(Fach-)Abitur","weiblich","","","",""
"32","2012","AkademikerIn","maennlich","","","",""
"32","2012","AkademikerIn","weiblich","","","",""
"35","2012","(noch) kein Abschluss","maennlich","","","",""
"35","2012","(noch) kein Abschluss","weiblich","","","",""
"35","2012","Hauptschule","maennlich","","","",""
"35","2012","Hauptschule","weiblich","","","",""
"35","2012","Realschule","maennlich","","","",""
"35","2012","Realschule","weiblich","","","",""
"35","2012","(Fach-)Abitur","maennlich","","","",""
"35","2012","(Fach-)Abitur","weiblich","","","",""
"35","2012","AkademikerIn","maennlich","","","",""
"35","2012","AkademikerIn","weiblich","","","",""
"36","2012","(noch) kein Abschluss","maennlich","","","",""
"36","2012","(noch) kein Abschluss","weiblich","","","",""
"36","2012","Hauptschule","maennlich","","","",""
"36","2012","Hauptschule","weiblich","","","",""
"36","2012","Realschule","maennlich","","","",""
"36","2012","Realschule","weiblich","","","",""
"36","2012","(Fach-)Abitur","maennlich","","","",""
"36","2012","(Fach-)Abitur","weiblich","","","",""
"36","2012","AkademikerIn","maennlich","","","",""
"36","2012","AkademikerIn","weiblich","","","",""
"40","2012","(noch) kein Abschluss","maennlich","","","",""
"40","2012","(noch) kein Abschluss","weiblich","","","",""
"40","2012","Hauptschule","maennlich","","","",""
"40","2012","Hauptschule","weiblich","","","",""
"40","2012","Realschule","maennlich","","","",""
"40","2012","Realschule","weiblich","","","",""
"40","2012","(Fach-)Abitur","maennlich","","","",""
"40","2012","(Fach-)Abitur","weiblich","","","",""
"40","2012","AkademikerIn","maennlich","","","",""
"40","2012","AkademikerIn","weiblich","","","",""
"42","2012","(noch) kein Abschluss","maennlich","","","",""
"42","2012","(noch) kein Abschluss","weiblich","","","",""
"42","2012","Hauptschule","maennlich","","","",""
"42","2012","Hauptschule","weiblich","","","",""
"42","2012","Realschule","maennlich","","","",""
"42","2012","Realschule","weiblich","","","",""
"42","2012","(Fach-)Abitur","maennlich","","","",""
"42","2012","(Fach-)Abitur","weiblich","","","",""
"42","2012","AkademikerIn","maennlich","","","",""
"42","2012","AkademikerIn","weiblich","","","",""
"45","2012","(noch) kein Abschluss","maennlich","","","",""
"45","2012","(noch) kein Abschluss","weiblich","","","",""
"45","2012","Hauptschule","maennlich","","","",""
"45","2012","Hauptschule","weiblich","","","",""
"45","2012","Realschule","maennlich","","","",""
"45","2012","Realschule","weiblich","","","",""
"45","2012","(Fach-)Abitur","maennlich","","","",""
"45","2012","(Fach-)Abitur","weiblich","","","",""
"45","2012","AkademikerIn","maennlich","","","",""
"45","2012","AkademikerIn","weiblich","","","",""
"48","2012","(noch) kein Abschluss","maennlich","","","",""
"48","2012","(noch) kein Abschluss","weiblich","","","",""
"48","2012","Hauptschule","maennlich","","","",""
"48","2012","Hauptschule","weiblich","","","",""
"48","2012","Realschule","maennlich","","","",""
"48","2012","Realschule","weiblich","","","",""
"48","2012","(Fach-)Abitur","maennlich","","","",""
"48","2012","(Fach-)Abitur","weiblich","","","",""
"48","2012","AkademikerIn","maennlich","","","",""
"48","2012","AkademikerIn","weiblich","","","",""
"50","2012","(noch) kein Abschluss","maennlich","","","",""
"50","2012","(noch) kein Abschluss","weiblich","","","",""
"50","2012","Hauptschule","maennlich","","","",""
"50","2012","Hauptschule","weiblich","","","",""
"50","2012","Realschule","maennlich","","","",""
"50","2012","Realschule","weiblich","","","",""
"50","2012","(Fach-)Abitur","maennlich","","","",""
"50","2012","(Fach-)Abitur","weiblich","","","",""
"50","2012","AkademikerIn","maennlich","","","",""
"50","2012","AkademikerIn","weiblich","","","",""
"51","2012","(noch) kein Abschluss","maennlich","","","",""
"51","2012","(noch) kein Abschluss","weiblich","","","",""
"51","2012","Hauptschule","maennlich","","","",""
"51","2012","Hauptschule","weiblich","","","",""
"51","2012","Realschule","maennlich","","","",""
"51","2012","Realschule","weiblich","","","",""
"51","2012","(Fach-)Abitur","maennlich","","","",""
"51","2012","(Fach-)Abitur","weiblich","","","",""
"51","2012","AkademikerIn","maennlich","","","",""
"51","2012","AkademikerIn","weiblich","","","",""
"64","2012","(noch) kein Abschluss","maennlich","","","",""
"64","2012","(noch) kein Abschluss","weiblich","","","",""
"64","2012","Hauptschule","maennlich","","","",""
"64","2012","Hauptschule","weiblich","","","",""
"64","2012","Realschule","maennlich","","","",""
"64","2012","Realschule","weiblich","","","",""
"64","2012","(Fach-)Abitur","maennlich","","","",""
"64","2012","(Fach-)Abitur","weiblich","","","",""
"64","2012","AkademikerIn","maennlich","","","",""
"64","2012","AkademikerIn","weiblich","","","",""
"65","2012","(noch) kein Abschluss","maennlich","","","",""
"65","2012","(noch) kein Abschluss","weiblich","","","",""
"65","2012","Hauptschule","maennlich","","","",""
"65","2012","Hauptschule","weiblich","","","",""
"65","2012","Realschule","maennlich","","","",""
"65","2012","Realschule","weiblich","","","",""
"65","2012","(Fach-)Abitur","maennlich","","","",""
"65","2012","(Fach-)Abitur","weiblich","","","",""
"65","2012","AkademikerIn","maennlich","","","",""
"65","2012","AkademikerIn","weiblich","","","",""
"90","2012","(noch) kein Abschluss","maennlich","","","",""
"90","2012","(noch) kein Abschluss","weiblich","","","",""
"90","2012","Hauptschule","maennlich","","","",""
"90","2012","Hauptschule","weiblich","","","",""
"90","2012","Realschule","maennlich","","","",""
"90","2012","Realschule","weiblich","","","",""
"90","2012","(Fach-)Abitur","maennlich","","","",""
"90","2012","(Fach-)Abitur","weiblich","","","",""
"90","2012","AkademikerIn","maennlich","","","",""
"90","2012","AkademikerIn","weiblich","","","",""
"98","2012","(noch) kein Abschluss","maennlich","","","",""
"98","2012","(noch) kein Abschluss","weiblich","","","",""
"98","2012","Hauptschule","maennlich","","","",""
"98","2012","Hauptschule","weiblich","","","",""
"98","2012","Realschule","maennlich","","","",""
"98","2012","Realschule","weiblich","","","",""
"98","2012","(Fach-)Abitur","maennlich","","","",""
"98","2012","(Fach-)Abitur","weiblich","","","",""
"98","2012","AkademikerIn","maennlich","","","",""
"98","2012","AkademikerIn","weiblich","","","",""
"100","2012","(noch) kein Abschluss","maennlich","","","",""
"100","2012","(noch) kein Abschluss","weiblich","","","",""
"100","2012","Hauptschule","maennlich","","","",""
"100","2012","Hauptschule","weiblich","","","",""
"100","2012","Realschule","maennlich","","","",""
"100","2012","Realschule","weiblich","","","",""
"100","2012","(Fach-)Abitur","maennlich","","","",""
"100","2012","(Fach-)Abitur","weiblich","","","",""
"100","2012","AkademikerIn","maennlich","","","",""
"100","2012","AkademikerIn","weiblich","","","",""
"0","2013","(noch) kein Abschluss","maennlich","","","",""
"0","2013","(noch) kein Abschluss","weiblich","","","",""
"0","2013","Hauptschule","maennlich","","","",""
"0","2013","Hauptschule","weiblich","","","",""
"0","2013","Realschule","maennlich","","","",""
"0","2013","Realschule","weiblich","","","",""
"0","2013","(Fach-)Abitur","maennlich","","","",""
"0","2013","(Fach-)Abitur","weiblich","","","",""
"0","2013","AkademikerIn","maennlich","","","",""
"0","2013","AkademikerIn","weiblich","","","",""
"1","2013","(noch) kein Abschluss","maennlich","36","0.807772177261747","0.691339650764215","0.924204703759278"
"1","2013","(noch) kein Abschluss","weiblich","49","0.799986448038404","0.698771771386333","0.901201124690475"
"1","2013","Hauptschule","maennlich","423","0.672553133256804","0.634718627040907","0.710387639472701"
"1","2013","Hauptschule","weiblich","536","0.701352523808858","0.667876530263583","0.734828517354134"
"1","2013","Realschule","maennlich","219","","",""
"1","2013","Realschule","weiblich","454","0.738375649412752","0.702940675680244","0.77381062314526"
"1","2013","(Fach-)Abitur","maennlich","91","0.812415540321403","0.743143861164755","0.881687219478051"
"1","2013","(Fach-)Abitur","weiblich","194","","",""
"1","2013","AkademikerIn","maennlich","242","","",""
"1","2013","AkademikerIn","weiblich","251","","",""
"2","2013","(noch) kein Abschluss","maennlich","7","0.181354766065772","0.0675044846642271","0.295205047467318"
"2","2013","(noch) kein Abschluss","weiblich","4","0.0504297136055078","-0.00494089217218103","0.105800319383197"
"2","2013","Hauptschule","maennlich","115","","",""
"2","2013","Hauptschule","weiblich","125","","",""
"2","2013","Realschule","maennlich","63","0.201793617207699","0.156678445983197","0.246908788432201"
"2","2013","Realschule","weiblich","100","","",""
"2","2013","(Fach-)Abitur","maennlich","17","","",""
"2","2013","(Fach-)Abitur","weiblich","29","","",""
"2","2013","AkademikerIn","maennlich","64","0.15849523814606","0.11956149681359","0.197428979478531"
"2","2013","AkademikerIn","weiblich","46","0.178933174859608","0.136470181220684","0.221396168498532"
"3","2013","(noch) kein Abschluss","maennlich","","","",""
"3","2013","(noch) kein Abschluss","weiblich","4","0.136703863088","0.049779251596555","0.223628474579444"
"3","2013","Hauptschule","maennlich","35","0.0621823215347179","0.0427131700516672","0.0816514730177685"
"3","2013","Hauptschule","weiblich","37","0.060704890015767","0.0432386775857836","0.0781711024457504"
"3","2013","Realschule","maennlich","14","","",""
"3","2013","Realschule","weiblich","22","","",""
"3","2013","(Fach-)Abitur","maennlich","11","","",""
"3","2013","(Fach-)Abitur","weiblich","4","0.0121586080577196","-0.00197417330520316","0.0262913894206423"
"3","2013","AkademikerIn","maennlich","14","","",""
"3","2013","AkademikerIn","weiblich","10","","",""
"4","2013","(noch) kein Abschluss","maennlich","","","",""
"4","2013","(noch) kein Abschluss","weiblich","2","","",""
"4","2013","Hauptschule","maennlich","9","0.0100324578117355","0.00199777938686732","0.0180671362366038"
"4","2013","Hauptschule","weiblich","6","0.015589690841719","0.00652834519664782","0.0246510364867901"
"4","2013","Realschule","maennlich","5","0.0126756993320156","0.000100143869739852","0.0252512547942913"
"4","2013","Realschule","weiblich","6","0.00919126926291562","0.00149753808924054","0.0168850004365907"
"4","2013","(Fach-)Abitur","maennlich","2","","",""
"4","2013","(Fach-)Abitur","weiblich","3","","",""
"4","2013","AkademikerIn","maennlich","9","0.0488632218567601","0.0258804567667986","0.0718459869467216"
"4","2013","AkademikerIn","weiblich","","","",""
"5","2013","(noch) kein Abschluss","maennlich","","","",""
"5","2013","(noch) kein Abschluss","weiblich","","","",""
"5","2013","Hauptschule","maennlich","4","0.0076029199479671","0.000599868799221161","0.014605971096713"
"5","2013","Hauptschule","weiblich","6","0.00933927813246676","0.00230361567389012","0.0163749405910434"
"5","2013","Realschule","maennlich","1","","",""
"5","2013","Realschule","weiblich","6","0.0144567583727271","0.00483337795992445","0.0240801387855299"
"5","2013","(Fach-)Abitur","maennlich","1","","",""
"5","2013","(Fach-)Abitur","weiblich","1","","",""
"5","2013","AkademikerIn","maennlich","4","0.0103252805997554","-0.000451447128445406","0.0211020083279561"
"5","2013","AkademikerIn","weiblich","2","","",""
"6","2013","(noch) kein Abschluss","maennlich","","","",""
"6","2013","(noch) kein Abschluss","weiblich","","","",""
"6","2013","Hauptschule","maennlich","1","","",""
"6","2013","Hauptschule","weiblich","3","","",""
"6","2013","Realschule","maennlich","1","","",""
"6","2013","Realschule","weiblich","2","","",""
"6","2013","(Fach-)Abitur","maennlich","","","",""
"6","2013","(Fach-)Abitur","weiblich","","","",""
"6","2013","AkademikerIn","maennlich","4","0.00674650272701904","-0.00198038005122956","0.0154733855052676"
"6","2013","AkademikerIn","weiblich","1","","",""
"7","2013","(noch) kein Abschluss","maennlich","","","",""
"7","2013","(noch) kein Abschluss","weiblich","","","",""
"7","2013","Hauptschule","maennlich","","","",""
"7","2013","Hauptschule","weiblich","1","","",""
"7","2013","Realschule","maennlich","","","",""
"7","2013","Realschule","weiblich","","","",""
"7","2013","(Fach-)Abitur","maennlich","","","",""
"7","2013","(Fach-)Abitur","weiblich","","","",""
"7","2013","AkademikerIn","maennlich","","","",""
"7","2013","AkademikerIn","weiblich","1","","",""
"8","2013","(noch) kein Abschluss","maennlich","","","",""
"8","2013","(noch) kein Abschluss","weiblich","1","","",""
"8","2013","Hauptschule","maennlich","1","","",""
"8","2013","Hauptschule","weiblich","","","",""
"8","2013","Realschule","maennlich","1","","",""
"8","2013","Realschule","weiblich","","","",""
"8","2013","(Fach-)Abitur","maennlich","","","",""
"8","2013","(Fach-)Abitur","weiblich","","","",""
"8","2013","AkademikerIn","maennlich","1","","",""
"8","2013","AkademikerIn","weiblich","","","",""
"9","2013","(noch) kein Abschluss","maennlich","","","",""
"9","2013","(noch) kein Abschluss","weiblich","","","",""
"9","2013","Hauptschule","maennlich","","","",""
"9","2013","Hauptschule","weiblich","2","","",""
"9","2013","Realschule","maennlich","","","",""
"9","2013","Realschule","weiblich","","","",""
"9","2013","(Fach-)Abitur","maennlich","","","",""
"9","2013","(Fach-)Abitur","weiblich","","","",""
"9","2013","AkademikerIn","maennlich","","","",""
"9","2013","AkademikerIn","weiblich","1","","",""
"10","2013","(noch) kein Abschluss","maennlich","1","","",""
"10","2013","(noch) kein Abschluss","weiblich","","","",""
"10","2013","Hauptschule","maennlich","1","","",""
"10","2013","Hauptschule","weiblich","","","",""
"10","2013","Realschule","maennlich","","","",""
"10","2013","Realschule","weiblich","1","","",""
"10","2013","(Fach-)Abitur","maennlich","","","",""
"10","2013","(Fach-)Abitur","weiblich","","","",""
"10","2013","AkademikerIn","maennlich","","","",""
"10","2013","AkademikerIn","weiblich","","","",""
"11","2013","(noch) kein Abschluss","maennlich","","","",""
"11","2013","(noch) kein Abschluss","weiblich","","","",""
"11","2013","Hauptschule","maennlich","","","",""
"11","2013","Hauptschule","weiblich","1","","",""
"11","2013","Realschule","maennlich","","","",""
"11","2013","Realschule","weiblich","","","",""
"11","2013","(Fach-)Abitur","maennlich","","","",""
"11","2013","(Fach-)Abitur","weiblich","","","",""
"11","2013","AkademikerIn","maennlich","","","",""
"11","2013","AkademikerIn","weiblich","","","",""
"12","2013","(noch) kein Abschluss","maennlich","","","",""
"12","2013","(noch) kein Abschluss","weiblich","","","",""
"12","2013","Hauptschule","maennlich","","","",""
"12","2013","Hauptschule","weiblich","","","",""
"12","2013","Realschule","maennlich","","","",""
"12","2013","Realschule","weiblich","","","",""
"12","2013","(Fach-)Abitur","maennlich","","","",""
"12","2013","(Fach-)Abitur","weiblich","","","",""
"12","2013","AkademikerIn","maennlich","","","",""
"12","2013","AkademikerIn","weiblich","","","",""
"13","2013","(noch) kein Abschluss","maennlich","","","",""
"13","2013","(noch) kein Abschluss","weiblich","","","",""
"13","2013","Hauptschule","maennlich","","","",""
"13","2013","Hauptschule","weiblich","","","",""
"13","2013","Realschule","maennlich","","","",""
"13","2013","Realschule","weiblich","","","",""
"13","2013","(Fach-)Abitur","maennlich","","","",""
"13","2013","(Fach-)Abitur","weiblich","","","",""
"13","2013","AkademikerIn","maennlich","","","",""
"13","2013","AkademikerIn","weiblich","","","",""
"14","2013","(noch) kein Abschluss","maennlich","","","",""
"14","2013","(noch) kein Abschluss","weiblich","","","",""
"14","2013","Hauptschule","maennlich","","","",""
"14","2013","Hauptschule","weiblich","","","",""
"14","2013","Realschule","maennlich","","","",""
"14","2013","Realschule","weiblich","","","",""
"14","2013","(Fach-)Abitur","maennlich","","","",""
"14","2013","(Fach-)Abitur","weiblich","","","",""
"14","2013","AkademikerIn","maennlich","","","",""
"14","2013","AkademikerIn","weiblich","1","","",""
"15","2013","(noch) kein Abschluss","maennlich","","","",""
"15","2013","(noch) kein Abschluss","weiblich","","","",""
"15","2013","Hauptschule","maennlich","1","","",""
"15","2013","Hauptschule","weiblich","","","",""
"15","2013","Realschule","maennlich","","","",""
"15","2013","Realschule","weiblich","","","",""
"15","2013","(Fach-)Abitur","maennlich","","","",""
"15","2013","(Fach-)Abitur","weiblich","","","",""
"15","2013","AkademikerIn","maennlich","","","",""
"15","2013","AkademikerIn","weiblich","","","",""
"16","2013","(noch) kein Abschluss","maennlich","","","",""
"16","2013","(noch) kein Abschluss","weiblich","","","",""
"16","2013","Hauptschule","maennlich","","","",""
"16","2013","Hauptschule","weiblich","","","",""
"16","2013","Realschule","maennlich","","","",""
"16","2013","Realschule","weiblich","","","",""
"16","2013","(Fach-)Abitur","maennlich","","","",""
"16","2013","(Fach-)Abitur","weiblich","","","",""
"16","2013","AkademikerIn","maennlich","","","",""
"16","2013","AkademikerIn","weiblich","","","",""
"17","2013","(noch) kein Abschluss","maennlich","","","",""
"17","2013","(noch) kein Abschluss","weiblich","","","",""
"17","2013","Hauptschule","maennlich","","","",""
"17","2013","Hauptschule","weiblich","","","",""
"17","2013","Realschule","maennlich","","","",""
"17","2013","Realschule","weiblich","","","",""
"17","2013","(Fach-)Abitur","maennlich","","","",""
"17","2013","(Fach-)Abitur","weiblich","","","",""
"17","2013","AkademikerIn","maennlich","","","",""
"17","2013","AkademikerIn","weiblich","","","",""
"18","2013","(noch) kein Abschluss","maennlich","","","",""
"18","2013","(noch) kein Abschluss","weiblich","","","",""
"18","2013","Hauptschule","maennlich","","","",""
"18","2013","Hauptschule","weiblich","","","",""
"18","2013","Realschule","maennlich","","","",""
"18","2013","Realschule","weiblich","","","",""
"18","2013","(Fach-)Abitur","maennlich","","","",""
"18","2013","(Fach-)Abitur","weiblich","","","",""
"18","2013","AkademikerIn","maennlich","","","",""
"18","2013","AkademikerIn","weiblich","","","",""
"19","2013","(noch) kein Abschluss","maennlich","","","",""
"19","2013","(noch) kein Abschluss","weiblich","","","",""
"19","2013","Hauptschule","maennlich","","","",""
"19","2013","Hauptschule","weiblich","","","",""
"19","2013","Realschule","maennlich","","","",""
"19","2013","Realschule","weiblich","","","",""
"19","2013","(Fach-)Abitur","maennlich","","","",""
"19","2013","(Fach-)Abitur","weiblich","","","",""
"19","2013","AkademikerIn","maennlich","","","",""
"19","2013","AkademikerIn","weiblich","","","",""
"20","2013","(noch) kein Abschluss","maennlich","","","",""
"20","2013","(noch) kein Abschluss","weiblich","","","",""
"20","2013","Hauptschule","maennlich","","","",""
"20","2013","Hauptschule","weiblich","1","","",""
"20","2013","Realschule","maennlich","","","",""
"20","2013","Realschule","weiblich","","","",""
"20","2013","(Fach-)Abitur","maennlich","","","",""
"20","2013","(Fach-)Abitur","weiblich","","","",""
"20","2013","AkademikerIn","maennlich","","","",""
"20","2013","AkademikerIn","weiblich","","","",""
"21","2013","(noch) kein Abschluss","maennlich","","","",""
"21","2013","(noch) kein Abschluss","weiblich","","","",""
"21","2013","Hauptschule","maennlich","","","",""
"21","2013","Hauptschule","weiblich","","","",""
"21","2013","Realschule","maennlich","","","",""
"21","2013","Realschule","weiblich","","","",""
"21","2013","(Fach-)Abitur","maennlich","","","",""
"21","2013","(Fach-)Abitur","weiblich","","","",""
"21","2013","AkademikerIn","maennlich","","","",""
"21","2013","AkademikerIn","weiblich","","","",""
"22","2013","(noch) kein Abschluss","maennlich","","","",""
"22","2013","(noch) kein Abschluss","weiblich","","","",""
"22","2013","Hauptschule","maennlich","","","",""
"22","2013","Hauptschule","weiblich","","","",""
"22","2013","Realschule","maennlich","","","",""
"22","2013","Realschule","weiblich","","","",""
"22","2013","(Fach-)Abitur","maennlich","","","",""
"22","2013","(Fach-)Abitur","weiblich","","","",""
"22","2013","AkademikerIn","maennlich","","","",""
"22","2013","AkademikerIn","weiblich","","","",""
"23","2013","(noch) kein Abschluss","maennlich","","","",""
"23","2013","(noch) kein Abschluss","weiblich","","","",""
"23","2013","Hauptschule","maennlich","","","",""
"23","2013","Hauptschule","weiblich","","","",""
"23","2013","Realschule","maennlich","","","",""
"23","2013","Realschule","weiblich","","","",""
"23","2013","(Fach-)Abitur","maennlich","","","",""
"23","2013","(Fach-)Abitur","weiblich","","","",""
"23","2013","AkademikerIn","maennlich","","","",""
"23","2013","AkademikerIn","weiblich","","","",""
"24","2013","(noch) kein Abschluss","maennlich","","","",""
"24","2013","(noch) kein Abschluss","weiblich","","","",""
"24","2013","Hauptschule","maennlich","","","",""
"24","2013","Hauptschule","weiblich","","","",""
"24","2013","Realschule","maennlich","","","",""
"24","2013","Realschule","weiblich","","","",""
"24","2013","(Fach-)Abitur","maennlich","","","",""
"24","2013","(Fach-)Abitur","weiblich","","","",""
"24","2013","AkademikerIn","maennlich","","","",""
"24","2013","AkademikerIn","weiblich","","","",""
"25","2013","(noch) kein Abschluss","maennlich","","","",""
"25","2013","(noch) kein Abschluss","weiblich","","","",""
"25","2013","Hauptschule","maennlich","","","",""
"25","2013","Hauptschule","weiblich","","","",""
"25","2013","Realschule","maennlich","","","",""
"25","2013","Realschule","weiblich","","","",""
"25","2013","(Fach-)Abitur","maennlich","","","",""
"25","2013","(Fach-)Abitur","weiblich","","","",""
"25","2013","AkademikerIn","maennlich","","","",""
"25","2013","AkademikerIn","weiblich","","","",""
"26","2013","(noch) kein Abschluss","maennlich","","","",""
"26","2013","(noch) kein Abschluss","weiblich","","","",""
"26","2013","Hauptschule","maennlich","1","","",""
"26","2013","Hauptschule","weiblich","","","",""
"26","2013","Realschule","maennlich","","","",""
"26","2013","Realschule","weiblich","","","",""
"26","2013","(Fach-)Abitur","maennlich","","","",""
"26","2013","(Fach-)Abitur","weiblich","","","",""
"26","2013","AkademikerIn","maennlich","","","",""
"26","2013","AkademikerIn","weiblich","","","",""
"27","2013","(noch) kein Abschluss","maennlich","","","",""
"27","2013","(noch) kein Abschluss","weiblich","","","",""
"27","2013","Hauptschule","maennlich","","","",""
"27","2013","Hauptschule","weiblich","","","",""
"27","2013","Realschule","maennlich","","","",""
"27","2013","Realschule","weiblich","","","",""
"27","2013","(Fach-)Abitur","maennlich","","","",""
"27","2013","(Fach-)Abitur","weiblich","","","",""
"27","2013","AkademikerIn","maennlich","","","",""
"27","2013","AkademikerIn","weiblich","","","",""
"28","2013","(noch) kein Abschluss","maennlich","","","",""
"28","2013","(noch) kein Abschluss","weiblich","","","",""
"28","2013","Hauptschule","maennlich","","","",""
"28","2013","Hauptschule","weiblich","","","",""
"28","2013","Realschule","maennlich","","","",""
"28","2013","Realschule","weiblich","","","",""
"28","2013","(Fach-)Abitur","maennlich","","","",""
"28","2013","(Fach-)Abitur","weiblich","","","",""
"28","2013","AkademikerIn","maennlich","","","",""
"28","2013","AkademikerIn","weiblich","","","",""
"30","2013","(noch) kein Abschluss","maennlich","","","",""
"30","2013","(noch) kein Abschluss","weiblich","","","",""
"30","2013","Hauptschule","maennlich","","","",""
"30","2013","Hauptschule","weiblich","","","",""
"30","2013","Realschule","maennlich","","","",""
"30","2013","Realschule","weiblich","","","",""
"30","2013","(Fach-)Abitur","maennlich","","","",""
"30","2013","(Fach-)Abitur","weiblich","","","",""
"30","2013","AkademikerIn","maennlich","","","",""
"30","2013","AkademikerIn","weiblich","","","",""
"31","2013","(noch) kein Abschluss","maennlich","","","",""
"31","2013","(noch) kein Abschluss","weiblich","","","",""
"31","2013","Hauptschule","maennlich","","","",""
"31","2013","Hauptschule","weiblich","","","",""
"31","2013","Realschule","maennlich","","","",""
"31","2013","Realschule","weiblich","","","",""
"31","2013","(Fach-)Abitur","maennlich","","","",""
"31","2013","(Fach-)Abitur","weiblich","","","",""
"31","2013","AkademikerIn","maennlich","","","",""
"31","2013","AkademikerIn","weiblich","","","",""
"32","2013","(noch) kein Abschluss","maennlich","","","",""
"32","2013","(noch) kein Abschluss","weiblich","","","",""
"32","2013","Hauptschule","maennlich","","","",""
"32","2013","Hauptschule","weiblich","","","",""
"32","2013","Realschule","maennlich","","","",""
"32","2013","Realschule","weiblich","","","",""
"32","2013","(Fach-)Abitur","maennlich","","","",""
"32","2013","(Fach-)Abitur","weiblich","","","",""
"32","2013","AkademikerIn","maennlich","","","",""
"32","2013","AkademikerIn","weiblich","","","",""
"35","2013","(noch) kein Abschluss","maennlich","","","",""
"35","2013","(noch) kein Abschluss","weiblich","","","",""
"35","2013","Hauptschule","maennlich","","","",""
"35","2013","Hauptschule","weiblich","","","",""
"35","2013","Realschule","maennlich","","","",""
"35","2013","Realschule","weiblich","","","",""
"35","2013","(Fach-)Abitur","maennlich","","","",""
"35","2013","(Fach-)Abitur","weiblich","","","",""
"35","2013","AkademikerIn","maennlich","","","",""
"35","2013","AkademikerIn","weiblich","","","",""
"36","2013","(noch) kein Abschluss","maennlich","","","",""
"36","2013","(noch) kein Abschluss","weiblich","","","",""
"36","2013","Hauptschule","maennlich","","","",""
"36","2013","Hauptschule","weiblich","","","",""
"36","2013","Realschule","maennlich","","","",""
"36","2013","Realschule","weiblich","","","",""
"36","2013","(Fach-)Abitur","maennlich","","","",""
"36","2013","(Fach-)Abitur","weiblich","","","",""
"36","2013","AkademikerIn","maennlich","","","",""
"36","2013","AkademikerIn","weiblich","","","",""
"40","2013","(noch) kein Abschluss","maennlich","","","",""
"40","2013","(noch) kein Abschluss","weiblich","","","",""
"40","2013","Hauptschule","maennlich","","","",""
"40","2013","Hauptschule","weiblich","","","",""
"40","2013","Realschule","maennlich","","","",""
"40","2013","Realschule","weiblich","","","",""
"40","2013","(Fach-)Abitur","maennlich","","","",""
"40","2013","(Fach-)Abitur","weiblich","","","",""
"40","2013","AkademikerIn","maennlich","","","",""
"40","2013","AkademikerIn","weiblich","","","",""
"42","2013","(noch) kein Abschluss","maennlich","","","",""
"42","2013","(noch) kein Abschluss","weiblich","","","",""
"42","2013","Hauptschule","maennlich","","","",""
"42","2013","Hauptschule","weiblich","","","",""
"42","2013","Realschule","maennlich","","","",""
"42","2013","Realschule","weiblich","","","",""
"42","2013","(Fach-)Abitur","maennlich","","","",""
"42","2013","(Fach-)Abitur","weiblich","","","",""
"42","2013","AkademikerIn","maennlich","","","",""
"42","2013","AkademikerIn","weiblich","","","",""
"45","2013","(noch) kein Abschluss","maennlich","","","",""
"45","2013","(noch) kein Abschluss","weiblich","","","",""
"45","2013","Hauptschule","maennlich","","","",""
"45","2013","Hauptschule","weiblich","","","",""
"45","2013","Realschule","maennlich","","","",""
"45","2013","Realschule","weiblich","","","",""
"45","2013","(Fach-)Abitur","maennlich","","","",""
"45","2013","(Fach-)Abitur","weiblich","","","",""
"45","2013","AkademikerIn","maennlich","","","",""
"45","2013","AkademikerIn","weiblich","","","",""
"48","2013","(noch) kein Abschluss","maennlich","","","",""
"48","2013","(noch) kein Abschluss","weiblich","","","",""
"48","2013","Hauptschule","maennlich","","","",""
"48","2013","Hauptschule","weiblich","","","",""
"48","2013","Realschule","maennlich","","","",""
"48","2013","Realschule","weiblich","","","",""
"48","2013","(Fach-)Abitur","maennlich","","","",""
"48","2013","(Fach-)Abitur","weiblich","","","",""
"48","2013","AkademikerIn","maennlich","","","",""
"48","2013","AkademikerIn","weiblich","","","",""
"50","2013","(noch) kein Abschluss","maennlich","","","",""
"50","2013","(noch) kein Abschluss","weiblich","","","",""
"50","2013","Hauptschule","maennlich","","","",""
"50","2013","Hauptschule","weiblich","","","",""
"50","2013","Realschule","maennlich","","","",""
"50","2013","Realschule","weiblich","","","",""
"50","2013","(Fach-)Abitur","maennlich","","","",""
"50","2013","(Fach-)Abitur","weiblich","","","",""
"50","2013","AkademikerIn","maennlich","","","",""
"50","2013","AkademikerIn","weiblich","","","",""
"51","2013","(noch) kein Abschluss","maennlich","","","",""
"51","2013","(noch) kein Abschluss","weiblich","","","",""
"51","2013","Hauptschule","maennlich","","","",""
"51","2013","Hauptschule","weiblich","","","",""
"51","2013","Realschule","maennlich","","","",""
"51","2013","Realschule","weiblich","","","",""
"51","2013","(Fach-)Abitur","maennlich","","","",""
"51","2013","(Fach-)Abitur","weiblich","","","",""
"51","2013","AkademikerIn","maennlich","","","",""
"51","2013","AkademikerIn","weiblich","","","",""
"64","2013","(noch) kein Abschluss","maennlich","","","",""
"64","2013","(noch) kein Abschluss","weiblich","","","",""
"64","2013","Hauptschule","maennlich","","","",""
"64","2013","Hauptschule","weiblich","","","",""
"64","2013","Realschule","maennlich","","","",""
"64","2013","Realschule","weiblich","","","",""
"64","2013","(Fach-)Abitur","maennlich","","","",""
"64","2013","(Fach-)Abitur","weiblich","","","",""
"64","2013","AkademikerIn","maennlich","","","",""
"64","2013","AkademikerIn","weiblich","","","",""
"65","2013","(noch) kein Abschluss","maennlich","","","",""
"65","2013","(noch) kein Abschluss","weiblich","","","",""
"65","2013","Hauptschule","maennlich","","","",""
"65","2013","Hauptschule","weiblich","","","",""
"65","2013","Realschule","maennlich","","","",""
"65","2013","Realschule","weiblich","","","",""
"65","2013","(Fach-)Abitur","maennlich","","","",""
"65","2013","(Fach-)Abitur","weiblich","","","",""
"65","2013","AkademikerIn","maennlich","","","",""
"65","2013","AkademikerIn","weiblich","","","",""
"90","2013","(noch) kein Abschluss","maennlich","","","",""
"90","2013","(noch) kein Abschluss","weiblich","","","",""
"90","2013","Hauptschule","maennlich","","","",""
"90","2013","Hauptschule","weiblich","","","",""
"90","2013","Realschule","maennlich","","","",""
"90","2013","Realschule","weiblich","","","",""
"90","2013","(Fach-)Abitur","maennlich","","","",""
"90","2013","(Fach-)Abitur","weiblich","","","",""
"90","2013","AkademikerIn","maennlich","","","",""
"90","2013","AkademikerIn","weiblich","","","",""
"98","2013","(noch) kein Abschluss","maennlich","","","",""
"98","2013","(noch) kein Abschluss","weiblich","","","",""
"98","2013","Hauptschule","maennlich","","","",""
"98","2013","Hauptschule","weiblich","","","",""
"98","2013","Realschule","maennlich","","","",""
"98","2013","Realschule","weiblich","","","",""
"98","2013","(Fach-)Abitur","maennlich","","","",""
"98","2013","(Fach-)Abitur","weiblich","","","",""
"98","2013","AkademikerIn","maennlich","","","",""
"98","2013","AkademikerIn","weiblich","","","",""
"100","2013","(noch) kein Abschluss","maennlich","","","",""
"100","2013","(noch) kein Abschluss","weiblich","","","",""
"100","2013","Hauptschule","maennlich","","","",""
"100","2013","Hauptschule","weiblich","","","",""
"100","2013","Realschule","maennlich","","","",""
"100","2013","Realschule","weiblich","","","",""
"100","2013","(Fach-)Abitur","maennlich","","","",""
"100","2013","(Fach-)Abitur","weiblich","","","",""
"100","2013","AkademikerIn","maennlich","","","",""
"100","2013","AkademikerIn","weiblich","","","",""
"0","2014","(noch) kein Abschluss","maennlich","","","",""
"0","2014","(noch) kein Abschluss","weiblich","","","",""
"0","2014","Hauptschule","maennlich","","","",""
"0","2014","Hauptschule","weiblich","","","",""
"0","2014","Realschule","maennlich","","","",""
"0","2014","Realschule","weiblich","","","",""
"0","2014","(Fach-)Abitur","maennlich","","","",""
"0","2014","(Fach-)Abitur","weiblich","","","",""
"0","2014","AkademikerIn","maennlich","","","",""
"0","2014","AkademikerIn","weiblich","","","",""
"1","2014","(noch) kein Abschluss","maennlich","21","","",""
"1","2014","(noch) kein Abschluss","weiblich","34","0.691726743152233","0.556806522522838","0.826646963781629"
"1","2014","Hauptschule","maennlich","377","0.720243001005705","0.681587330143033","0.758898671868376"
"1","2014","Hauptschule","weiblich","424","0.702595146531553","0.666170361092712","0.739019931970394"
"1","2014","Realschule","maennlich","190","","",""
"1","2014","Realschule","weiblich","413","0.776459588650192","0.740616794030106","0.812302383270278"
"1","2014","(Fach-)Abitur","maennlich","89","0.868790228602778","0.804210830233003","0.933369626972553"
"1","2014","(Fach-)Abitur","weiblich","165","","",""
"1","2014","AkademikerIn","maennlich","233","","",""
"1","2014","AkademikerIn","weiblich","226","","",""
"2","2014","(noch) kein Abschluss","maennlich","4","0.205495099415773","0.0584338955206294","0.352556303310917"
"2","2014","(noch) kein Abschluss","weiblich","8","0.267018860669868","0.137760333442099","0.396277387897637"
"2","2014","Hauptschule","maennlich","87","0.164070981424831","0.132178831287135","0.195963131562527"
"2","2014","Hauptschule","weiblich","121","","",""
"2","2014","Realschule","maennlich","38","0.158192581074418","0.113577574651742","0.202807587497093"
"2","2014","Realschule","weiblich","76","0.154201533261997","0.123131465182008","0.185271601341987"
"2","2014","(Fach-)Abitur","maennlich","12","","",""
"2","2014","(Fach-)Abitur","weiblich","28","","",""
"2","2014","AkademikerIn","maennlich","45","0.118863908585784","0.0826625055991261","0.155065311572443"
"2","2014","AkademikerIn","weiblich","40","0.148296480667608","0.106444323295185","0.190148638040032"
"3","2014","(noch) kein Abschluss","maennlich","2","","",""
"3","2014","(noch) kein Abschluss","weiblich","1","","",""
"3","2014","Hauptschule","maennlich","39","0.0926170957973866","0.0676525259830771","0.117581665611696"
"3","2014","Hauptschule","weiblich","47","0.0841980714432053","0.0620710858736298","0.106325057012781"
"3","2014","Realschule","maennlich","19","","",""
"3","2014","Realschule","weiblich","20","","",""
"3","2014","(Fach-)Abitur","maennlich","2","","",""
"3","2014","(Fach-)Abitur","weiblich","7","0.047378414799923","0.0183672642550922","0.0763895653447537"
"3","2014","AkademikerIn","maennlich","10","","",""
"3","2014","AkademikerIn","weiblich","4","0.00569499036825705","-0.00316665808270759","0.0145566388192217"
"4","2014","(noch) kein Abschluss","maennlich","2","","",""
"4","2014","(noch) kein Abschluss","weiblich","2","","",""
"4","2014","Hauptschule","maennlich","8","0.0120496900659427","0.00265378326601882","0.0214455968658665"
"4","2014","Hauptschule","weiblich","8","0.00877381051696354","0.00134274803016432","0.0162048730037628"
"4","2014","Realschule","maennlich","3","","",""
"4","2014","Realschule","weiblich","3","","",""
"4","2014","(Fach-)Abitur","maennlich","1","","",""
"4","2014","(Fach-)Abitur","weiblich","3","","",""
"4","2014","AkademikerIn","maennlich","12","","",""
"4","2014","AkademikerIn","weiblich","4","0.0168173734500061","0.00167463613852774","0.0319601107614845"
"5","2014","(noch) kein Abschluss","maennlich","","","",""
"5","2014","(noch) kein Abschluss","weiblich","","","",""
"5","2014","Hauptschule","maennlich","4","0.00685994855604865","-0.000248075498317292","0.0139679726104146"
"5","2014","Hauptschule","weiblich","2","","",""
"5","2014","Realschule","maennlich","3","","",""
"5","2014","Realschule","weiblich","2","","",""
"5","2014","(Fach-)Abitur","maennlich","","","",""
"5","2014","(Fach-)Abitur","weiblich","1","","",""
"5","2014","AkademikerIn","maennlich","4","0.00995207746741778","-0.00115152451233555","0.0210556794471711"
"5","2014","AkademikerIn","weiblich","1","","",""
"6","2014","(noch) kein Abschluss","maennlich","","","",""
"6","2014","(noch) kein Abschluss","weiblich","","","",""
"6","2014","Hauptschule","maennlich","1","","",""
"6","2014","Hauptschule","weiblich","3","","",""
"6","2014","Realschule","maennlich","3","","",""
"6","2014","Realschule","weiblich","1","","",""
"6","2014","(Fach-)Abitur","maennlich","","","",""
"6","2014","(Fach-)Abitur","weiblich","","","",""
"6","2014","AkademikerIn","maennlich","1","","",""
"6","2014","AkademikerIn","weiblich","","","",""
"7","2014","(noch) kein Abschluss","maennlich","","","",""
"7","2014","(noch) kein Abschluss","weiblich","","","",""
"7","2014","Hauptschule","maennlich","","","",""
"7","2014","Hauptschule","weiblich","","","",""
"7","2014","Realschule","maennlich","","","",""
"7","2014","Realschule","weiblich","2","","",""
"7","2014","(Fach-)Abitur","maennlich","1","","",""
"7","2014","(Fach-)Abitur","weiblich","","","",""
"7","2014","AkademikerIn","maennlich","","","",""
"7","2014","AkademikerIn","weiblich","","","",""
"8","2014","(noch) kein Abschluss","maennlich","","","",""
"8","2014","(noch) kein Abschluss","weiblich","","","",""
"8","2014","Hauptschule","maennlich","1","","",""
"8","2014","Hauptschule","weiblich","","","",""
"8","2014","Realschule","maennlich","","","",""
"8","2014","Realschule","weiblich","","","",""
"8","2014","(Fach-)Abitur","maennlich","","","",""
"8","2014","(Fach-)Abitur","weiblich","1","","",""
"8","2014","AkademikerIn","maennlich","1","","",""
"8","2014","AkademikerIn","weiblich","1","","",""
"9","2014","(noch) kein Abschluss","maennlich","","","",""
"9","2014","(noch) kein Abschluss","weiblich","","","",""
"9","2014","Hauptschule","maennlich","","","",""
"9","2014","Hauptschule","weiblich","","","",""
"9","2014","Realschule","maennlich","","","",""
"9","2014","Realschule","weiblich","","","",""
"9","2014","(Fach-)Abitur","maennlich","","","",""
"9","2014","(Fach-)Abitur","weiblich","","","",""
"9","2014","AkademikerIn","maennlich","","","",""
"9","2014","AkademikerIn","weiblich","1","","",""
"10","2014","(noch) kein Abschluss","maennlich","","","",""
"10","2014","(noch) kein Abschluss","weiblich","","","",""
"10","2014","Hauptschule","maennlich","","","",""
"10","2014","Hauptschule","weiblich","","","",""
"10","2014","Realschule","maennlich","","","",""
"10","2014","Realschule","weiblich","1","","",""
"10","2014","(Fach-)Abitur","maennlich","","","",""
"10","2014","(Fach-)Abitur","weiblich","1","","",""
"10","2014","AkademikerIn","maennlich","","","",""
"10","2014","AkademikerIn","weiblich","","","",""
"11","2014","(noch) kein Abschluss","maennlich","","","",""
"11","2014","(noch) kein Abschluss","weiblich","","","",""
"11","2014","Hauptschule","maennlich","","","",""
"11","2014","Hauptschule","weiblich","","","",""
"11","2014","Realschule","maennlich","","","",""
"11","2014","Realschule","weiblich","1","","",""
"11","2014","(Fach-)Abitur","maennlich","","","",""
"11","2014","(Fach-)Abitur","weiblich","","","",""
"11","2014","AkademikerIn","maennlich","","","",""
"11","2014","AkademikerIn","weiblich","","","",""
"12","2014","(noch) kein Abschluss","maennlich","","","",""
"12","2014","(noch) kein Abschluss","weiblich","","","",""
"12","2014","Hauptschule","maennlich","","","",""
"12","2014","Hauptschule","weiblich","","","",""
"12","2014","Realschule","maennlich","","","",""
"12","2014","Realschule","weiblich","","","",""
"12","2014","(Fach-)Abitur","maennlich","","","",""
"12","2014","(Fach-)Abitur","weiblich","","","",""
"12","2014","AkademikerIn","maennlich","1","","",""
"12","2014","AkademikerIn","weiblich","","","",""
"13","2014","(noch) kein Abschluss","maennlich","","","",""
"13","2014","(noch) kein Abschluss","weiblich","","","",""
"13","2014","Hauptschule","maennlich","","","",""
"13","2014","Hauptschule","weiblich","","","",""
"13","2014","Realschule","maennlich","","","",""
"13","2014","Realschule","weiblich","","","",""
"13","2014","(Fach-)Abitur","maennlich","","","",""
"13","2014","(Fach-)Abitur","weiblich","","","",""
"13","2014","AkademikerIn","maennlich","","","",""
"13","2014","AkademikerIn","weiblich","","","",""
"14","2014","(noch) kein Abschluss","maennlich","","","",""
"14","2014","(noch) kein Abschluss","weiblich","","","",""
"14","2014","Hauptschule","maennlich","","","",""
"14","2014","Hauptschule","weiblich","","","",""
"14","2014","Realschule","maennlich","","","",""
"14","2014","Realschule","weiblich","","","",""
"14","2014","(Fach-)Abitur","maennlich","","","",""
"14","2014","(Fach-)Abitur","weiblich","","","",""
"14","2014","AkademikerIn","maennlich","","","",""
"14","2014","AkademikerIn","weiblich","","","",""
"15","2014","(noch) kein Abschluss","maennlich","","","",""
"15","2014","(noch) kein Abschluss","weiblich","","","",""
"15","2014","Hauptschule","maennlich","","","",""
"15","2014","Hauptschule","weiblich","","","",""
"15","2014","Realschule","maennlich","1","","",""
"15","2014","Realschule","weiblich","","","",""
"15","2014","(Fach-)Abitur","maennlich","","","",""
"15","2014","(Fach-)Abitur","weiblich","","","",""
"15","2014","AkademikerIn","maennlich","","","",""
"15","2014","AkademikerIn","weiblich","","","",""
"16","2014","(noch) kein Abschluss","maennlich","","","",""
"16","2014","(noch) kein Abschluss","weiblich","","","",""
"16","2014","Hauptschule","maennlich","","","",""
"16","2014","Hauptschule","weiblich","","","",""
"16","2014","Realschule","maennlich","","","",""
"16","2014","Realschule","weiblich","","","",""
"16","2014","(Fach-)Abitur","maennlich","","","",""
"16","2014","(Fach-)Abitur","weiblich","","","",""
"16","2014","AkademikerIn","maennlich","","","",""
"16","2014","AkademikerIn","weiblich","","","",""
"17","2014","(noch) kein Abschluss","maennlich","","","",""
"17","2014","(noch) kein Abschluss","weiblich","","","",""
"17","2014","Hauptschule","maennlich","1","","",""
"17","2014","Hauptschule","weiblich","","","",""
"17","2014","Realschule","maennlich","","","",""
"17","2014","Realschule","weiblich","","","",""
"17","2014","(Fach-)Abitur","maennlich","","","",""
"17","2014","(Fach-)Abitur","weiblich","","","",""
"17","2014","AkademikerIn","maennlich","","","",""
"17","2014","AkademikerIn","weiblich","","","",""
"18","2014","(noch) kein Abschluss","maennlich","","","",""
"18","2014","(noch) kein Abschluss","weiblich","","","",""
"18","2014","Hauptschule","maennlich","","","",""
"18","2014","Hauptschule","weiblich","","","",""
"18","2014","Realschule","maennlich","","","",""
"18","2014","Realschule","weiblich","","","",""
"18","2014","(Fach-)Abitur","maennlich","","","",""
"18","2014","(Fach-)Abitur","weiblich","","","",""
"18","2014","AkademikerIn","maennlich","","","",""
"18","2014","AkademikerIn","weiblich","","","",""
"19","2014","(noch) kein Abschluss","maennlich","","","",""
"19","2014","(noch) kein Abschluss","weiblich","","","",""
"19","2014","Hauptschule","maennlich","","","",""
"19","2014","Hauptschule","weiblich","","","",""
"19","2014","Realschule","maennlich","","","",""
"19","2014","Realschule","weiblich","","","",""
"19","2014","(Fach-)Abitur","maennlich","","","",""
"19","2014","(Fach-)Abitur","weiblich","","","",""
"19","2014","AkademikerIn","maennlich","","","",""
"19","2014","AkademikerIn","weiblich","","","",""
"20","2014","(noch) kein Abschluss","maennlich","","","",""
"20","2014","(noch) kein Abschluss","weiblich","","","",""
"20","2014","Hauptschule","maennlich","","","",""
"20","2014","Hauptschule","weiblich","","","",""
"20","2014","Realschule","maennlich","","","",""
"20","2014","Realschule","weiblich","","","",""
"20","2014","(Fach-)Abitur","maennlich","","","",""
"20","2014","(Fach-)Abitur","weiblich","","","",""
"20","2014","AkademikerIn","maennlich","","","",""
"20","2014","AkademikerIn","weiblich","","","",""
"21","2014","(noch) kein Abschluss","maennlich","","","",""
"21","2014","(noch) kein Abschluss","weiblich","","","",""
"21","2014","Hauptschule","maennlich","","","",""
"21","2014","Hauptschule","weiblich","","","",""
"21","2014","Realschule","maennlich","","","",""
"21","2014","Realschule","weiblich","","","",""
"21","2014","(Fach-)Abitur","maennlich","","","",""
"21","2014","(Fach-)Abitur","weiblich","","","",""
"21","2014","AkademikerIn","maennlich","","","",""
"21","2014","AkademikerIn","weiblich","","","",""
"22","2014","(noch) kein Abschluss","maennlich","","","",""
"22","2014","(noch) kein Abschluss","weiblich","","","",""
"22","2014","Hauptschule","maennlich","","","",""
"22","2014","Hauptschule","weiblich","","","",""
"22","2014","Realschule","maennlich","","","",""
"22","2014","Realschule","weiblich","","","",""
"22","2014","(Fach-)Abitur","maennlich","","","",""
"22","2014","(Fach-)Abitur","weiblich","","","",""
"22","2014","AkademikerIn","maennlich","","","",""
"22","2014","AkademikerIn","weiblich","","","",""
"23","2014","(noch) kein Abschluss","maennlich","","","",""
"23","2014","(noch) kein Abschluss","weiblich","","","",""
"23","2014","Hauptschule","maennlich","","","",""
"23","2014","Hauptschule","weiblich","","","",""
"23","2014","Realschule","maennlich","","","",""
"23","2014","Realschule","weiblich","","","",""
"23","2014","(Fach-)Abitur","maennlich","","","",""
"23","2014","(Fach-)Abitur","weiblich","","","",""
"23","2014","AkademikerIn","maennlich","","","",""
"23","2014","AkademikerIn","weiblich","","","",""
"24","2014","(noch) kein Abschluss","maennlich","","","",""
"24","2014","(noch) kein Abschluss","weiblich","","","",""
"24","2014","Hauptschule","maennlich","","","",""
"24","2014","Hauptschule","weiblich","","","",""
"24","2014","Realschule","maennlich","","","",""
"24","2014","Realschule","weiblich","","","",""
"24","2014","(Fach-)Abitur","maennlich","","","",""
"24","2014","(Fach-)Abitur","weiblich","","","",""
"24","2014","AkademikerIn","maennlich","","","",""
"24","2014","AkademikerIn","weiblich","","","",""
"25","2014","(noch) kein Abschluss","maennlich","","","",""
"25","2014","(noch) kein Abschluss","weiblich","","","",""
"25","2014","Hauptschule","maennlich","","","",""
"25","2014","Hauptschule","weiblich","","","",""
"25","2014","Realschule","maennlich","","","",""
"25","2014","Realschule","weiblich","","","",""
"25","2014","(Fach-)Abitur","maennlich","","","",""
"25","2014","(Fach-)Abitur","weiblich","","","",""
"25","2014","AkademikerIn","maennlich","","","",""
"25","2014","AkademikerIn","weiblich","","","",""
"26","2014","(noch) kein Abschluss","maennlich","","","",""
"26","2014","(noch) kein Abschluss","weiblich","","","",""
"26","2014","Hauptschule","maennlich","","","",""
"26","2014","Hauptschule","weiblich","","","",""
"26","2014","Realschule","maennlich","","","",""
"26","2014","Realschule","weiblich","","","",""
"26","2014","(Fach-)Abitur","maennlich","","","",""
"26","2014","(Fach-)Abitur","weiblich","","","",""
"26","2014","AkademikerIn","maennlich","","","",""
"26","2014","AkademikerIn","weiblich","","","",""
"27","2014","(noch) kein Abschluss","maennlich","","","",""
"27","2014","(noch) kein Abschluss","weiblich","","","",""
"27","2014","Hauptschule","maennlich","","","",""
"27","2014","Hauptschule","weiblich","","","",""
"27","2014","Realschule","maennlich","","","",""
"27","2014","Realschule","weiblich","","","",""
"27","2014","(Fach-)Abitur","maennlich","","","",""
"27","2014","(Fach-)Abitur","weiblich","","","",""
"27","2014","AkademikerIn","maennlich","","","",""
"27","2014","AkademikerIn","weiblich","","","",""
"28","2014","(noch) kein Abschluss","maennlich","","","",""
"28","2014","(noch) kein Abschluss","weiblich","","","",""
"28","2014","Hauptschule","maennlich","","","",""
"28","2014","Hauptschule","weiblich","","","",""
"28","2014","Realschule","maennlich","","","",""
"28","2014","Realschule","weiblich","","","",""
"28","2014","(Fach-)Abitur","maennlich","","","",""
"28","2014","(Fach-)Abitur","weiblich","","","",""
"28","2014","AkademikerIn","maennlich","","","",""
"28","2014","AkademikerIn","weiblich","","","",""
"30","2014","(noch) kein Abschluss","maennlich","","","",""
"30","2014","(noch) kein Abschluss","weiblich","","","",""
"30","2014","Hauptschule","maennlich","","","",""
"30","2014","Hauptschule","weiblich","","","",""
"30","2014","Realschule","maennlich","","","",""
"30","2014","Realschule","weiblich","","","",""
"30","2014","(Fach-)Abitur","maennlich","","","",""
"30","2014","(Fach-)Abitur","weiblich","","","",""
"30","2014","AkademikerIn","maennlich","","","",""
"30","2014","AkademikerIn","weiblich","","","",""
"31","2014","(noch) kein Abschluss","maennlich","","","",""
"31","2014","(noch) kein Abschluss","weiblich","","","",""
"31","2014","Hauptschule","maennlich","","","",""
"31","2014","Hauptschule","weiblich","","","",""
"31","2014","Realschule","maennlich","","","",""
"31","2014","Realschule","weiblich","","","",""
"31","2014","(Fach-)Abitur","maennlich","","","",""
"31","2014","(Fach-)Abitur","weiblich","","","",""
"31","2014","AkademikerIn","maennlich","","","",""
"31","2014","AkademikerIn","weiblich","","","",""
"32","2014","(noch) kein Abschluss","maennlich","","","",""
"32","2014","(noch) kein Abschluss","weiblich","","","",""
"32","2014","Hauptschule","maennlich","","","",""
"32","2014","Hauptschule","weiblich","","","",""
"32","2014","Realschule","maennlich","","","",""
"32","2014","Realschule","weiblich","","","",""
"32","2014","(Fach-)Abitur","maennlich","","","",""
"32","2014","(Fach-)Abitur","weiblich","","","",""
"32","2014","AkademikerIn","maennlich","","","",""
"32","2014","AkademikerIn","weiblich","","","",""
"35","2014","(noch) kein Abschluss","maennlich","","","",""
"35","2014","(noch) kein Abschluss","weiblich","","","",""
"35","2014","Hauptschule","maennlich","","","",""
"35","2014","Hauptschule","weiblich","","","",""
"35","2014","Realschule","maennlich","","","",""
"35","2014","Realschule","weiblich","","","",""
"35","2014","(Fach-)Abitur","maennlich","","","",""
"35","2014","(Fach-)Abitur","weiblich","","","",""
"35","2014","AkademikerIn","maennlich","","","",""
"35","2014","AkademikerIn","weiblich","","","",""
"36","2014","(noch) kein Abschluss","maennlich","","","",""
"36","2014","(noch) kein Abschluss","weiblich","","","",""
"36","2014","Hauptschule","maennlich","","","",""
"36","2014","Hauptschule","weiblich","","","",""
"36","2014","Realschule","maennlich","","","",""
"36","2014","Realschule","weiblich","","","",""
"36","2014","(Fach-)Abitur","maennlich","","","",""
"36","2014","(Fach-)Abitur","weiblich","","","",""
"36","2014","AkademikerIn","maennlich","","","",""
"36","2014","AkademikerIn","weiblich","","","",""
"40","2014","(noch) kein Abschluss","maennlich","","","",""
"40","2014","(noch) kein Abschluss","weiblich","","","",""
"40","2014","Hauptschule","maennlich","","","",""
"40","2014","Hauptschule","weiblich","","","",""
"40","2014","Realschule","maennlich","","","",""
"40","2014","Realschule","weiblich","","","",""
"40","2014","(Fach-)Abitur","maennlich","","","",""
"40","2014","(Fach-)Abitur","weiblich","","","",""
"40","2014","AkademikerIn","maennlich","","","",""
"40","2014","AkademikerIn","weiblich","","","",""
"42","2014","(noch) kein Abschluss","maennlich","","","",""
"42","2014","(noch) kein Abschluss","weiblich","","","",""
"42","2014","Hauptschule","maennlich","","","",""
"42","2014","Hauptschule","weiblich","","","",""
"42","2014","Realschule","maennlich","","","",""
"42","2014","Realschule","weiblich","","","",""
"42","2014","(Fach-)Abitur","maennlich","","","",""
"42","2014","(Fach-)Abitur","weiblich","","","",""
"42","2014","AkademikerIn","maennlich","","","",""
"42","2014","AkademikerIn","weiblich","","","",""
"45","2014","(noch) kein Abschluss","maennlich","","","",""
"45","2014","(noch) kein Abschluss","weiblich","","","",""
"45","2014","Hauptschule","maennlich","","","",""
"45","2014","Hauptschule","weiblich","","","",""
"45","2014","Realschule","maennlich","","","",""
"45","2014","Realschule","weiblich","","","",""
"45","2014","(Fach-)Abitur","maennlich","","","",""
"45","2014","(Fach-)Abitur","weiblich","","","",""
"45","2014","AkademikerIn","maennlich","","","",""
"45","2014","AkademikerIn","weiblich","","","",""
"48","2014","(noch) kein Abschluss","maennlich","","","",""
"48","2014","(noch) kein Abschluss","weiblich","","","",""
"48","2014","Hauptschule","maennlich","","","",""
"48","2014","Hauptschule","weiblich","","","",""
"48","2014","Realschule","maennlich","","","",""
"48","2014","Realschule","weiblich","","","",""
"48","2014","(Fach-)Abitur","maennlich","","","",""
"48","2014","(Fach-)Abitur","weiblich","","","",""
"48","2014","AkademikerIn","maennlich","","","",""
"48","2014","AkademikerIn","weiblich","","","",""
"50","2014","(noch) kein Abschluss","maennlich","","","",""
"50","2014","(noch) kein Abschluss","weiblich","","","",""
"50","2014","Hauptschule","maennlich","","","",""
"50","2014","Hauptschule","weiblich","","","",""
"50","2014","Realschule","maennlich","","","",""
"50","2014","Realschule","weiblich","","","",""
"50","2014","(Fach-)Abitur","maennlich","","","",""
"50","2014","(Fach-)Abitur","weiblich","","","",""
"50","2014","AkademikerIn","maennlich","","","",""
"50","2014","AkademikerIn","weiblich","","","",""
"51","2014","(noch) kein Abschluss","maennlich","","","",""
"51","2014","(noch) kein Abschluss","weiblich","","","",""
"51","2014","Hauptschule","maennlich","","","",""
"51","2014","Hauptschule","weiblich","","","",""
"51","2014","Realschule","maennlich","","","",""
"51","2014","Realschule","weiblich","","","",""
"51","2014","(Fach-)Abitur","maennlich","","","",""
"51","2014","(Fach-)Abitur","weiblich","","","",""
"51","2014","AkademikerIn","maennlich","","","",""
"51","2014","AkademikerIn","weiblich","","","",""
"64","2014","(noch) kein Abschluss","maennlich","","","",""
"64","2014","(noch) kein Abschluss","weiblich","","","",""
"64","2014","Hauptschule","maennlich","","","",""
"64","2014","Hauptschule","weiblich","","","",""
"64","2014","Realschule","maennlich","","","",""
"64","2014","Realschule","weiblich","","","",""
"64","2014","(Fach-)Abitur","maennlich","","","",""
"64","2014","(Fach-)Abitur","weiblich","","","",""
"64","2014","AkademikerIn","maennlich","","","",""
"64","2014","AkademikerIn","weiblich","","","",""
"65","2014","(noch) kein Abschluss","maennlich","","","",""
"65","2014","(noch) kein Abschluss","weiblich","","","",""
"65","2014","Hauptschule","maennlich","","","",""
"65","2014","Hauptschule","weiblich","","","",""
"65","2014","Realschule","maennlich","","","",""
"65","2014","Realschule","weiblich","","","",""
"65","2014","(Fach-)Abitur","maennlich","","","",""
"65","2014","(Fach-)Abitur","weiblich","","","",""
"65","2014","AkademikerIn","maennlich","","","",""
"65","2014","AkademikerIn","weiblich","","","",""
"90","2014","(noch) kein Abschluss","maennlich","","","",""
"90","2014","(noch) kein Abschluss","weiblich","","","",""
"90","2014","Hauptschule","maennlich","","","",""
"90","2014","Hauptschule","weiblich","","","",""
"90","2014","Realschule","maennlich","","","",""
"90","2014","Realschule","weiblich","","","",""
"90","2014","(Fach-)Abitur","maennlich","","","",""
"90","2014","(Fach-)Abitur","weiblich","","","",""
"90","2014","AkademikerIn","maennlich","","","",""
"90","2014","AkademikerIn","weiblich","","","",""
"98","2014","(noch) kein Abschluss","maennlich","","","",""
"98","2014","(noch) kein Abschluss","weiblich","","","",""
"98","2014","Hauptschule","maennlich","","","",""
"98","2014","Hauptschule","weiblich","","","",""
"98","2014","Realschule","maennlich","","","",""
"98","2014","Realschule","weiblich","","","",""
"98","2014","(Fach-)Abitur","maennlich","","","",""
"98","2014","(Fach-)Abitur","weiblich","","","",""
"98","2014","AkademikerIn","maennlich","","","",""
"98","2014","AkademikerIn","weiblich","","","",""
"100","2014","(noch) kein Abschluss","maennlich","","","",""
"100","2014","(noch) kein Abschluss","weiblich","","","",""
"100","2014","Hauptschule","maennlich","","","",""
"100","2014","Hauptschule","weiblich","","","",""
"100","2014","Realschule","maennlich","","","",""
"100","2014","Realschule","weiblich","","","",""
"100","2014","(Fach-)Abitur","maennlich","","","",""
"100","2014","(Fach-)Abitur","weiblich","","","",""
"100","2014","AkademikerIn","maennlich","","","",""
"100","2014","AkademikerIn","weiblich","","","",""
"0","2015","(noch) kein Abschluss","maennlich","","","",""
"0","2015","(noch) kein Abschluss","weiblich","","","",""
"0","2015","Hauptschule","maennlich","","","",""
"0","2015","Hauptschule","weiblich","","","",""
"0","2015","Realschule","maennlich","","","",""
"0","2015","Realschule","weiblich","","","",""
"0","2015","(Fach-)Abitur","maennlich","","","",""
"0","2015","(Fach-)Abitur","weiblich","","","",""
"0","2015","AkademikerIn","maennlich","","","",""
"0","2015","AkademikerIn","weiblich","","","",""
"1","2015","(noch) kein Abschluss","maennlich","34","0.739095918353853","0.606290961691508","0.871900875016199"
"1","2015","(noch) kein Abschluss","weiblich","49","0.818345751162492","0.723885455596679","0.912806046728304"
"1","2015","Hauptschule","maennlich","389","0.731381948443499","0.694539336557731","0.768224560329267"
"1","2015","Hauptschule","weiblich","475","0.745033415014664","0.7112931425367","0.778773687492629"
"1","2015","Realschule","maennlich","233","","",""
"1","2015","Realschule","weiblich","374","0.784187914959598","0.747423851614642","0.820951978304555"
"1","2015","(Fach-)Abitur","maennlich","115","","",""
"1","2015","(Fach-)Abitur","weiblich","207","","",""
"1","2015","AkademikerIn","maennlich","254","","",""
"1","2015","AkademikerIn","weiblich","302","0.777507763828214","0.73501314095628","0.820002386700148"
"2","2015","(noch) kein Abschluss","maennlich","6","0.237703774405104","0.108966778846892","0.366440769963317"
"2","2015","(noch) kein Abschluss","weiblich","8","0.126752973126415","0.0452439404025612","0.208262005850268"
"2","2015","Hauptschule","maennlich","106","","",""
"2","2015","Hauptschule","weiblich","115","","",""
"2","2015","Realschule","maennlich","48","0.135630236759198","0.0976376523439077","0.173622821174488"
"2","2015","Realschule","weiblich","76","0.159215675811859","0.126518460426144","0.191912891197574"
"2","2015","(Fach-)Abitur","maennlich","16","","",""
"2","2015","(Fach-)Abitur","weiblich","28","","",""
"2","2015","AkademikerIn","maennlich","48","0.135823644124384","0.0983449496940486","0.173302338554719"
"2","2015","AkademikerIn","weiblich","40","0.130715470013236","0.096275033160362","0.16515590686611"
"3","2015","(noch) kein Abschluss","maennlich","2","","",""
"3","2015","(noch) kein Abschluss","weiblich","5","0.0502373108738071","-0.00327809806373244","0.103752719811347"
"3","2015","Hauptschule","maennlich","37","0.0657037614032587","0.0451094103355154","0.086298112471002"
"3","2015","Hauptschule","weiblich","33","0.0491187889943924","0.0323884001557952","0.0658491778329896"
"3","2015","Realschule","maennlich","21","","",""
"3","2015","Realschule","weiblich","16","","",""
"3","2015","(Fach-)Abitur","maennlich","7","0.0612120818888436","0.0215033155860648","0.100920848191622"
"3","2015","(Fach-)Abitur","weiblich","14","","",""
"3","2015","AkademikerIn","maennlich","10","","",""
"3","2015","AkademikerIn","weiblich","15","","",""
"4","2015","(noch) kein Abschluss","maennlich","","","",""
"4","2015","(noch) kein Abschluss","weiblich","","","",""
"4","2015","Hauptschule","maennlich","13","","",""
"4","2015","Hauptschule","weiblich","8","0.00634312634765934","0.000197176982652423","0.0124890757126662"
"4","2015","Realschule","maennlich","4","0.00974313875485766","-0.0011560498494293","0.0206423273591446"
"4","2015","Realschule","weiblich","7","0.0132756877675983","0.00304742251510029","0.0235039530200963"
"4","2015","(Fach-)Abitur","maennlich","1","","",""
"4","2015","(Fach-)Abitur","weiblich","3","","",""
"4","2015","AkademikerIn","maennlich","2","","",""
"4","2015","AkademikerIn","weiblich","6","0.0260609227742311","0.00978352517110521","0.0423383203773569"
"5","2015","(noch) kein Abschluss","maennlich","","","",""
"5","2015","(noch) kein Abschluss","weiblich","1","","",""
"5","2015","Hauptschule","maennlich","4","0.00375524876301972","-0.00132883941423211","0.00883933694027156"
"5","2015","Hauptschule","weiblich","4","0.00575436636920482","-0.000101142956876223","0.0116098756952859"
"5","2015","Realschule","maennlich","2","","",""
"5","2015","Realschule","weiblich","5","0.00639675370790225","-0.000727868962723094","0.0135213763785276"
"5","2015","(Fach-)Abitur","maennlich","","","",""
"5","2015","(Fach-)Abitur","weiblich","2","","",""
"5","2015","AkademikerIn","maennlich","2","","",""
"5","2015","AkademikerIn","weiblich","1","","",""
"6","2015","(noch) kein Abschluss","maennlich","","","",""
"6","2015","(noch) kein Abschluss","weiblich","","","",""
"6","2015","Hauptschule","maennlich","1","","",""
"6","2015","Hauptschule","weiblich","","","",""
"6","2015","Realschule","maennlich","3","","",""
"6","2015","Realschule","weiblich","1","","",""
"6","2015","(Fach-)Abitur","maennlich","","","",""
"6","2015","(Fach-)Abitur","weiblich","","","",""
"6","2015","AkademikerIn","maennlich","3","","",""
"6","2015","AkademikerIn","weiblich","","","",""
"7","2015","(noch) kein Abschluss","maennlich","","","",""
"7","2015","(noch) kein Abschluss","weiblich","","","",""
"7","2015","Hauptschule","maennlich","1","","",""
"7","2015","Hauptschule","weiblich","2","","",""
"7","2015","Realschule","maennlich","","","",""
"7","2015","Realschule","weiblich","1","","",""
"7","2015","(Fach-)Abitur","maennlich","1","","",""
"7","2015","(Fach-)Abitur","weiblich","","","",""
"7","2015","AkademikerIn","maennlich","","","",""
"7","2015","AkademikerIn","weiblich","","","",""
"8","2015","(noch) kein Abschluss","maennlich","","","",""
"8","2015","(noch) kein Abschluss","weiblich","","","",""
"8","2015","Hauptschule","maennlich","2","","",""
"8","2015","Hauptschule","weiblich","","","",""
"8","2015","Realschule","maennlich","1","","",""
"8","2015","Realschule","weiblich","","","",""
"8","2015","(Fach-)Abitur","maennlich","","","",""
"8","2015","(Fach-)Abitur","weiblich","1","","",""
"8","2015","AkademikerIn","maennlich","1","","",""
"8","2015","AkademikerIn","weiblich","2","","",""
"9","2015","(noch) kein Abschluss","maennlich","","","",""
"9","2015","(noch) kein Abschluss","weiblich","","","",""
"9","2015","Hauptschule","maennlich","","","",""
"9","2015","Hauptschule","weiblich","","","",""
"9","2015","Realschule","maennlich","","","",""
"9","2015","Realschule","weiblich","","","",""
"9","2015","(Fach-)Abitur","maennlich","","","",""
"9","2015","(Fach-)Abitur","weiblich","","","",""
"9","2015","AkademikerIn","maennlich","","","",""
"9","2015","AkademikerIn","weiblich","","","",""
"10","2015","(noch) kein Abschluss","maennlich","","","",""
"10","2015","(noch) kein Abschluss","weiblich","1","","",""
"10","2015","Hauptschule","maennlich","","","",""
"10","2015","Hauptschule","weiblich","1","","",""
"10","2015","Realschule","maennlich","","","",""
"10","2015","Realschule","weiblich","","","",""
"10","2015","(Fach-)Abitur","maennlich","","","",""
"10","2015","(Fach-)Abitur","weiblich","","","",""
"10","2015","AkademikerIn","maennlich","1","","",""
"10","2015","AkademikerIn","weiblich","","","",""
"11","2015","(noch) kein Abschluss","maennlich","","","",""
"11","2015","(noch) kein Abschluss","weiblich","","","",""
"11","2015","Hauptschule","maennlich","","","",""
"11","2015","Hauptschule","weiblich","1","","",""
"11","2015","Realschule","maennlich","","","",""
"11","2015","Realschule","weiblich","","","",""
"11","2015","(Fach-)Abitur","maennlich","","","",""
"11","2015","(Fach-)Abitur","weiblich","","","",""
"11","2015","AkademikerIn","maennlich","","","",""
"11","2015","AkademikerIn","weiblich","","","",""
"12","2015","(noch) kein Abschluss","maennlich","","","",""
"12","2015","(noch) kein Abschluss","weiblich","","","",""
"12","2015","Hauptschule","maennlich","1","","",""
"12","2015","Hauptschule","weiblich","1","","",""
"12","2015","Realschule","maennlich","","","",""
"12","2015","Realschule","weiblich","","","",""
"12","2015","(Fach-)Abitur","maennlich","","","",""
"12","2015","(Fach-)Abitur","weiblich","","","",""
"12","2015","AkademikerIn","maennlich","","","",""
"12","2015","AkademikerIn","weiblich","1","","",""
"13","2015","(noch) kein Abschluss","maennlich","","","",""
"13","2015","(noch) kein Abschluss","weiblich","","","",""
"13","2015","Hauptschule","maennlich","","","",""
"13","2015","Hauptschule","weiblich","","","",""
"13","2015","Realschule","maennlich","","","",""
"13","2015","Realschule","weiblich","","","",""
"13","2015","(Fach-)Abitur","maennlich","","","",""
"13","2015","(Fach-)Abitur","weiblich","","","",""
"13","2015","AkademikerIn","maennlich","","","",""
"13","2015","AkademikerIn","weiblich","","","",""
"14","2015","(noch) kein Abschluss","maennlich","","","",""
"14","2015","(noch) kein Abschluss","weiblich","","","",""
"14","2015","Hauptschule","maennlich","","","",""
"14","2015","Hauptschule","weiblich","","","",""
"14","2015","Realschule","maennlich","","","",""
"14","2015","Realschule","weiblich","","","",""
"14","2015","(Fach-)Abitur","maennlich","","","",""
"14","2015","(Fach-)Abitur","weiblich","","","",""
"14","2015","AkademikerIn","maennlich","","","",""
"14","2015","AkademikerIn","weiblich","","","",""
"15","2015","(noch) kein Abschluss","maennlich","","","",""
"15","2015","(noch) kein Abschluss","weiblich","","","",""
"15","2015","Hauptschule","maennlich","","","",""
"15","2015","Hauptschule","weiblich","","","",""
"15","2015","Realschule","maennlich","","","",""
"15","2015","Realschule","weiblich","","","",""
"15","2015","(Fach-)Abitur","maennlich","","","",""
"15","2015","(Fach-)Abitur","weiblich","","","",""
"15","2015","AkademikerIn","maennlich","","","",""
"15","2015","AkademikerIn","weiblich","","","",""
"16","2015","(noch) kein Abschluss","maennlich","","","",""
"16","2015","(noch) kein Abschluss","weiblich","","","",""
"16","2015","Hauptschule","maennlich","","","",""
"16","2015","Hauptschule","weiblich","","","",""
"16","2015","Realschule","maennlich","","","",""
"16","2015","Realschule","weiblich","","","",""
"16","2015","(Fach-)Abitur","maennlich","","","",""
"16","2015","(Fach-)Abitur","weiblich","","","",""
"16","2015","AkademikerIn","maennlich","","","",""
"16","2015","AkademikerIn","weiblich","","","",""
"17","2015","(noch) kein Abschluss","maennlich","","","",""
"17","2015","(noch) kein Abschluss","weiblich","","","",""
"17","2015","Hauptschule","maennlich","","","",""
"17","2015","Hauptschule","weiblich","","","",""
"17","2015","Realschule","maennlich","","","",""
"17","2015","Realschule","weiblich","","","",""
"17","2015","(Fach-)Abitur","maennlich","","","",""
"17","2015","(Fach-)Abitur","weiblich","","","",""
"17","2015","AkademikerIn","maennlich","","","",""
"17","2015","AkademikerIn","weiblich","","","",""
"18","2015","(noch) kein Abschluss","maennlich","","","",""
"18","2015","(noch) kein Abschluss","weiblich","","","",""
"18","2015","Hauptschule","maennlich","","","",""
"18","2015","Hauptschule","weiblich","","","",""
"18","2015","Realschule","maennlich","","","",""
"18","2015","Realschule","weiblich","","","",""
"18","2015","(Fach-)Abitur","maennlich","","","",""
"18","2015","(Fach-)Abitur","weiblich","","","",""
"18","2015","AkademikerIn","maennlich","","","",""
"18","2015","AkademikerIn","weiblich","","","",""
"19","2015","(noch) kein Abschluss","maennlich","","","",""
"19","2015","(noch) kein Abschluss","weiblich","","","",""
"19","2015","Hauptschule","maennlich","","","",""
"19","2015","Hauptschule","weiblich","","","",""
"19","2015","Realschule","maennlich","","","",""
"19","2015","Realschule","weiblich","","","",""
"19","2015","(Fach-)Abitur","maennlich","","","",""
"19","2015","(Fach-)Abitur","weiblich","","","",""
"19","2015","AkademikerIn","maennlich","","","",""
"19","2015","AkademikerIn","weiblich","","","",""
"20","2015","(noch) kein Abschluss","maennlich","","","",""
"20","2015","(noch) kein Abschluss","weiblich","","","",""
"20","2015","Hauptschule","maennlich","","","",""
"20","2015","Hauptschule","weiblich","","","",""
"20","2015","Realschule","maennlich","","","",""
"20","2015","Realschule","weiblich","","","",""
"20","2015","(Fach-)Abitur","maennlich","","","",""
"20","2015","(Fach-)Abitur","weiblich","","","",""
"20","2015","AkademikerIn","maennlich","","","",""
"20","2015","AkademikerIn","weiblich","1","","",""
"21","2015","(noch) kein Abschluss","maennlich","","","",""
"21","2015","(noch) kein Abschluss","weiblich","","","",""
"21","2015","Hauptschule","maennlich","","","",""
"21","2015","Hauptschule","weiblich","","","",""
"21","2015","Realschule","maennlich","","","",""
"21","2015","Realschule","weiblich","","","",""
"21","2015","(Fach-)Abitur","maennlich","","","",""
"21","2015","(Fach-)Abitur","weiblich","","","",""
"21","2015","AkademikerIn","maennlich","","","",""
"21","2015","AkademikerIn","weiblich","","","",""
"22","2015","(noch) kein Abschluss","maennlich","","","",""
"22","2015","(noch) kein Abschluss","weiblich","","","",""
"22","2015","Hauptschule","maennlich","","","",""
"22","2015","Hauptschule","weiblich","","","",""
"22","2015","Realschule","maennlich","","","",""
"22","2015","Realschule","weiblich","","","",""
"22","2015","(Fach-)Abitur","maennlich","","","",""
"22","2015","(Fach-)Abitur","weiblich","","","",""
"22","2015","AkademikerIn","maennlich","","","",""
"22","2015","AkademikerIn","weiblich","","","",""
"23","2015","(noch) kein Abschluss","maennlich","","","",""
"23","2015","(noch) kein Abschluss","weiblich","","","",""
"23","2015","Hauptschule","maennlich","","","",""
"23","2015","Hauptschule","weiblich","","","",""
"23","2015","Realschule","maennlich","","","",""
"23","2015","Realschule","weiblich","","","",""
"23","2015","(Fach-)Abitur","maennlich","","","",""
"23","2015","(Fach-)Abitur","weiblich","","","",""
"23","2015","AkademikerIn","maennlich","","","",""
"23","2015","AkademikerIn","weiblich","","","",""
"24","2015","(noch) kein Abschluss","maennlich","","","",""
"24","2015","(noch) kein Abschluss","weiblich","","","",""
"24","2015","Hauptschule","maennlich","","","",""
"24","2015","Hauptschule","weiblich","","","",""
"24","2015","Realschule","maennlich","","","",""
"24","2015","Realschule","weiblich","","","",""
"24","2015","(Fach-)Abitur","maennlich","","","",""
"24","2015","(Fach-)Abitur","weiblich","","","",""
"24","2015","AkademikerIn","maennlich","","","",""
"24","2015","AkademikerIn","weiblich","","","",""
"25","2015","(noch) kein Abschluss","maennlich","","","",""
"25","2015","(noch) kein Abschluss","weiblich","","","",""
"25","2015","Hauptschule","maennlich","","","",""
"25","2015","Hauptschule","weiblich","","","",""
"25","2015","Realschule","maennlich","","","",""
"25","2015","Realschule","weiblich","1","","",""
"25","2015","(Fach-)Abitur","maennlich","","","",""
"25","2015","(Fach-)Abitur","weiblich","","","",""
"25","2015","AkademikerIn","maennlich","","","",""
"25","2015","AkademikerIn","weiblich","","","",""
"26","2015","(noch) kein Abschluss","maennlich","","","",""
"26","2015","(noch) kein Abschluss","weiblich","","","",""
"26","2015","Hauptschule","maennlich","","","",""
"26","2015","Hauptschule","weiblich","","","",""
"26","2015","Realschule","maennlich","","","",""
"26","2015","Realschule","weiblich","","","",""
"26","2015","(Fach-)Abitur","maennlich","","","",""
"26","2015","(Fach-)Abitur","weiblich","","","",""
"26","2015","AkademikerIn","maennlich","","","",""
"26","2015","AkademikerIn","weiblich","","","",""
"27","2015","(noch) kein Abschluss","maennlich","","","",""
"27","2015","(noch) kein Abschluss","weiblich","","","",""
"27","2015","Hauptschule","maennlich","","","",""
"27","2015","Hauptschule","weiblich","","","",""
"27","2015","Realschule","maennlich","","","",""
"27","2015","Realschule","weiblich","","","",""
"27","2015","(Fach-)Abitur","maennlich","","","",""
"27","2015","(Fach-)Abitur","weiblich","","","",""
"27","2015","AkademikerIn","maennlich","","","",""
"27","2015","AkademikerIn","weiblich","","","",""
"28","2015","(noch) kein Abschluss","maennlich","","","",""
"28","2015","(noch) kein Abschluss","weiblich","","","",""
"28","2015","Hauptschule","maennlich","","","",""
"28","2015","Hauptschule","weiblich","","","",""
"28","2015","Realschule","maennlich","","","",""
"28","2015","Realschule","weiblich","","","",""
"28","2015","(Fach-)Abitur","maennlich","","","",""
"28","2015","(Fach-)Abitur","weiblich","","","",""
"28","2015","AkademikerIn","maennlich","","","",""
"28","2015","AkademikerIn","weiblich","","","",""
"30","2015","(noch) kein Abschluss","maennlich","","","",""
"30","2015","(noch) kein Abschluss","weiblich","","","",""
"30","2015","Hauptschule","maennlich","1","","",""
"30","2015","Hauptschule","weiblich","","","",""
"30","2015","Realschule","maennlich","","","",""
"30","2015","Realschule","weiblich","","","",""
"30","2015","(Fach-)Abitur","maennlich","","","",""
"30","2015","(Fach-)Abitur","weiblich","","","",""
"30","2015","AkademikerIn","maennlich","","","",""
"30","2015","AkademikerIn","weiblich","","","",""
"31","2015","(noch) kein Abschluss","maennlich","","","",""
"31","2015","(noch) kein Abschluss","weiblich","","","",""
"31","2015","Hauptschule","maennlich","","","",""
"31","2015","Hauptschule","weiblich","","","",""
"31","2015","Realschule","maennlich","","","",""
"31","2015","Realschule","weiblich","","","",""
"31","2015","(Fach-)Abitur","maennlich","","","",""
"31","2015","(Fach-)Abitur","weiblich","","","",""
"31","2015","AkademikerIn","maennlich","","","",""
"31","2015","AkademikerIn","weiblich","","","",""
"32","2015","(noch) kein Abschluss","maennlich","","","",""
"32","2015","(noch) kein Abschluss","weiblich","","","",""
"32","2015","Hauptschule","maennlich","1","","",""
"32","2015","Hauptschule","weiblich","","","",""
"32","2015","Realschule","maennlich","","","",""
"32","2015","Realschule","weiblich","","","",""
"32","2015","(Fach-)Abitur","maennlich","","","",""
"32","2015","(Fach-)Abitur","weiblich","","","",""
"32","2015","AkademikerIn","maennlich","","","",""
"32","2015","AkademikerIn","weiblich","","","",""
"35","2015","(noch) kein Abschluss","maennlich","","","",""
"35","2015","(noch) kein Abschluss","weiblich","","","",""
"35","2015","Hauptschule","maennlich","","","",""
"35","2015","Hauptschule","weiblich","","","",""
"35","2015","Realschule","maennlich","","","",""
"35","2015","Realschule","weiblich","","","",""
"35","2015","(Fach-)Abitur","maennlich","","","",""
"35","2015","(Fach-)Abitur","weiblich","","","",""
"35","2015","AkademikerIn","maennlich","","","",""
"35","2015","AkademikerIn","weiblich","","","",""
"36","2015","(noch) kein Abschluss","maennlich","","","",""
"36","2015","(noch) kein Abschluss","weiblich","","","",""
"36","2015","Hauptschule","maennlich","","","",""
"36","2015","Hauptschule","weiblich","","","",""
"36","2015","Realschule","maennlich","","","",""
"36","2015","Realschule","weiblich","","","",""
"36","2015","(Fach-)Abitur","maennlich","","","",""
"36","2015","(Fach-)Abitur","weiblich","","","",""
"36","2015","AkademikerIn","maennlich","","","",""
"36","2015","AkademikerIn","weiblich","","","",""
"40","2015","(noch) kein Abschluss","maennlich","","","",""
"40","2015","(noch) kein Abschluss","weiblich","","","",""
"40","2015","Hauptschule","maennlich","","","",""
"40","2015","Hauptschule","weiblich","","","",""
"40","2015","Realschule","maennlich","","","",""
"40","2015","Realschule","weiblich","","","",""
"40","2015","(Fach-)Abitur","maennlich","","","",""
"40","2015","(Fach-)Abitur","weiblich","","","",""
"40","2015","AkademikerIn","maennlich","","","",""
"40","2015","AkademikerIn","weiblich","","","",""
"42","2015","(noch) kein Abschluss","maennlich","","","",""
"42","2015","(noch) kein Abschluss","weiblich","","","",""
"42","2015","Hauptschule","maennlich","","","",""
"42","2015","Hauptschule","weiblich","","","",""
"42","2015","Realschule","maennlich","","","",""
"42","2015","Realschule","weiblich","","","",""
"42","2015","(Fach-)Abitur","maennlich","","","",""
"42","2015","(Fach-)Abitur","weiblich","","","",""
"42","2015","AkademikerIn","maennlich","","","",""
"42","2015","AkademikerIn","weiblich","","","",""
"45","2015","(noch) kein Abschluss","maennlich","","","",""
"45","2015","(noch) kein Abschluss","weiblich","","","",""
"45","2015","Hauptschule","maennlich","","","",""
"45","2015","Hauptschule","weiblich","","","",""
"45","2015","Realschule","maennlich","","","",""
"45","2015","Realschule","weiblich","","","",""
"45","2015","(Fach-)Abitur","maennlich","","","",""
"45","2015","(Fach-)Abitur","weiblich","","","",""
"45","2015","AkademikerIn","maennlich","","","",""
"45","2015","AkademikerIn","weiblich","","","",""
"48","2015","(noch) kein Abschluss","maennlich","","","",""
"48","2015","(noch) kein Abschluss","weiblich","","","",""
"48","2015","Hauptschule","maennlich","","","",""
"48","2015","Hauptschule","weiblich","","","",""
"48","2015","Realschule","maennlich","","","",""
"48","2015","Realschule","weiblich","","","",""
"48","2015","(Fach-)Abitur","maennlich","","","",""
"48","2015","(Fach-)Abitur","weiblich","","","",""
"48","2015","AkademikerIn","maennlich","","","",""
"48","2015","AkademikerIn","weiblich","","","",""
"50","2015","(noch) kein Abschluss","maennlich","","","",""
"50","2015","(noch) kein Abschluss","weiblich","","","",""
"50","2015","Hauptschule","maennlich","","","",""
"50","2015","Hauptschule","weiblich","1","","",""
"50","2015","Realschule","maennlich","","","",""
"50","2015","Realschule","weiblich","","","",""
"50","2015","(Fach-)Abitur","maennlich","","","",""
"50","2015","(Fach-)Abitur","weiblich","","","",""
"50","2015","AkademikerIn","maennlich","","","",""
"50","2015","AkademikerIn","weiblich","","","",""
"51","2015","(noch) kein Abschluss","maennlich","","","",""
"51","2015","(noch) kein Abschluss","weiblich","","","",""
"51","2015","Hauptschule","maennlich","","","",""
"51","2015","Hauptschule","weiblich","","","",""
"51","2015","Realschule","maennlich","","","",""
"51","2015","Realschule","weiblich","","","",""
"51","2015","(Fach-)Abitur","maennlich","","","",""
"51","2015","(Fach-)Abitur","weiblich","","","",""
"51","2015","AkademikerIn","maennlich","","","",""
"51","2015","AkademikerIn","weiblich","","","",""
"64","2015","(noch) kein Abschluss","maennlich","","","",""
"64","2015","(noch) kein Abschluss","weiblich","","","",""
"64","2015","Hauptschule","maennlich","","","",""
"64","2015","Hauptschule","weiblich","","","",""
"64","2015","Realschule","maennlich","","","",""
"64","2015","Realschule","weiblich","","","",""
"64","2015","(Fach-)Abitur","maennlich","","","",""
"64","2015","(Fach-)Abitur","weiblich","","","",""
"64","2015","AkademikerIn","maennlich","","","",""
"64","2015","AkademikerIn","weiblich","","","",""
"65","2015","(noch) kein Abschluss","maennlich","","","",""
"65","2015","(noch) kein Abschluss","weiblich","","","",""
"65","2015","Hauptschule","maennlich","","","",""
"65","2015","Hauptschule","weiblich","","","",""
"65","2015","Realschule","maennlich","","","",""
"65","2015","Realschule","weiblich","","","",""
"65","2015","(Fach-)Abitur","maennlich","","","",""
"65","2015","(Fach-)Abitur","weiblich","","","",""
"65","2015","AkademikerIn","maennlich","","","",""
"65","2015","AkademikerIn","weiblich","","","",""
"90","2015","(noch) kein Abschluss","maennlich","","","",""
"90","2015","(noch) kein Abschluss","weiblich","","","",""
"90","2015","Hauptschule","maennlich","","","",""
"90","2015","Hauptschule","weiblich","","","",""
"90","2015","Realschule","maennlich","","","",""
"90","2015","Realschule","weiblich","","","",""
"90","2015","(Fach-)Abitur","maennlich","","","",""
"90","2015","(Fach-)Abitur","weiblich","","","",""
"90","2015","AkademikerIn","maennlich","","","",""
"90","2015","AkademikerIn","weiblich","","","",""
"98","2015","(noch) kein Abschluss","maennlich","","","",""
"98","2015","(noch) kein Abschluss","weiblich","","","",""
"98","2015","Hauptschule","maennlich","","","",""
"98","2015","Hauptschule","weiblich","","","",""
"98","2015","Realschule","maennlich","","","",""
"98","2015","Realschule","weiblich","","","",""
"98","2015","(Fach-)Abitur","maennlich","","","",""
"98","2015","(Fach-)Abitur","weiblich","","","",""
"98","2015","AkademikerIn","maennlich","","","",""
"98","2015","AkademikerIn","weiblich","","","",""
"100","2015","(noch) kein Abschluss","maennlich","","","",""
"100","2015","(noch) kein Abschluss","weiblich","","","",""
"100","2015","Hauptschule","maennlich","","","",""
"100","2015","Hauptschule","weiblich","","","",""
"100","2015","Realschule","maennlich","","","",""
"100","2015","Realschule","weiblich","","","",""
"100","2015","(Fach-)Abitur","maennlich","","","",""
"100","2015","(Fach-)Abitur","weiblich","","","",""
"100","2015","AkademikerIn","maennlich","","","",""
"100","2015","AkademikerIn","weiblich","","","",""
"0","2016","(noch) kein Abschluss","maennlich","","","",""
"0","2016","(noch) kein Abschluss","weiblich","","","",""
"0","2016","Hauptschule","maennlich","","","",""
"0","2016","Hauptschule","weiblich","","","",""
"0","2016","Realschule","maennlich","","","",""
"0","2016","Realschule","weiblich","","","",""
"0","2016","(Fach-)Abitur","maennlich","","","",""
"0","2016","(Fach-)Abitur","weiblich","","","",""
"0","2016","AkademikerIn","maennlich","","","",""
"0","2016","AkademikerIn","weiblich","","","",""
"1","2016","(noch) kein Abschluss","maennlich","23","","",""
"1","2016","(noch) kein Abschluss","weiblich","55","0.804135493957763","0.710494496213045","0.897776491702482"
"1","2016","Hauptschule","maennlich","361","0.706786294785519","0.666883870553503","0.746688719017536"
"1","2016","Hauptschule","weiblich","477","0.700932108034558","0.665652900376981","0.736211315692135"
"1","2016","Realschule","maennlich","202","","",""
"1","2016","Realschule","weiblich","347","0.804093928500254","0.766924286764292","0.841263570236216"
"1","2016","(Fach-)Abitur","maennlich","110","","",""
"1","2016","(Fach-)Abitur","weiblich","197","","",""
"1","2016","AkademikerIn","maennlich","215","","",""
"1","2016","AkademikerIn","weiblich","292","","",""
"2","2016","(noch) kein Abschluss","maennlich","7","0.119719318021953","0.0165028496108141","0.222935786433092"
"2","2016","(noch) kein Abschluss","weiblich","11","","",""
"2","2016","Hauptschule","maennlich","91","0.194659135905427","0.159954271443444","0.229364000367409"
"2","2016","Hauptschule","weiblich","116","","",""
"2","2016","Realschule","maennlich","45","0.165155814506209","0.120864776719777","0.209446852292642"
"2","2016","Realschule","weiblich","65","0.129455558035909","0.0980166929599618","0.160894423111857"
"2","2016","(Fach-)Abitur","maennlich","17","","",""
"2","2016","(Fach-)Abitur","weiblich","42","0.145430493525808","0.101554831192036","0.18930615585958"
"2","2016","AkademikerIn","maennlich","62","0.226147186255324","0.178965941238043","0.273328431272606"
"2","2016","AkademikerIn","weiblich","56","0.133699480907385","0.0988331139875319","0.168565847827237"
"3","2016","(noch) kein Abschluss","maennlich","5","0.325424101845491","0.176454876192992","0.47439332749799"
"3","2016","(noch) kein Abschluss","weiblich","2","","",""
"3","2016","Hauptschule","maennlich","33","0.0559502241063371","0.0358054941114834","0.0760949541011909"
"3","2016","Hauptschule","weiblich","34","0.0563387686337226","0.0385720312639996","0.0741055060034457"
"3","2016","Realschule","maennlich","11","","",""
"3","2016","Realschule","weiblich","16","","",""
"3","2016","(Fach-)Abitur","maennlich","3","","",""
"3","2016","(Fach-)Abitur","weiblich","8","0.0268454976918444","0.00672916179945444","0.0469618335842343"
"3","2016","AkademikerIn","maennlich","15","","",""
"3","2016","AkademikerIn","weiblich","10","","",""
"4","2016","(noch) kein Abschluss","maennlich","2","","",""
"4","2016","(noch) kein Abschluss","weiblich","1","","",""
"4","2016","Hauptschule","maennlich","8","0.0329795495273702","0.0173263443534184","0.048632754701322"
"4","2016","Hauptschule","weiblich","10","","",""
"4","2016","Realschule","maennlich","6","0.0192198650969357","0.00284313441960204","0.0355965957742693"
"4","2016","Realschule","weiblich","5","0.0245480343550396","0.0100562340435435","0.0390398346665357"
"4","2016","(Fach-)Abitur","maennlich","3","","",""
"4","2016","(Fach-)Abitur","weiblich","","","",""
"4","2016","AkademikerIn","maennlich","4","0.00844786018118887","-0.00187442268955476","0.0187701430519325"
"4","2016","AkademikerIn","weiblich","4","0.00511646728281304","-0.00219288292212958","0.0124258174877557"
"5","2016","(noch) kein Abschluss","maennlich","","","",""
"5","2016","(noch) kein Abschluss","weiblich","","","",""
"5","2016","Hauptschule","maennlich","1","","",""
"5","2016","Hauptschule","weiblich","4","0.00348977344449408","-0.00105419647183336","0.00803374336082152"
"5","2016","Realschule","maennlich","","","",""
"5","2016","Realschule","weiblich","2","","",""
"5","2016","(Fach-)Abitur","maennlich","1","","",""
"5","2016","(Fach-)Abitur","weiblich","","","",""
"5","2016","AkademikerIn","maennlich","3","","",""
"5","2016","AkademikerIn","weiblich","1","","",""
"6","2016","(noch) kein Abschluss","maennlich","","","",""
"6","2016","(noch) kein Abschluss","weiblich","","","",""
"6","2016","Hauptschule","maennlich","1","","",""
"6","2016","Hauptschule","weiblich","2","","",""
"6","2016","Realschule","maennlich","","","",""
"6","2016","Realschule","weiblich","2","","",""
"6","2016","(Fach-)Abitur","maennlich","","","",""
"6","2016","(Fach-)Abitur","weiblich","","","",""
"6","2016","AkademikerIn","maennlich","1","","",""
"6","2016","AkademikerIn","weiblich","1","","",""
"7","2016","(noch) kein Abschluss","maennlich","","","",""
"7","2016","(noch) kein Abschluss","weiblich","","","",""
"7","2016","Hauptschule","maennlich","","","",""
"7","2016","Hauptschule","weiblich","1","","",""
"7","2016","Realschule","maennlich","3","","",""
"7","2016","Realschule","weiblich","","","",""
"7","2016","(Fach-)Abitur","maennlich","","","",""
"7","2016","(Fach-)Abitur","weiblich","","","",""
"7","2016","AkademikerIn","maennlich","1","","",""
"7","2016","AkademikerIn","weiblich","1","","",""
"8","2016","(noch) kein Abschluss","maennlich","1","","",""
"8","2016","(noch) kein Abschluss","weiblich","","","",""
"8","2016","Hauptschule","maennlich","","","",""
"8","2016","Hauptschule","weiblich","1","","",""
"8","2016","Realschule","maennlich","1","","",""
"8","2016","Realschule","weiblich","","","",""
"8","2016","(Fach-)Abitur","maennlich","1","","",""
"8","2016","(Fach-)Abitur","weiblich","","","",""
"8","2016","AkademikerIn","maennlich","","","",""
"8","2016","AkademikerIn","weiblich","","","",""
"9","2016","(noch) kein Abschluss","maennlich","","","",""
"9","2016","(noch) kein Abschluss","weiblich","","","",""
"9","2016","Hauptschule","maennlich","","","",""
"9","2016","Hauptschule","weiblich","","","",""
"9","2016","Realschule","maennlich","","","",""
"9","2016","Realschule","weiblich","","","",""
"9","2016","(Fach-)Abitur","maennlich","","","",""
"9","2016","(Fach-)Abitur","weiblich","","","",""
"9","2016","AkademikerIn","maennlich","1","","",""
"9","2016","AkademikerIn","weiblich","","","",""
"10","2016","(noch) kein Abschluss","maennlich","","","",""
"10","2016","(noch) kein Abschluss","weiblich","","","",""
"10","2016","Hauptschule","maennlich","2","","",""
"10","2016","Hauptschule","weiblich","","","",""
"10","2016","Realschule","maennlich","1","","",""
"10","2016","Realschule","weiblich","1","","",""
"10","2016","(Fach-)Abitur","maennlich","","","",""
"10","2016","(Fach-)Abitur","weiblich","1","","",""
"10","2016","AkademikerIn","maennlich","","","",""
"10","2016","AkademikerIn","weiblich","1","","",""
"11","2016","(noch) kein Abschluss","maennlich","","","",""
"11","2016","(noch) kein Abschluss","weiblich","","","",""
"11","2016","Hauptschule","maennlich","","","",""
"11","2016","Hauptschule","weiblich","1","","",""
"11","2016","Realschule","maennlich","","","",""
"11","2016","Realschule","weiblich","","","",""
"11","2016","(Fach-)Abitur","maennlich","","","",""
"11","2016","(Fach-)Abitur","weiblich","","","",""
"11","2016","AkademikerIn","maennlich","","","",""
"11","2016","AkademikerIn","weiblich","","","",""
"12","2016","(noch) kein Abschluss","maennlich","","","",""
"12","2016","(noch) kein Abschluss","weiblich","","","",""
"12","2016","Hauptschule","maennlich","2","","",""
"12","2016","Hauptschule","weiblich","","","",""
"12","2016","Realschule","maennlich","1","","",""
"12","2016","Realschule","weiblich","","","",""
"12","2016","(Fach-)Abitur","maennlich","","","",""
"12","2016","(Fach-)Abitur","weiblich","","","",""
"12","2016","AkademikerIn","maennlich","","","",""
"12","2016","AkademikerIn","weiblich","","","",""
"13","2016","(noch) kein Abschluss","maennlich","","","",""
"13","2016","(noch) kein Abschluss","weiblich","","","",""
"13","2016","Hauptschule","maennlich","","","",""
"13","2016","Hauptschule","weiblich","1","","",""
"13","2016","Realschule","maennlich","","","",""
"13","2016","Realschule","weiblich","","","",""
"13","2016","(Fach-)Abitur","maennlich","","","",""
"13","2016","(Fach-)Abitur","weiblich","","","",""
"13","2016","AkademikerIn","maennlich","","","",""
"13","2016","AkademikerIn","weiblich","","","",""
"14","2016","(noch) kein Abschluss","maennlich","","","",""
"14","2016","(noch) kein Abschluss","weiblich","","","",""
"14","2016","Hauptschule","maennlich","","","",""
"14","2016","Hauptschule","weiblich","","","",""
"14","2016","Realschule","maennlich","","","",""
"14","2016","Realschule","weiblich","","","",""
"14","2016","(Fach-)Abitur","maennlich","","","",""
"14","2016","(Fach-)Abitur","weiblich","","","",""
"14","2016","AkademikerIn","maennlich","","","",""
"14","2016","AkademikerIn","weiblich","","","",""
"15","2016","(noch) kein Abschluss","maennlich","","","",""
"15","2016","(noch) kein Abschluss","weiblich","","","",""
"15","2016","Hauptschule","maennlich","","","",""
"15","2016","Hauptschule","weiblich","","","",""
"15","2016","Realschule","maennlich","","","",""
"15","2016","Realschule","weiblich","","","",""
"15","2016","(Fach-)Abitur","maennlich","","","",""
"15","2016","(Fach-)Abitur","weiblich","","","",""
"15","2016","AkademikerIn","maennlich","","","",""
"15","2016","AkademikerIn","weiblich","","","",""
"16","2016","(noch) kein Abschluss","maennlich","","","",""
"16","2016","(noch) kein Abschluss","weiblich","","","",""
"16","2016","Hauptschule","maennlich","","","",""
"16","2016","Hauptschule","weiblich","","","",""
"16","2016","Realschule","maennlich","","","",""
"16","2016","Realschule","weiblich","","","",""
"16","2016","(Fach-)Abitur","maennlich","","","",""
"16","2016","(Fach-)Abitur","weiblich","","","",""
"16","2016","AkademikerIn","maennlich","","","",""
"16","2016","AkademikerIn","weiblich","","","",""
"17","2016","(noch) kein Abschluss","maennlich","","","",""
"17","2016","(noch) kein Abschluss","weiblich","","","",""
"17","2016","Hauptschule","maennlich","","","",""
"17","2016","Hauptschule","weiblich","","","",""
"17","2016","Realschule","maennlich","","","",""
"17","2016","Realschule","weiblich","","","",""
"17","2016","(Fach-)Abitur","maennlich","","","",""
"17","2016","(Fach-)Abitur","weiblich","","","",""
"17","2016","AkademikerIn","maennlich","","","",""
"17","2016","AkademikerIn","weiblich","","","",""
"18","2016","(noch) kein Abschluss","maennlich","","","",""
"18","2016","(noch) kein Abschluss","weiblich","","","",""
"18","2016","Hauptschule","maennlich","","","",""
"18","2016","Hauptschule","weiblich","","","",""
"18","2016","Realschule","maennlich","","","",""
"18","2016","Realschule","weiblich","","","",""
"18","2016","(Fach-)Abitur","maennlich","","","",""
"18","2016","(Fach-)Abitur","weiblich","","","",""
"18","2016","AkademikerIn","maennlich","","","",""
"18","2016","AkademikerIn","weiblich","","","",""
"19","2016","(noch) kein Abschluss","maennlich","","","",""
"19","2016","(noch) kein Abschluss","weiblich","","","",""
"19","2016","Hauptschule","maennlich","","","",""
"19","2016","Hauptschule","weiblich","","","",""
"19","2016","Realschule","maennlich","","","",""
"19","2016","Realschule","weiblich","","","",""
"19","2016","(Fach-)Abitur","maennlich","","","",""
"19","2016","(Fach-)Abitur","weiblich","","","",""
"19","2016","AkademikerIn","maennlich","","","",""
"19","2016","AkademikerIn","weiblich","","","",""
"20","2016","(noch) kein Abschluss","maennlich","","","",""
"20","2016","(noch) kein Abschluss","weiblich","","","",""
"20","2016","Hauptschule","maennlich","","","",""
"20","2016","Hauptschule","weiblich","","","",""
"20","2016","Realschule","maennlich","","","",""
"20","2016","Realschule","weiblich","","","",""
"20","2016","(Fach-)Abitur","maennlich","","","",""
"20","2016","(Fach-)Abitur","weiblich","","","",""
"20","2016","AkademikerIn","maennlich","","","",""
"20","2016","AkademikerIn","weiblich","","","",""
"21","2016","(noch) kein Abschluss","maennlich","","","",""
"21","2016","(noch) kein Abschluss","weiblich","","","",""
"21","2016","Hauptschule","maennlich","","","",""
"21","2016","Hauptschule","weiblich","","","",""
"21","2016","Realschule","maennlich","","","",""
"21","2016","Realschule","weiblich","","","",""
"21","2016","(Fach-)Abitur","maennlich","","","",""
"21","2016","(Fach-)Abitur","weiblich","","","",""
"21","2016","AkademikerIn","maennlich","","","",""
"21","2016","AkademikerIn","weiblich","","","",""
"22","2016","(noch) kein Abschluss","maennlich","","","",""
"22","2016","(noch) kein Abschluss","weiblich","","","",""
"22","2016","Hauptschule","maennlich","","","",""
"22","2016","Hauptschule","weiblich","","","",""
"22","2016","Realschule","maennlich","","","",""
"22","2016","Realschule","weiblich","","","",""
"22","2016","(Fach-)Abitur","maennlich","","","",""
"22","2016","(Fach-)Abitur","weiblich","","","",""
"22","2016","AkademikerIn","maennlich","","","",""
"22","2016","AkademikerIn","weiblich","","","",""
"23","2016","(noch) kein Abschluss","maennlich","","","",""
"23","2016","(noch) kein Abschluss","weiblich","","","",""
"23","2016","Hauptschule","maennlich","","","",""
"23","2016","Hauptschule","weiblich","","","",""
"23","2016","Realschule","maennlich","","","",""
"23","2016","Realschule","weiblich","","","",""
"23","2016","(Fach-)Abitur","maennlich","","","",""
"23","2016","(Fach-)Abitur","weiblich","","","",""
"23","2016","AkademikerIn","maennlich","","","",""
"23","2016","AkademikerIn","weiblich","","","",""
"24","2016","(noch) kein Abschluss","maennlich","","","",""
"24","2016","(noch) kein Abschluss","weiblich","","","",""
"24","2016","Hauptschule","maennlich","","","",""
"24","2016","Hauptschule","weiblich","","","",""
"24","2016","Realschule","maennlich","","","",""
"24","2016","Realschule","weiblich","","","",""
"24","2016","(Fach-)Abitur","maennlich","","","",""
"24","2016","(Fach-)Abitur","weiblich","","","",""
"24","2016","AkademikerIn","maennlich","","","",""
"24","2016","AkademikerIn","weiblich","","","",""
"25","2016","(noch) kein Abschluss","maennlich","","","",""
"25","2016","(noch) kein Abschluss","weiblich","","","",""
"25","2016","Hauptschule","maennlich","","","",""
"25","2016","Hauptschule","weiblich","","","",""
"25","2016","Realschule","maennlich","","","",""
"25","2016","Realschule","weiblich","","","",""
"25","2016","(Fach-)Abitur","maennlich","","","",""
"25","2016","(Fach-)Abitur","weiblich","","","",""
"25","2016","AkademikerIn","maennlich","","","",""
"25","2016","AkademikerIn","weiblich","","","",""
"26","2016","(noch) kein Abschluss","maennlich","","","",""
"26","2016","(noch) kein Abschluss","weiblich","","","",""
"26","2016","Hauptschule","maennlich","","","",""
"26","2016","Hauptschule","weiblich","","","",""
"26","2016","Realschule","maennlich","","","",""
"26","2016","Realschule","weiblich","","","",""
"26","2016","(Fach-)Abitur","maennlich","","","",""
"26","2016","(Fach-)Abitur","weiblich","","","",""
"26","2016","AkademikerIn","maennlich","","","",""
"26","2016","AkademikerIn","weiblich","","","",""
"27","2016","(noch) kein Abschluss","maennlich","","","",""
"27","2016","(noch) kein Abschluss","weiblich","","","",""
"27","2016","Hauptschule","maennlich","","","",""
"27","2016","Hauptschule","weiblich","","","",""
"27","2016","Realschule","maennlich","","","",""
"27","2016","Realschule","weiblich","","","",""
"27","2016","(Fach-)Abitur","maennlich","","","",""
"27","2016","(Fach-)Abitur","weiblich","","","",""
"27","2016","AkademikerIn","maennlich","","","",""
"27","2016","AkademikerIn","weiblich","","","",""
"28","2016","(noch) kein Abschluss","maennlich","","","",""
"28","2016","(noch) kein Abschluss","weiblich","","","",""
"28","2016","Hauptschule","maennlich","","","",""
"28","2016","Hauptschule","weiblich","","","",""
"28","2016","Realschule","maennlich","","","",""
"28","2016","Realschule","weiblich","","","",""
"28","2016","(Fach-)Abitur","maennlich","","","",""
"28","2016","(Fach-)Abitur","weiblich","","","",""
"28","2016","AkademikerIn","maennlich","","","",""
"28","2016","AkademikerIn","weiblich","","","",""
"30","2016","(noch) kein Abschluss","maennlich","","","",""
"30","2016","(noch) kein Abschluss","weiblich","","","",""
"30","2016","Hauptschule","maennlich","1","","",""
"30","2016","Hauptschule","weiblich","","","",""
"30","2016","Realschule","maennlich","","","",""
"30","2016","Realschule","weiblich","","","",""
"30","2016","(Fach-)Abitur","maennlich","","","",""
"30","2016","(Fach-)Abitur","weiblich","","","",""
"30","2016","AkademikerIn","maennlich","","","",""
"30","2016","AkademikerIn","weiblich","","","",""
"31","2016","(noch) kein Abschluss","maennlich","","","",""
"31","2016","(noch) kein Abschluss","weiblich","","","",""
"31","2016","Hauptschule","maennlich","","","",""
"31","2016","Hauptschule","weiblich","","","",""
"31","2016","Realschule","maennlich","","","",""
"31","2016","Realschule","weiblich","","","",""
"31","2016","(Fach-)Abitur","maennlich","","","",""
"31","2016","(Fach-)Abitur","weiblich","","","",""
"31","2016","AkademikerIn","maennlich","","","",""
"31","2016","AkademikerIn","weiblich","","","",""
"32","2016","(noch) kein Abschluss","maennlich","","","",""
"32","2016","(noch) kein Abschluss","weiblich","","","",""
"32","2016","Hauptschule","maennlich","","","",""
"32","2016","Hauptschule","weiblich","","","",""
"32","2016","Realschule","maennlich","","","",""
"32","2016","Realschule","weiblich","","","",""
"32","2016","(Fach-)Abitur","maennlich","","","",""
"32","2016","(Fach-)Abitur","weiblich","","","",""
"32","2016","AkademikerIn","maennlich","","","",""
"32","2016","AkademikerIn","weiblich","","","",""
"35","2016","(noch) kein Abschluss","maennlich","","","",""
"35","2016","(noch) kein Abschluss","weiblich","","","",""
"35","2016","Hauptschule","maennlich","","","",""
"35","2016","Hauptschule","weiblich","","","",""
"35","2016","Realschule","maennlich","","","",""
"35","2016","Realschule","weiblich","","","",""
"35","2016","(Fach-)Abitur","maennlich","","","",""
"35","2016","(Fach-)Abitur","weiblich","","","",""
"35","2016","AkademikerIn","maennlich","","","",""
"35","2016","AkademikerIn","weiblich","","","",""
"36","2016","(noch) kein Abschluss","maennlich","","","",""
"36","2016","(noch) kein Abschluss","weiblich","","","",""
"36","2016","Hauptschule","maennlich","","","",""
"36","2016","Hauptschule","weiblich","","","",""
"36","2016","Realschule","maennlich","","","",""
"36","2016","Realschule","weiblich","","","",""
"36","2016","(Fach-)Abitur","maennlich","","","",""
"36","2016","(Fach-)Abitur","weiblich","","","",""
"36","2016","AkademikerIn","maennlich","","","",""
"36","2016","AkademikerIn","weiblich","","","",""
"40","2016","(noch) kein Abschluss","maennlich","","","",""
"40","2016","(noch) kein Abschluss","weiblich","","","",""
"40","2016","Hauptschule","maennlich","","","",""
"40","2016","Hauptschule","weiblich","","","",""
"40","2016","Realschule","maennlich","","","",""
"40","2016","Realschule","weiblich","","","",""
"40","2016","(Fach-)Abitur","maennlich","","","",""
"40","2016","(Fach-)Abitur","weiblich","","","",""
"40","2016","AkademikerIn","maennlich","","","",""
"40","2016","AkademikerIn","weiblich","","","",""
"42","2016","(noch) kein Abschluss","maennlich","","","",""
"42","2016","(noch) kein Abschluss","weiblich","","","",""
"42","2016","Hauptschule","maennlich","","","",""
"42","2016","Hauptschule","weiblich","","","",""
"42","2016","Realschule","maennlich","","","",""
"42","2016","Realschule","weiblich","","","",""
"42","2016","(Fach-)Abitur","maennlich","","","",""
"42","2016","(Fach-)Abitur","weiblich","","","",""
"42","2016","AkademikerIn","maennlich","","","",""
"42","2016","AkademikerIn","weiblich","","","",""
"45","2016","(noch) kein Abschluss","maennlich","","","",""
"45","2016","(noch) kein Abschluss","weiblich","","","",""
"45","2016","Hauptschule","maennlich","","","",""
"45","2016","Hauptschule","weiblich","","","",""
"45","2016","Realschule","maennlich","","","",""
"45","2016","Realschule","weiblich","","","",""
"45","2016","(Fach-)Abitur","maennlich","","","",""
"45","2016","(Fach-)Abitur","weiblich","","","",""
"45","2016","AkademikerIn","maennlich","","","",""
"45","2016","AkademikerIn","weiblich","","","",""
"48","2016","(noch) kein Abschluss","maennlich","","","",""
"48","2016","(noch) kein Abschluss","weiblich","","","",""
"48","2016","Hauptschule","maennlich","","","",""
"48","2016","Hauptschule","weiblich","","","",""
"48","2016","Realschule","maennlich","","","",""
"48","2016","Realschule","weiblich","","","",""
"48","2016","(Fach-)Abitur","maennlich","1","","",""
"48","2016","(Fach-)Abitur","weiblich","","","",""
"48","2016","AkademikerIn","maennlich","","","",""
"48","2016","AkademikerIn","weiblich","","","",""
"50","2016","(noch) kein Abschluss","maennlich","","","",""
"50","2016","(noch) kein Abschluss","weiblich","","","",""
"50","2016","Hauptschule","maennlich","","","",""
"50","2016","Hauptschule","weiblich","","","",""
"50","2016","Realschule","maennlich","","","",""
"50","2016","Realschule","weiblich","","","",""
"50","2016","(Fach-)Abitur","maennlich","","","",""
"50","2016","(Fach-)Abitur","weiblich","","","",""
"50","2016","AkademikerIn","maennlich","","","",""
"50","2016","AkademikerIn","weiblich","","","",""
"51","2016","(noch) kein Abschluss","maennlich","","","",""
"51","2016","(noch) kein Abschluss","weiblich","","","",""
"51","2016","Hauptschule","maennlich","","","",""
"51","2016","Hauptschule","weiblich","","","",""
"51","2016","Realschule","maennlich","","","",""
"51","2016","Realschule","weiblich","","","",""
"51","2016","(Fach-)Abitur","maennlich","","","",""
"51","2016","(Fach-)Abitur","weiblich","","","",""
"51","2016","AkademikerIn","maennlich","","","",""
"51","2016","AkademikerIn","weiblich","","","",""
"64","2016","(noch) kein Abschluss","maennlich","","","",""
"64","2016","(noch) kein Abschluss","weiblich","","","",""
"64","2016","Hauptschule","maennlich","","","",""
"64","2016","Hauptschule","weiblich","","","",""
"64","2016","Realschule","maennlich","","","",""
"64","2016","Realschule","weiblich","","","",""
"64","2016","(Fach-)Abitur","maennlich","","","",""
"64","2016","(Fach-)Abitur","weiblich","","","",""
"64","2016","AkademikerIn","maennlich","","","",""
"64","2016","AkademikerIn","weiblich","","","",""
"65","2016","(noch) kein Abschluss","maennlich","","","",""
"65","2016","(noch) kein Abschluss","weiblich","","","",""
"65","2016","Hauptschule","maennlich","","","",""
"65","2016","Hauptschule","weiblich","","","",""
"65","2016","Realschule","maennlich","","","",""
"65","2016","Realschule","weiblich","","","",""
"65","2016","(Fach-)Abitur","maennlich","","","",""
"65","2016","(Fach-)Abitur","weiblich","","","",""
"65","2016","AkademikerIn","maennlich","","","",""
"65","2016","AkademikerIn","weiblich","","","",""
"90","2016","(noch) kein Abschluss","maennlich","","","",""
"90","2016","(noch) kein Abschluss","weiblich","","","",""
"90","2016","Hauptschule","maennlich","","","",""
"90","2016","Hauptschule","weiblich","","","",""
"90","2016","Realschule","maennlich","","","",""
"90","2016","Realschule","weiblich","","","",""
"90","2016","(Fach-)Abitur","maennlich","","","",""
"90","2016","(Fach-)Abitur","weiblich","","","",""
"90","2016","AkademikerIn","maennlich","","","",""
"90","2016","AkademikerIn","weiblich","","","",""
"98","2016","(noch) kein Abschluss","maennlich","","","",""
"98","2016","(noch) kein Abschluss","weiblich","","","",""
"98","2016","Hauptschule","maennlich","","","",""
"98","2016","Hauptschule","weiblich","","","",""
"98","2016","Realschule","maennlich","","","",""
"98","2016","Realschule","weiblich","","","",""
"98","2016","(Fach-)Abitur","maennlich","","","",""
"98","2016","(Fach-)Abitur","weiblich","","","",""
"98","2016","AkademikerIn","maennlich","","","",""
"98","2016","AkademikerIn","weiblich","","","",""
"100","2016","(noch) kein Abschluss","maennlich","","","",""
"100","2016","(noch) kein Abschluss","weiblich","","","",""
"100","2016","Hauptschule","maennlich","","","",""
"100","2016","Hauptschule","weiblich","","","",""
"100","2016","Realschule","maennlich","","","",""
"100","2016","Realschule","weiblich","","","",""
"100","2016","(Fach-)Abitur","maennlich","","","",""
"100","2016","(Fach-)Abitur","weiblich","","","",""
"100","2016","AkademikerIn","maennlich","","","",""
"100","2016","AkademikerIn","weiblich","","","",""
"0","2017","(noch) kein Abschluss","maennlich","","","",""
"0","2017","(noch) kein Abschluss","weiblich","","","",""
"0","2017","Hauptschule","maennlich","","","",""
"0","2017","Hauptschule","weiblich","","","",""
"0","2017","Realschule","maennlich","","","",""
"0","2017","Realschule","weiblich","","","",""
"0","2017","(Fach-)Abitur","maennlich","","","",""
"0","2017","(Fach-)Abitur","weiblich","","","",""
"0","2017","AkademikerIn","maennlich","","","",""
"0","2017","AkademikerIn","weiblich","","","",""
"1","2017","(noch) kein Abschluss","maennlich","38","0.723759413738545","0.594545276705","0.852973550772089"
"1","2017","(noch) kein Abschluss","weiblich","50","0.771934524661344","0.671465844857714","0.872403204464974"
"1","2017","Hauptschule","maennlich","381","0.676788499177306","0.637377327503224","0.716199670851389"
"1","2017","Hauptschule","weiblich","476","0.722997169378425","0.688380045756443","0.757614293000408"
"1","2017","Realschule","maennlich","250","","",""
"1","2017","Realschule","weiblich","439","0.777987862530111","0.743349265358863","0.812626459701358"
"1","2017","(Fach-)Abitur","maennlich","119","","",""
"1","2017","(Fach-)Abitur","weiblich","229","","",""
"1","2017","AkademikerIn","maennlich","297","","",""
"1","2017","AkademikerIn","weiblich","301","0.793602621722673","0.752585429775682","0.834619813669663"
"2","2017","(noch) kein Abschluss","maennlich","6","0.264142577814922","0.136737945602947","0.391547210026898"
"2","2017","(noch) kein Abschluss","weiblich","10","","",""
"2","2017","Hauptschule","maennlich","108","","",""
"2","2017","Hauptschule","weiblich","102","","",""
"2","2017","Realschule","maennlich","51","0.154051629918187","0.115509277475391","0.192593982360984"
"2","2017","Realschule","weiblich","81","0.171092437347656","0.139705135571691","0.202479739123621"
"2","2017","(Fach-)Abitur","maennlich","31","0.184758297419935","0.124433663057053","0.245082931782818"
"2","2017","(Fach-)Abitur","weiblich","39","0.149024662512126","0.107087816312257","0.190961508711995"
"2","2017","AkademikerIn","maennlich","63","0.19260027974256","0.153809760615446","0.231390798869674"
"2","2017","AkademikerIn","weiblich","56","0.132365000386037","0.0980196932920019","0.166710307480072"
"3","2017","(noch) kein Abschluss","maennlich","2","","",""
"3","2017","(noch) kein Abschluss","weiblich","3","","",""
"3","2017","Hauptschule","maennlich","28","","",""
"3","2017","Hauptschule","weiblich","39","0.0851987200674789","0.0636033577922306","0.106794082342727"
"3","2017","Realschule","maennlich","23","","",""
"3","2017","Realschule","weiblich","18","","",""
"3","2017","(Fach-)Abitur","maennlich","5","0.0296165191381982","0.00326605718435055","0.0559669810920459"
"3","2017","(Fach-)Abitur","weiblich","7","0.0453930838217635","0.0208790185161466","0.0699071491273805"
"3","2017","AkademikerIn","maennlich","22","","",""
"3","2017","AkademikerIn","weiblich","9","0.0469410071575286","0.0255047783757547","0.0683772359393026"
"4","2017","(noch) kein Abschluss","maennlich","","","",""
"4","2017","(noch) kein Abschluss","weiblich","2","","",""
"4","2017","Hauptschule","maennlich","9","0.022826113858015","0.0102411673394887","0.0354110603765414"
"4","2017","Hauptschule","weiblich","9","0.0128443853936534","0.00413414681034282","0.0215546239769639"
"4","2017","Realschule","maennlich","9","0.0238063113328133","0.00753032963640247","0.0400822930292242"
"4","2017","Realschule","weiblich","6","0.00992937142934578","0.00166557724590799","0.0181931656127836"
"4","2017","(Fach-)Abitur","maennlich","3","","",""
"4","2017","(Fach-)Abitur","weiblich","","","",""
"4","2017","AkademikerIn","maennlich","6","0.0155507160659346","0.00337975964875906","0.0277216724831101"
"4","2017","AkademikerIn","weiblich","5","0.0118792583441649","0.000899015092863465","0.0228595015954664"
"5","2017","(noch) kein Abschluss","maennlich","","","",""
"5","2017","(noch) kein Abschluss","weiblich","1","","",""
"5","2017","Hauptschule","maennlich","7","0.0144165924498536","0.00437211239185125","0.024461072507856"
"5","2017","Hauptschule","weiblich","8","0.0106435204676187","0.00270573004960378","0.0185813108856335"
"5","2017","Realschule","maennlich","2","","",""
"5","2017","Realschule","weiblich","3","","",""
"5","2017","(Fach-)Abitur","maennlich","","","",""
"5","2017","(Fach-)Abitur","weiblich","1","","",""
"5","2017","AkademikerIn","maennlich","5","0.0131280604745554","0.00193152856335298","0.0243245923857578"
"5","2017","AkademikerIn","weiblich","2","","",""
"6","2017","(noch) kein Abschluss","maennlich","","","",""
"6","2017","(noch) kein Abschluss","weiblich","1","","",""
"6","2017","Hauptschule","maennlich","2","","",""
"6","2017","Hauptschule","weiblich","3","","",""
"6","2017","Realschule","maennlich","1","","",""
"6","2017","Realschule","weiblich","3","","",""
"6","2017","(Fach-)Abitur","maennlich","","","",""
"6","2017","(Fach-)Abitur","weiblich","","","",""
"6","2017","AkademikerIn","maennlich","2","","",""
"6","2017","AkademikerIn","weiblich","","","",""
"7","2017","(noch) kein Abschluss","maennlich","","","",""
"7","2017","(noch) kein Abschluss","weiblich","","","",""
"7","2017","Hauptschule","maennlich","2","","",""
"7","2017","Hauptschule","weiblich","","","",""
"7","2017","Realschule","maennlich","1","","",""
"7","2017","Realschule","weiblich","2","","",""
"7","2017","(Fach-)Abitur","maennlich","","","",""
"7","2017","(Fach-)Abitur","weiblich","","","",""
"7","2017","AkademikerIn","maennlich","","","",""
"7","2017","AkademikerIn","weiblich","1","","",""
"8","2017","(noch) kein Abschluss","maennlich","","","",""
"8","2017","(noch) kein Abschluss","weiblich","","","",""
"8","2017","Hauptschule","maennlich","1","","",""
"8","2017","Hauptschule","weiblich","2","","",""
"8","2017","Realschule","maennlich","","","",""
"8","2017","Realschule","weiblich","","","",""
"8","2017","(Fach-)Abitur","maennlich","1","","",""
"8","2017","(Fach-)Abitur","weiblich","","","",""
"8","2017","AkademikerIn","maennlich","","","",""
"8","2017","AkademikerIn","weiblich","","","",""
"9","2017","(noch) kein Abschluss","maennlich","","","",""
"9","2017","(noch) kein Abschluss","weiblich","","","",""
"9","2017","Hauptschule","maennlich","3","","",""
"9","2017","Hauptschule","weiblich","","","",""
"9","2017","Realschule","maennlich","","","",""
"9","2017","Realschule","weiblich","","","",""
"9","2017","(Fach-)Abitur","maennlich","","","",""
"9","2017","(Fach-)Abitur","weiblich","","","",""
"9","2017","AkademikerIn","maennlich","1","","",""
"9","2017","AkademikerIn","weiblich","","","",""
"10","2017","(noch) kein Abschluss","maennlich","","","",""
"10","2017","(noch) kein Abschluss","weiblich","","","",""
"10","2017","Hauptschule","maennlich","","","",""
"10","2017","Hauptschule","weiblich","2","","",""
"10","2017","Realschule","maennlich","","","",""
"10","2017","Realschule","weiblich","","","",""
"10","2017","(Fach-)Abitur","maennlich","","","",""
"10","2017","(Fach-)Abitur","weiblich","1","","",""
"10","2017","AkademikerIn","maennlich","1","","",""
"10","2017","AkademikerIn","weiblich","","","",""
"11","2017","(noch) kein Abschluss","maennlich","","","",""
"11","2017","(noch) kein Abschluss","weiblich","","","",""
"11","2017","Hauptschule","maennlich","","","",""
"11","2017","Hauptschule","weiblich","","","",""
"11","2017","Realschule","maennlich","","","",""
"11","2017","Realschule","weiblich","","","",""
"11","2017","(Fach-)Abitur","maennlich","","","",""
"11","2017","(Fach-)Abitur","weiblich","","","",""
"11","2017","AkademikerIn","maennlich","","","",""
"11","2017","AkademikerIn","weiblich","","","",""
"12","2017","(noch) kein Abschluss","maennlich","","","",""
"12","2017","(noch) kein Abschluss","weiblich","","","",""
"12","2017","Hauptschule","maennlich","","","",""
"12","2017","Hauptschule","weiblich","","","",""
"12","2017","Realschule","maennlich","","","",""
"12","2017","Realschule","weiblich","","","",""
"12","2017","(Fach-)Abitur","maennlich","","","",""
"12","2017","(Fach-)Abitur","weiblich","","","",""
"12","2017","AkademikerIn","maennlich","","","",""
"12","2017","AkademikerIn","weiblich","","","",""
"13","2017","(noch) kein Abschluss","maennlich","","","",""
"13","2017","(noch) kein Abschluss","weiblich","","","",""
"13","2017","Hauptschule","maennlich","","","",""
"13","2017","Hauptschule","weiblich","","","",""
"13","2017","Realschule","maennlich","","","",""
"13","2017","Realschule","weiblich","","","",""
"13","2017","(Fach-)Abitur","maennlich","","","",""
"13","2017","(Fach-)Abitur","weiblich","","","",""
"13","2017","AkademikerIn","maennlich","","","",""
"13","2017","AkademikerIn","weiblich","","","",""
"14","2017","(noch) kein Abschluss","maennlich","","","",""
"14","2017","(noch) kein Abschluss","weiblich","","","",""
"14","2017","Hauptschule","maennlich","","","",""
"14","2017","Hauptschule","weiblich","","","",""
"14","2017","Realschule","maennlich","","","",""
"14","2017","Realschule","weiblich","","","",""
"14","2017","(Fach-)Abitur","maennlich","","","",""
"14","2017","(Fach-)Abitur","weiblich","","","",""
"14","2017","AkademikerIn","maennlich","","","",""
"14","2017","AkademikerIn","weiblich","","","",""
"15","2017","(noch) kein Abschluss","maennlich","","","",""
"15","2017","(noch) kein Abschluss","weiblich","","","",""
"15","2017","Hauptschule","maennlich","","","",""
"15","2017","Hauptschule","weiblich","1","","",""
"15","2017","Realschule","maennlich","","","",""
"15","2017","Realschule","weiblich","","","",""
"15","2017","(Fach-)Abitur","maennlich","","","",""
"15","2017","(Fach-)Abitur","weiblich","","","",""
"15","2017","AkademikerIn","maennlich","","","",""
"15","2017","AkademikerIn","weiblich","","","",""
"16","2017","(noch) kein Abschluss","maennlich","","","",""
"16","2017","(noch) kein Abschluss","weiblich","","","",""
"16","2017","Hauptschule","maennlich","","","",""
"16","2017","Hauptschule","weiblich","","","",""
"16","2017","Realschule","maennlich","","","",""
"16","2017","Realschule","weiblich","","","",""
"16","2017","(Fach-)Abitur","maennlich","","","",""
"16","2017","(Fach-)Abitur","weiblich","","","",""
"16","2017","AkademikerIn","maennlich","","","",""
"16","2017","AkademikerIn","weiblich","","","",""
"17","2017","(noch) kein Abschluss","maennlich","","","",""
"17","2017","(noch) kein Abschluss","weiblich","","","",""
"17","2017","Hauptschule","maennlich","","","",""
"17","2017","Hauptschule","weiblich","","","",""
"17","2017","Realschule","maennlich","","","",""
"17","2017","Realschule","weiblich","","","",""
"17","2017","(Fach-)Abitur","maennlich","","","",""
"17","2017","(Fach-)Abitur","weiblich","","","",""
"17","2017","AkademikerIn","maennlich","","","",""
"17","2017","AkademikerIn","weiblich","","","",""
"18","2017","(noch) kein Abschluss","maennlich","","","",""
"18","2017","(noch) kein Abschluss","weiblich","","","",""
"18","2017","Hauptschule","maennlich","","","",""
"18","2017","Hauptschule","weiblich","","","",""
"18","2017","Realschule","maennlich","","","",""
"18","2017","Realschule","weiblich","","","",""
"18","2017","(Fach-)Abitur","maennlich","","","",""
"18","2017","(Fach-)Abitur","weiblich","","","",""
"18","2017","AkademikerIn","maennlich","","","",""
"18","2017","AkademikerIn","weiblich","","","",""
"19","2017","(noch) kein Abschluss","maennlich","","","",""
"19","2017","(noch) kein Abschluss","weiblich","","","",""
"19","2017","Hauptschule","maennlich","","","",""
"19","2017","Hauptschule","weiblich","","","",""
"19","2017","Realschule","maennlich","","","",""
"19","2017","Realschule","weiblich","","","",""
"19","2017","(Fach-)Abitur","maennlich","","","",""
"19","2017","(Fach-)Abitur","weiblich","","","",""
"19","2017","AkademikerIn","maennlich","","","",""
"19","2017","AkademikerIn","weiblich","","","",""
"20","2017","(noch) kein Abschluss","maennlich","","","",""
"20","2017","(noch) kein Abschluss","weiblich","","","",""
"20","2017","Hauptschule","maennlich","","","",""
"20","2017","Hauptschule","weiblich","","","",""
"20","2017","Realschule","maennlich","","","",""
"20","2017","Realschule","weiblich","","","",""
"20","2017","(Fach-)Abitur","maennlich","","","",""
"20","2017","(Fach-)Abitur","weiblich","","","",""
"20","2017","AkademikerIn","maennlich","","","",""
"20","2017","AkademikerIn","weiblich","","","",""
"21","2017","(noch) kein Abschluss","maennlich","","","",""
"21","2017","(noch) kein Abschluss","weiblich","","","",""
"21","2017","Hauptschule","maennlich","","","",""
"21","2017","Hauptschule","weiblich","","","",""
"21","2017","Realschule","maennlich","","","",""
"21","2017","Realschule","weiblich","","","",""
"21","2017","(Fach-)Abitur","maennlich","","","",""
"21","2017","(Fach-)Abitur","weiblich","","","",""
"21","2017","AkademikerIn","maennlich","","","",""
"21","2017","AkademikerIn","weiblich","","","",""
"22","2017","(noch) kein Abschluss","maennlich","","","",""
"22","2017","(noch) kein Abschluss","weiblich","","","",""
"22","2017","Hauptschule","maennlich","","","",""
"22","2017","Hauptschule","weiblich","","","",""
"22","2017","Realschule","maennlich","","","",""
"22","2017","Realschule","weiblich","","","",""
"22","2017","(Fach-)Abitur","maennlich","","","",""
"22","2017","(Fach-)Abitur","weiblich","","","",""
"22","2017","AkademikerIn","maennlich","","","",""
"22","2017","AkademikerIn","weiblich","","","",""
"23","2017","(noch) kein Abschluss","maennlich","","","",""
"23","2017","(noch) kein Abschluss","weiblich","","","",""
"23","2017","Hauptschule","maennlich","","","",""
"23","2017","Hauptschule","weiblich","","","",""
"23","2017","Realschule","maennlich","","","",""
"23","2017","Realschule","weiblich","","","",""
"23","2017","(Fach-)Abitur","maennlich","","","",""
"23","2017","(Fach-)Abitur","weiblich","","","",""
"23","2017","AkademikerIn","maennlich","","","",""
"23","2017","AkademikerIn","weiblich","","","",""
"24","2017","(noch) kein Abschluss","maennlich","","","",""
"24","2017","(noch) kein Abschluss","weiblich","","","",""
"24","2017","Hauptschule","maennlich","","","",""
"24","2017","Hauptschule","weiblich","","","",""
"24","2017","Realschule","maennlich","","","",""
"24","2017","Realschule","weiblich","","","",""
"24","2017","(Fach-)Abitur","maennlich","","","",""
"24","2017","(Fach-)Abitur","weiblich","","","",""
"24","2017","AkademikerIn","maennlich","","","",""
"24","2017","AkademikerIn","weiblich","","","",""
"25","2017","(noch) kein Abschluss","maennlich","","","",""
"25","2017","(noch) kein Abschluss","weiblich","","","",""
"25","2017","Hauptschule","maennlich","","","",""
"25","2017","Hauptschule","weiblich","","","",""
"25","2017","Realschule","maennlich","","","",""
"25","2017","Realschule","weiblich","","","",""
"25","2017","(Fach-)Abitur","maennlich","","","",""
"25","2017","(Fach-)Abitur","weiblich","","","",""
"25","2017","AkademikerIn","maennlich","","","",""
"25","2017","AkademikerIn","weiblich","","","",""
"26","2017","(noch) kein Abschluss","maennlich","","","",""
"26","2017","(noch) kein Abschluss","weiblich","","","",""
"26","2017","Hauptschule","maennlich","","","",""
"26","2017","Hauptschule","weiblich","","","",""
"26","2017","Realschule","maennlich","","","",""
"26","2017","Realschule","weiblich","","","",""
"26","2017","(Fach-)Abitur","maennlich","","","",""
"26","2017","(Fach-)Abitur","weiblich","","","",""
"26","2017","AkademikerIn","maennlich","","","",""
"26","2017","AkademikerIn","weiblich","","","",""
"27","2017","(noch) kein Abschluss","maennlich","","","",""
"27","2017","(noch) kein Abschluss","weiblich","","","",""
"27","2017","Hauptschule","maennlich","","","",""
"27","2017","Hauptschule","weiblich","","","",""
"27","2017","Realschule","maennlich","","","",""
"27","2017","Realschule","weiblich","","","",""
"27","2017","(Fach-)Abitur","maennlich","","","",""
"27","2017","(Fach-)Abitur","weiblich","","","",""
"27","2017","AkademikerIn","maennlich","","","",""
"27","2017","AkademikerIn","weiblich","","","",""
"28","2017","(noch) kein Abschluss","maennlich","","","",""
"28","2017","(noch) kein Abschluss","weiblich","","","",""
"28","2017","Hauptschule","maennlich","","","",""
"28","2017","Hauptschule","weiblich","","","",""
"28","2017","Realschule","maennlich","","","",""
"28","2017","Realschule","weiblich","","","",""
"28","2017","(Fach-)Abitur","maennlich","","","",""
"28","2017","(Fach-)Abitur","weiblich","","","",""
"28","2017","AkademikerIn","maennlich","","","",""
"28","2017","AkademikerIn","weiblich","","","",""
"30","2017","(noch) kein Abschluss","maennlich","","","",""
"30","2017","(noch) kein Abschluss","weiblich","","","",""
"30","2017","Hauptschule","maennlich","","","",""
"30","2017","Hauptschule","weiblich","","","",""
"30","2017","Realschule","maennlich","","","",""
"30","2017","Realschule","weiblich","1","","",""
"30","2017","(Fach-)Abitur","maennlich","","","",""
"30","2017","(Fach-)Abitur","weiblich","","","",""
"30","2017","AkademikerIn","maennlich","","","",""
"30","2017","AkademikerIn","weiblich","","","",""
"31","2017","(noch) kein Abschluss","maennlich","","","",""
"31","2017","(noch) kein Abschluss","weiblich","","","",""
"31","2017","Hauptschule","maennlich","","","",""
"31","2017","Hauptschule","weiblich","","","",""
"31","2017","Realschule","maennlich","","","",""
"31","2017","Realschule","weiblich","","","",""
"31","2017","(Fach-)Abitur","maennlich","","","",""
"31","2017","(Fach-)Abitur","weiblich","","","",""
"31","2017","AkademikerIn","maennlich","","","",""
"31","2017","AkademikerIn","weiblich","","","",""
"32","2017","(noch) kein Abschluss","maennlich","","","",""
"32","2017","(noch) kein Abschluss","weiblich","","","",""
"32","2017","Hauptschule","maennlich","","","",""
"32","2017","Hauptschule","weiblich","","","",""
"32","2017","Realschule","maennlich","","","",""
"32","2017","Realschule","weiblich","","","",""
"32","2017","(Fach-)Abitur","maennlich","","","",""
"32","2017","(Fach-)Abitur","weiblich","","","",""
"32","2017","AkademikerIn","maennlich","","","",""
"32","2017","AkademikerIn","weiblich","","","",""
"35","2017","(noch) kein Abschluss","maennlich","","","",""
"35","2017","(noch) kein Abschluss","weiblich","","","",""
"35","2017","Hauptschule","maennlich","","","",""
"35","2017","Hauptschule","weiblich","","","",""
"35","2017","Realschule","maennlich","","","",""
"35","2017","Realschule","weiblich","","","",""
"35","2017","(Fach-)Abitur","maennlich","","","",""
"35","2017","(Fach-)Abitur","weiblich","","","",""
"35","2017","AkademikerIn","maennlich","","","",""
"35","2017","AkademikerIn","weiblich","","","",""
"36","2017","(noch) kein Abschluss","maennlich","","","",""
"36","2017","(noch) kein Abschluss","weiblich","","","",""
"36","2017","Hauptschule","maennlich","","","",""
"36","2017","Hauptschule","weiblich","","","",""
"36","2017","Realschule","maennlich","","","",""
"36","2017","Realschule","weiblich","","","",""
"36","2017","(Fach-)Abitur","maennlich","","","",""
"36","2017","(Fach-)Abitur","weiblich","","","",""
"36","2017","AkademikerIn","maennlich","","","",""
"36","2017","AkademikerIn","weiblich","","","",""
"40","2017","(noch) kein Abschluss","maennlich","","","",""
"40","2017","(noch) kein Abschluss","weiblich","","","",""
"40","2017","Hauptschule","maennlich","","","",""
"40","2017","Hauptschule","weiblich","","","",""
"40","2017","Realschule","maennlich","","","",""
"40","2017","Realschule","weiblich","","","",""
"40","2017","(Fach-)Abitur","maennlich","","","",""
"40","2017","(Fach-)Abitur","weiblich","","","",""
"40","2017","AkademikerIn","maennlich","","","",""
"40","2017","AkademikerIn","weiblich","","","",""
"42","2017","(noch) kein Abschluss","maennlich","","","",""
"42","2017","(noch) kein Abschluss","weiblich","","","",""
"42","2017","Hauptschule","maennlich","","","",""
"42","2017","Hauptschule","weiblich","","","",""
"42","2017","Realschule","maennlich","","","",""
"42","2017","Realschule","weiblich","","","",""
"42","2017","(Fach-)Abitur","maennlich","","","",""
"42","2017","(Fach-)Abitur","weiblich","","","",""
"42","2017","AkademikerIn","maennlich","","","",""
"42","2017","AkademikerIn","weiblich","","","",""
"45","2017","(noch) kein Abschluss","maennlich","","","",""
"45","2017","(noch) kein Abschluss","weiblich","","","",""
"45","2017","Hauptschule","maennlich","","","",""
"45","2017","Hauptschule","weiblich","","","",""
"45","2017","Realschule","maennlich","","","",""
"45","2017","Realschule","weiblich","","","",""
"45","2017","(Fach-)Abitur","maennlich","","","",""
"45","2017","(Fach-)Abitur","weiblich","","","",""
"45","2017","AkademikerIn","maennlich","","","",""
"45","2017","AkademikerIn","weiblich","","","",""
"48","2017","(noch) kein Abschluss","maennlich","","","",""
"48","2017","(noch) kein Abschluss","weiblich","","","",""
"48","2017","Hauptschule","maennlich","","","",""
"48","2017","Hauptschule","weiblich","","","",""
"48","2017","Realschule","maennlich","","","",""
"48","2017","Realschule","weiblich","","","",""
"48","2017","(Fach-)Abitur","maennlich","","","",""
"48","2017","(Fach-)Abitur","weiblich","","","",""
"48","2017","AkademikerIn","maennlich","","","",""
"48","2017","AkademikerIn","weiblich","","","",""
"50","2017","(noch) kein Abschluss","maennlich","","","",""
"50","2017","(noch) kein Abschluss","weiblich","","","",""
"50","2017","Hauptschule","maennlich","","","",""
"50","2017","Hauptschule","weiblich","","","",""
"50","2017","Realschule","maennlich","","","",""
"50","2017","Realschule","weiblich","","","",""
"50","2017","(Fach-)Abitur","maennlich","","","",""
"50","2017","(Fach-)Abitur","weiblich","","","",""
"50","2017","AkademikerIn","maennlich","","","",""
"50","2017","AkademikerIn","weiblich","","","",""
"51","2017","(noch) kein Abschluss","maennlich","","","",""
"51","2017","(noch) kein Abschluss","weiblich","","","",""
"51","2017","Hauptschule","maennlich","","","",""
"51","2017","Hauptschule","weiblich","","","",""
"51","2017","Realschule","maennlich","","","",""
"51","2017","Realschule","weiblich","","","",""
"51","2017","(Fach-)Abitur","maennlich","","","",""
"51","2017","(Fach-)Abitur","weiblich","","","",""
"51","2017","AkademikerIn","maennlich","","","",""
"51","2017","AkademikerIn","weiblich","","","",""
"64","2017","(noch) kein Abschluss","maennlich","","","",""
"64","2017","(noch) kein Abschluss","weiblich","","","",""
"64","2017","Hauptschule","maennlich","","","",""
"64","2017","Hauptschule","weiblich","","","",""
"64","2017","Realschule","maennlich","","","",""
"64","2017","Realschule","weiblich","","","",""
"64","2017","(Fach-)Abitur","maennlich","","","",""
"64","2017","(Fach-)Abitur","weiblich","","","",""
"64","2017","AkademikerIn","maennlich","","","",""
"64","2017","AkademikerIn","weiblich","","","",""
"65","2017","(noch) kein Abschluss","maennlich","","","",""
"65","2017","(noch) kein Abschluss","weiblich","","","",""
"65","2017","Hauptschule","maennlich","","","",""
"65","2017","Hauptschule","weiblich","","","",""
"65","2017","Realschule","maennlich","","","",""
"65","2017","Realschule","weiblich","","","",""
"65","2017","(Fach-)Abitur","maennlich","","","",""
"65","2017","(Fach-)Abitur","weiblich","","","",""
"65","2017","AkademikerIn","maennlich","","","",""
"65","2017","AkademikerIn","weiblich","","","",""
"90","2017","(noch) kein Abschluss","maennlich","","","",""
"90","2017","(noch) kein Abschluss","weiblich","","","",""
"90","2017","Hauptschule","maennlich","","","",""
"90","2017","Hauptschule","weiblich","","","",""
"90","2017","Realschule","maennlich","","","",""
"90","2017","Realschule","weiblich","","","",""
"90","2017","(Fach-)Abitur","maennlich","","","",""
"90","2017","(Fach-)Abitur","weiblich","","","",""
"90","2017","AkademikerIn","maennlich","","","",""
"90","2017","AkademikerIn","weiblich","","","",""
"98","2017","(noch) kein Abschluss","maennlich","","","",""
"98","2017","(noch) kein Abschluss","weiblich","","","",""
"98","2017","Hauptschule","maennlich","","","",""
"98","2017","Hauptschule","weiblich","","","",""
"98","2017","Realschule","maennlich","","","",""
"98","2017","Realschule","weiblich","","","",""
"98","2017","(Fach-)Abitur","maennlich","","","",""
"98","2017","(Fach-)Abitur","weiblich","","","",""
"98","2017","AkademikerIn","maennlich","","","",""
"98","2017","AkademikerIn","weiblich","","","",""
"100","2017","(noch) kein Abschluss","maennlich","","","",""
"100","2017","(noch) kein Abschluss","weiblich","","","",""
"100","2017","Hauptschule","maennlich","","","",""
"100","2017","Hauptschule","weiblich","","","",""
"100","2017","Realschule","maennlich","","","",""
"100","2017","Realschule","weiblich","","","",""
"100","2017","(Fach-)Abitur","maennlich","","","",""
"100","2017","(Fach-)Abitur","weiblich","","","",""
"100","2017","AkademikerIn","maennlich","","","",""
"100","2017","AkademikerIn","weiblich","","","",""
"0","2018","(noch) kein Abschluss","maennlich","","","",""
"0","2018","(noch) kein Abschluss","weiblich","","","",""
"0","2018","Hauptschule","maennlich","","","",""
"0","2018","Hauptschule","weiblich","","","",""
"0","2018","Realschule","maennlich","","","",""
"0","2018","Realschule","weiblich","","","",""
"0","2018","(Fach-)Abitur","maennlich","","","",""
"0","2018","(Fach-)Abitur","weiblich","","","",""
"0","2018","AkademikerIn","maennlich","","","",""
"0","2018","AkademikerIn","weiblich","","","",""
"1","2018","(noch) kein Abschluss","maennlich","46","0.864491698331694","0.771464533790537","0.957518862872851"
"1","2018","(noch) kein Abschluss","weiblich","53","0.776543404340288","0.682268322951699","0.870818485728876"
"1","2018","Hauptschule","maennlich","418","0.761988869080097","0.726873534177407","0.797104203982788"
"1","2018","Hauptschule","weiblich","427","0.741073121684177","0.70523780527113","0.776908438097225"
"1","2018","Realschule","maennlich","250","","",""
"1","2018","Realschule","weiblich","427","0.764980392085016","0.729640702877593","0.800320081292438"
"1","2018","(Fach-)Abitur","maennlich","105","","",""
"1","2018","(Fach-)Abitur","weiblich","209","","",""
"1","2018","AkademikerIn","maennlich","250","","",""
"1","2018","AkademikerIn","weiblich","307","0.793723080662594","0.753146426579398","0.83429973474579"
"2","2018","(noch) kein Abschluss","maennlich","3","","",""
"2","2018","(noch) kein Abschluss","weiblich","12","","",""
"2","2018","Hauptschule","maennlich","87","0.138789636590143","0.110282275941805","0.167296997238482"
"2","2018","Hauptschule","weiblich","90","0.174002617229642","0.142988503809957","0.205016730649327"
"2","2018","Realschule","maennlich","46","0.141882199800259","0.103770565967918","0.179993833632599"
"2","2018","Realschule","weiblich","83","0.169586862761423","0.138309600334689","0.200864125188158"
"2","2018","(Fach-)Abitur","maennlich","21","","",""
"2","2018","(Fach-)Abitur","weiblich","30","0.132273456067346","0.0912506619629841","0.173296250171709"
"2","2018","AkademikerIn","maennlich","60","0.187821914257006","0.146184044181495","0.229459784332517"
"2","2018","AkademikerIn","weiblich","55","0.140389995403375","0.105553438858677","0.175226551948073"
"3","2018","(noch) kein Abschluss","maennlich","","","",""
"3","2018","(noch) kein Abschluss","weiblich","5","0.0223552744607432","-0.0111025727206579","0.0558131216421443"
"3","2018","Hauptschule","maennlich","29","","",""
"3","2018","Hauptschule","weiblich","31","0.051919516402031","0.0337693727173514","0.0700696600867105"
"3","2018","Realschule","maennlich","11","","",""
"3","2018","Realschule","weiblich","31","0.0511416004751526","0.0327815704897476","0.0695016304605576"
"3","2018","(Fach-)Abitur","maennlich","5","0.0149267648953484","-0.00537832484862192","0.0352318546393186"
"3","2018","(Fach-)Abitur","weiblich","19","","",""
"3","2018","AkademikerIn","maennlich","18","","",""
"3","2018","AkademikerIn","weiblich","9","0.031270756246133","0.0138170843799925","0.0487244281122735"
"4","2018","(noch) kein Abschluss","maennlich","2","","",""
"4","2018","(noch) kein Abschluss","weiblich","3","","",""
"4","2018","Hauptschule","maennlich","20","","",""
"4","2018","Hauptschule","weiblich","12","","",""
"4","2018","Realschule","maennlich","7","0.0163260169808146","0.00248443052850099","0.0301676034331281"
"4","2018","Realschule","weiblich","4","0.0037630789268028","-0.00134007308791212","0.00886623094151771"
"4","2018","(Fach-)Abitur","maennlich","4","0.0913919678005154","0.0431383247225294","0.139645610878501"
"4","2018","(Fach-)Abitur","weiblich","1","","",""
"4","2018","AkademikerIn","maennlich","7","0.0144194062234952","0.00171046119650795","0.0271283512504824"
"4","2018","AkademikerIn","weiblich","6","0.0190330635523904","0.00533062247281718","0.0327355046319637"
"5","2018","(noch) kein Abschluss","maennlich","1","","",""
"5","2018","(noch) kein Abschluss","weiblich","2","","",""
"5","2018","Hauptschule","maennlich","3","","",""
"5","2018","Hauptschule","weiblich","9","0.0114261081366438","0.00273158278629596","0.0201206334869916"
"5","2018","Realschule","maennlich","4","0.0262083096010665","0.00875922322244218","0.0436573959796908"
"5","2018","Realschule","weiblich","4","0.0067929705049704","-5.30040738150059e-05","0.0136389450837558"
"5","2018","(Fach-)Abitur","maennlich","","","",""
"5","2018","(Fach-)Abitur","weiblich","2","","",""
"5","2018","AkademikerIn","maennlich","1","","",""
"5","2018","AkademikerIn","weiblich","1","","",""
"6","2018","(noch) kein Abschluss","maennlich","","","",""
"6","2018","(noch) kein Abschluss","weiblich","","","",""
"6","2018","Hauptschule","maennlich","","","",""
"6","2018","Hauptschule","weiblich","1","","",""
"6","2018","Realschule","maennlich","1","","",""
"6","2018","Realschule","weiblich","2","","",""
"6","2018","(Fach-)Abitur","maennlich","1","","",""
"6","2018","(Fach-)Abitur","weiblich","","","",""
"6","2018","AkademikerIn","maennlich","1","","",""
"6","2018","AkademikerIn","weiblich","1","","",""
"7","2018","(noch) kein Abschluss","maennlich","","","",""
"7","2018","(noch) kein Abschluss","weiblich","","","",""
"7","2018","Hauptschule","maennlich","3","","",""
"7","2018","Hauptschule","weiblich","1","","",""
"7","2018","Realschule","maennlich","2","","",""
"7","2018","Realschule","weiblich","","","",""
"7","2018","(Fach-)Abitur","maennlich","","","",""
"7","2018","(Fach-)Abitur","weiblich","1","","",""
"7","2018","AkademikerIn","maennlich","","","",""
"7","2018","AkademikerIn","weiblich","1","","",""
"8","2018","(noch) kein Abschluss","maennlich","","","",""
"8","2018","(noch) kein Abschluss","weiblich","","","",""
"8","2018","Hauptschule","maennlich","2","","",""
"8","2018","Hauptschule","weiblich","1","","",""
"8","2018","Realschule","maennlich","","","",""
"8","2018","Realschule","weiblich","1","","",""
"8","2018","(Fach-)Abitur","maennlich","","","",""
"8","2018","(Fach-)Abitur","weiblich","","","",""
"8","2018","AkademikerIn","maennlich","","","",""
"8","2018","AkademikerIn","weiblich","","","",""
"9","2018","(noch) kein Abschluss","maennlich","","","",""
"9","2018","(noch) kein Abschluss","weiblich","","","",""
"9","2018","Hauptschule","maennlich","","","",""
"9","2018","Hauptschule","weiblich","1","","",""
"9","2018","Realschule","maennlich","","","",""
"9","2018","Realschule","weiblich","","","",""
"9","2018","(Fach-)Abitur","maennlich","1","","",""
"9","2018","(Fach-)Abitur","weiblich","","","",""
"9","2018","AkademikerIn","maennlich","","","",""
"9","2018","AkademikerIn","weiblich","","","",""
"10","2018","(noch) kein Abschluss","maennlich","","","",""
"10","2018","(noch) kein Abschluss","weiblich","","","",""
"10","2018","Hauptschule","maennlich","1","","",""
"10","2018","Hauptschule","weiblich","","","",""
"10","2018","Realschule","maennlich","","","",""
"10","2018","Realschule","weiblich","","","",""
"10","2018","(Fach-)Abitur","maennlich","","","",""
"10","2018","(Fach-)Abitur","weiblich","","","",""
"10","2018","AkademikerIn","maennlich","1","","",""
"10","2018","AkademikerIn","weiblich","","","",""
"11","2018","(noch) kein Abschluss","maennlich","","","",""
"11","2018","(noch) kein Abschluss","weiblich","","","",""
"11","2018","Hauptschule","maennlich","","","",""
"11","2018","Hauptschule","weiblich","","","",""
"11","2018","Realschule","maennlich","","","",""
"11","2018","Realschule","weiblich","","","",""
"11","2018","(Fach-)Abitur","maennlich","","","",""
"11","2018","(Fach-)Abitur","weiblich","","","",""
"11","2018","AkademikerIn","maennlich","","","",""
"11","2018","AkademikerIn","weiblich","","","",""
"12","2018","(noch) kein Abschluss","maennlich","","","",""
"12","2018","(noch) kein Abschluss","weiblich","","","",""
"12","2018","Hauptschule","maennlich","1","","",""
"12","2018","Hauptschule","weiblich","","","",""
"12","2018","Realschule","maennlich","","","",""
"12","2018","Realschule","weiblich","","","",""
"12","2018","(Fach-)Abitur","maennlich","","","",""
"12","2018","(Fach-)Abitur","weiblich","","","",""
"12","2018","AkademikerIn","maennlich","","","",""
"12","2018","AkademikerIn","weiblich","1","","",""
"13","2018","(noch) kein Abschluss","maennlich","","","",""
"13","2018","(noch) kein Abschluss","weiblich","","","",""
"13","2018","Hauptschule","maennlich","","","",""
"13","2018","Hauptschule","weiblich","","","",""
"13","2018","Realschule","maennlich","","","",""
"13","2018","Realschule","weiblich","","","",""
"13","2018","(Fach-)Abitur","maennlich","","","",""
"13","2018","(Fach-)Abitur","weiblich","","","",""
"13","2018","AkademikerIn","maennlich","","","",""
"13","2018","AkademikerIn","weiblich","","","",""
"14","2018","(noch) kein Abschluss","maennlich","","","",""
"14","2018","(noch) kein Abschluss","weiblich","","","",""
"14","2018","Hauptschule","maennlich","","","",""
"14","2018","Hauptschule","weiblich","","","",""
"14","2018","Realschule","maennlich","","","",""
"14","2018","Realschule","weiblich","","","",""
"14","2018","(Fach-)Abitur","maennlich","","","",""
"14","2018","(Fach-)Abitur","weiblich","","","",""
"14","2018","AkademikerIn","maennlich","","","",""
"14","2018","AkademikerIn","weiblich","","","",""
"15","2018","(noch) kein Abschluss","maennlich","","","",""
"15","2018","(noch) kein Abschluss","weiblich","","","",""
"15","2018","Hauptschule","maennlich","1","","",""
"15","2018","Hauptschule","weiblich","","","",""
"15","2018","Realschule","maennlich","","","",""
"15","2018","Realschule","weiblich","","","",""
"15","2018","(Fach-)Abitur","maennlich","","","",""
"15","2018","(Fach-)Abitur","weiblich","","","",""
"15","2018","AkademikerIn","maennlich","","","",""
"15","2018","AkademikerIn","weiblich","1","","",""
"16","2018","(noch) kein Abschluss","maennlich","","","",""
"16","2018","(noch) kein Abschluss","weiblich","","","",""
"16","2018","Hauptschule","maennlich","","","",""
"16","2018","Hauptschule","weiblich","","","",""
"16","2018","Realschule","maennlich","","","",""
"16","2018","Realschule","weiblich","","","",""
"16","2018","(Fach-)Abitur","maennlich","","","",""
"16","2018","(Fach-)Abitur","weiblich","","","",""
"16","2018","AkademikerIn","maennlich","","","",""
"16","2018","AkademikerIn","weiblich","","","",""
"17","2018","(noch) kein Abschluss","maennlich","","","",""
"17","2018","(noch) kein Abschluss","weiblich","","","",""
"17","2018","Hauptschule","maennlich","","","",""
"17","2018","Hauptschule","weiblich","","","",""
"17","2018","Realschule","maennlich","","","",""
"17","2018","Realschule","weiblich","","","",""
"17","2018","(Fach-)Abitur","maennlich","","","",""
"17","2018","(Fach-)Abitur","weiblich","","","",""
"17","2018","AkademikerIn","maennlich","","","",""
"17","2018","AkademikerIn","weiblich","","","",""
"18","2018","(noch) kein Abschluss","maennlich","","","",""
"18","2018","(noch) kein Abschluss","weiblich","","","",""
"18","2018","Hauptschule","maennlich","","","",""
"18","2018","Hauptschule","weiblich","","","",""
"18","2018","Realschule","maennlich","","","",""
"18","2018","Realschule","weiblich","","","",""
"18","2018","(Fach-)Abitur","maennlich","","","",""
"18","2018","(Fach-)Abitur","weiblich","","","",""
"18","2018","AkademikerIn","maennlich","","","",""
"18","2018","AkademikerIn","weiblich","","","",""
"19","2018","(noch) kein Abschluss","maennlich","","","",""
"19","2018","(noch) kein Abschluss","weiblich","","","",""
"19","2018","Hauptschule","maennlich","","","",""
"19","2018","Hauptschule","weiblich","","","",""
"19","2018","Realschule","maennlich","","","",""
"19","2018","Realschule","weiblich","","","",""
"19","2018","(Fach-)Abitur","maennlich","","","",""
"19","2018","(Fach-)Abitur","weiblich","","","",""
"19","2018","AkademikerIn","maennlich","","","",""
"19","2018","AkademikerIn","weiblich","","","",""
"20","2018","(noch) kein Abschluss","maennlich","","","",""
"20","2018","(noch) kein Abschluss","weiblich","","","",""
"20","2018","Hauptschule","maennlich","","","",""
"20","2018","Hauptschule","weiblich","","","",""
"20","2018","Realschule","maennlich","1","","",""
"20","2018","Realschule","weiblich","","","",""
"20","2018","(Fach-)Abitur","maennlich","","","",""
"20","2018","(Fach-)Abitur","weiblich","","","",""
"20","2018","AkademikerIn","maennlich","","","",""
"20","2018","AkademikerIn","weiblich","","","",""
"21","2018","(noch) kein Abschluss","maennlich","","","",""
"21","2018","(noch) kein Abschluss","weiblich","","","",""
"21","2018","Hauptschule","maennlich","","","",""
"21","2018","Hauptschule","weiblich","","","",""
"21","2018","Realschule","maennlich","","","",""
"21","2018","Realschule","weiblich","","","",""
"21","2018","(Fach-)Abitur","maennlich","","","",""
"21","2018","(Fach-)Abitur","weiblich","","","",""
"21","2018","AkademikerIn","maennlich","","","",""
"21","2018","AkademikerIn","weiblich","","","",""
"22","2018","(noch) kein Abschluss","maennlich","","","",""
"22","2018","(noch) kein Abschluss","weiblich","","","",""
"22","2018","Hauptschule","maennlich","","","",""
"22","2018","Hauptschule","weiblich","","","",""
"22","2018","Realschule","maennlich","","","",""
"22","2018","Realschule","weiblich","","","",""
"22","2018","(Fach-)Abitur","maennlich","","","",""
"22","2018","(Fach-)Abitur","weiblich","","","",""
"22","2018","AkademikerIn","maennlich","","","",""
"22","2018","AkademikerIn","weiblich","","","",""
"23","2018","(noch) kein Abschluss","maennlich","","","",""
"23","2018","(noch) kein Abschluss","weiblich","","","",""
"23","2018","Hauptschule","maennlich","","","",""
"23","2018","Hauptschule","weiblich","","","",""
"23","2018","Realschule","maennlich","","","",""
"23","2018","Realschule","weiblich","","","",""
"23","2018","(Fach-)Abitur","maennlich","","","",""
"23","2018","(Fach-)Abitur","weiblich","","","",""
"23","2018","AkademikerIn","maennlich","","","",""
"23","2018","AkademikerIn","weiblich","","","",""
"24","2018","(noch) kein Abschluss","maennlich","","","",""
"24","2018","(noch) kein Abschluss","weiblich","","","",""
"24","2018","Hauptschule","maennlich","","","",""
"24","2018","Hauptschule","weiblich","","","",""
"24","2018","Realschule","maennlich","","","",""
"24","2018","Realschule","weiblich","","","",""
"24","2018","(Fach-)Abitur","maennlich","","","",""
"24","2018","(Fach-)Abitur","weiblich","","","",""
"24","2018","AkademikerIn","maennlich","","","",""
"24","2018","AkademikerIn","weiblich","","","",""
"25","2018","(noch) kein Abschluss","maennlich","","","",""
"25","2018","(noch) kein Abschluss","weiblich","","","",""
"25","2018","Hauptschule","maennlich","","","",""
"25","2018","Hauptschule","weiblich","","","",""
"25","2018","Realschule","maennlich","","","",""
"25","2018","Realschule","weiblich","","","",""
"25","2018","(Fach-)Abitur","maennlich","","","",""
"25","2018","(Fach-)Abitur","weiblich","","","",""
"25","2018","AkademikerIn","maennlich","","","",""
"25","2018","AkademikerIn","weiblich","","","",""
"26","2018","(noch) kein Abschluss","maennlich","","","",""
"26","2018","(noch) kein Abschluss","weiblich","","","",""
"26","2018","Hauptschule","maennlich","","","",""
"26","2018","Hauptschule","weiblich","","","",""
"26","2018","Realschule","maennlich","","","",""
"26","2018","Realschule","weiblich","","","",""
"26","2018","(Fach-)Abitur","maennlich","","","",""
"26","2018","(Fach-)Abitur","weiblich","","","",""
"26","2018","AkademikerIn","maennlich","","","",""
"26","2018","AkademikerIn","weiblich","","","",""
"27","2018","(noch) kein Abschluss","maennlich","","","",""
"27","2018","(noch) kein Abschluss","weiblich","","","",""
"27","2018","Hauptschule","maennlich","","","",""
"27","2018","Hauptschule","weiblich","","","",""
"27","2018","Realschule","maennlich","","","",""
"27","2018","Realschule","weiblich","","","",""
"27","2018","(Fach-)Abitur","maennlich","","","",""
"27","2018","(Fach-)Abitur","weiblich","","","",""
"27","2018","AkademikerIn","maennlich","","","",""
"27","2018","AkademikerIn","weiblich","","","",""
"28","2018","(noch) kein Abschluss","maennlich","","","",""
"28","2018","(noch) kein Abschluss","weiblich","","","",""
"28","2018","Hauptschule","maennlich","","","",""
"28","2018","Hauptschule","weiblich","","","",""
"28","2018","Realschule","maennlich","","","",""
"28","2018","Realschule","weiblich","","","",""
"28","2018","(Fach-)Abitur","maennlich","","","",""
"28","2018","(Fach-)Abitur","weiblich","","","",""
"28","2018","AkademikerIn","maennlich","","","",""
"28","2018","AkademikerIn","weiblich","","","",""
"30","2018","(noch) kein Abschluss","maennlich","","","",""
"30","2018","(noch) kein Abschluss","weiblich","","","",""
"30","2018","Hauptschule","maennlich","","","",""
"30","2018","Hauptschule","weiblich","","","",""
"30","2018","Realschule","maennlich","","","",""
"30","2018","Realschule","weiblich","","","",""
"30","2018","(Fach-)Abitur","maennlich","","","",""
"30","2018","(Fach-)Abitur","weiblich","","","",""
"30","2018","AkademikerIn","maennlich","","","",""
"30","2018","AkademikerIn","weiblich","","","",""
"31","2018","(noch) kein Abschluss","maennlich","","","",""
"31","2018","(noch) kein Abschluss","weiblich","","","",""
"31","2018","Hauptschule","maennlich","","","",""
"31","2018","Hauptschule","weiblich","","","",""
"31","2018","Realschule","maennlich","","","",""
"31","2018","Realschule","weiblich","","","",""
"31","2018","(Fach-)Abitur","maennlich","","","",""
"31","2018","(Fach-)Abitur","weiblich","","","",""
"31","2018","AkademikerIn","maennlich","","","",""
"31","2018","AkademikerIn","weiblich","","","",""
"32","2018","(noch) kein Abschluss","maennlich","","","",""
"32","2018","(noch) kein Abschluss","weiblich","","","",""
"32","2018","Hauptschule","maennlich","","","",""
"32","2018","Hauptschule","weiblich","","","",""
"32","2018","Realschule","maennlich","","","",""
"32","2018","Realschule","weiblich","","","",""
"32","2018","(Fach-)Abitur","maennlich","","","",""
"32","2018","(Fach-)Abitur","weiblich","","","",""
"32","2018","AkademikerIn","maennlich","","","",""
"32","2018","AkademikerIn","weiblich","","","",""
"35","2018","(noch) kein Abschluss","maennlich","","","",""
"35","2018","(noch) kein Abschluss","weiblich","","","",""
"35","2018","Hauptschule","maennlich","","","",""
"35","2018","Hauptschule","weiblich","","","",""
"35","2018","Realschule","maennlich","","","",""
"35","2018","Realschule","weiblich","","","",""
"35","2018","(Fach-)Abitur","maennlich","","","",""
"35","2018","(Fach-)Abitur","weiblich","","","",""
"35","2018","AkademikerIn","maennlich","","","",""
"35","2018","AkademikerIn","weiblich","","","",""
"36","2018","(noch) kein Abschluss","maennlich","","","",""
"36","2018","(noch) kein Abschluss","weiblich","","","",""
"36","2018","Hauptschule","maennlich","","","",""
"36","2018","Hauptschule","weiblich","","","",""
"36","2018","Realschule","maennlich","","","",""
"36","2018","Realschule","weiblich","","","",""
"36","2018","(Fach-)Abitur","maennlich","","","",""
"36","2018","(Fach-)Abitur","weiblich","","","",""
"36","2018","AkademikerIn","maennlich","","","",""
"36","2018","AkademikerIn","weiblich","","","",""
"40","2018","(noch) kein Abschluss","maennlich","","","",""
"40","2018","(noch) kein Abschluss","weiblich","","","",""
"40","2018","Hauptschule","maennlich","","","",""
"40","2018","Hauptschule","weiblich","","","",""
"40","2018","Realschule","maennlich","","","",""
"40","2018","Realschule","weiblich","","","",""
"40","2018","(Fach-)Abitur","maennlich","","","",""
"40","2018","(Fach-)Abitur","weiblich","","","",""
"40","2018","AkademikerIn","maennlich","","","",""
"40","2018","AkademikerIn","weiblich","","","",""
"42","2018","(noch) kein Abschluss","maennlich","","","",""
"42","2018","(noch) kein Abschluss","weiblich","","","",""
"42","2018","Hauptschule","maennlich","","","",""
"42","2018","Hauptschule","weiblich","","","",""
"42","2018","Realschule","maennlich","","","",""
"42","2018","Realschule","weiblich","","","",""
"42","2018","(Fach-)Abitur","maennlich","","","",""
"42","2018","(Fach-)Abitur","weiblich","","","",""
"42","2018","AkademikerIn","maennlich","","","",""
"42","2018","AkademikerIn","weiblich","","","",""
"45","2018","(noch) kein Abschluss","maennlich","","","",""
"45","2018","(noch) kein Abschluss","weiblich","","","",""
"45","2018","Hauptschule","maennlich","","","",""
"45","2018","Hauptschule","weiblich","","","",""
"45","2018","Realschule","maennlich","","","",""
"45","2018","Realschule","weiblich","","","",""
"45","2018","(Fach-)Abitur","maennlich","","","",""
"45","2018","(Fach-)Abitur","weiblich","","","",""
"45","2018","AkademikerIn","maennlich","","","",""
"45","2018","AkademikerIn","weiblich","","","",""
"48","2018","(noch) kein Abschluss","maennlich","","","",""
"48","2018","(noch) kein Abschluss","weiblich","","","",""
"48","2018","Hauptschule","maennlich","","","",""
"48","2018","Hauptschule","weiblich","","","",""
"48","2018","Realschule","maennlich","","","",""
"48","2018","Realschule","weiblich","","","",""
"48","2018","(Fach-)Abitur","maennlich","","","",""
"48","2018","(Fach-)Abitur","weiblich","","","",""
"48","2018","AkademikerIn","maennlich","","","",""
"48","2018","AkademikerIn","weiblich","","","",""
"50","2018","(noch) kein Abschluss","maennlich","","","",""
"50","2018","(noch) kein Abschluss","weiblich","","","",""
"50","2018","Hauptschule","maennlich","","","",""
"50","2018","Hauptschule","weiblich","","","",""
"50","2018","Realschule","maennlich","","","",""
"50","2018","Realschule","weiblich","","","",""
"50","2018","(Fach-)Abitur","maennlich","","","",""
"50","2018","(Fach-)Abitur","weiblich","","","",""
"50","2018","AkademikerIn","maennlich","","","",""
"50","2018","AkademikerIn","weiblich","","","",""
"51","2018","(noch) kein Abschluss","maennlich","","","",""
"51","2018","(noch) kein Abschluss","weiblich","","","",""
"51","2018","Hauptschule","maennlich","","","",""
"51","2018","Hauptschule","weiblich","","","",""
"51","2018","Realschule","maennlich","","","",""
"51","2018","Realschule","weiblich","","","",""
"51","2018","(Fach-)Abitur","maennlich","","","",""
"51","2018","(Fach-)Abitur","weiblich","","","",""
"51","2018","AkademikerIn","maennlich","","","",""
"51","2018","AkademikerIn","weiblich","","","",""
"64","2018","(noch) kein Abschluss","maennlich","","","",""
"64","2018","(noch) kein Abschluss","weiblich","","","",""
"64","2018","Hauptschule","maennlich","","","",""
"64","2018","Hauptschule","weiblich","","","",""
"64","2018","Realschule","maennlich","","","",""
"64","2018","Realschule","weiblich","","","",""
"64","2018","(Fach-)Abitur","maennlich","","","",""
"64","2018","(Fach-)Abitur","weiblich","","","",""
"64","2018","AkademikerIn","maennlich","","","",""
"64","2018","AkademikerIn","weiblich","","","",""
"65","2018","(noch) kein Abschluss","maennlich","","","",""
"65","2018","(noch) kein Abschluss","weiblich","","","",""
"65","2018","Hauptschule","maennlich","","","",""
"65","2018","Hauptschule","weiblich","","","",""
"65","2018","Realschule","maennlich","","","",""
"65","2018","Realschule","weiblich","","","",""
"65","2018","(Fach-)Abitur","maennlich","","","",""
"65","2018","(Fach-)Abitur","weiblich","","","",""
"65","2018","AkademikerIn","maennlich","","","",""
"65","2018","AkademikerIn","weiblich","","","",""
"90","2018","(noch) kein Abschluss","maennlich","","","",""
"90","2018","(noch) kein Abschluss","weiblich","","","",""
"90","2018","Hauptschule","maennlich","","","",""
"90","2018","Hauptschule","weiblich","","","",""
"90","2018","Realschule","maennlich","","","",""
"90","2018","Realschule","weiblich","","","",""
"90","2018","(Fach-)Abitur","maennlich","","","",""
"90","2018","(Fach-)Abitur","weiblich","","","",""
"90","2018","AkademikerIn","maennlich","","","",""
"90","2018","AkademikerIn","weiblich","","","",""
"98","2018","(noch) kein Abschluss","maennlich","","","",""
"98","2018","(noch) kein Abschluss","weiblich","","","",""
"98","2018","Hauptschule","maennlich","","","",""
"98","2018","Hauptschule","weiblich","","","",""
"98","2018","Realschule","maennlich","","","",""
"98","2018","Realschule","weiblich","1","","",""
"98","2018","(Fach-)Abitur","maennlich","","","",""
"98","2018","(Fach-)Abitur","weiblich","","","",""
"98","2018","AkademikerIn","maennlich","","","",""
"98","2018","AkademikerIn","weiblich","","","",""
"100","2018","(noch) kein Abschluss","maennlich","","","",""
"100","2018","(noch) kein Abschluss","weiblich","","","",""
"100","2018","Hauptschule","maennlich","","","",""
"100","2018","Hauptschule","weiblich","1","","",""
"100","2018","Realschule","maennlich","","","",""
"100","2018","Realschule","weiblich","","","",""
"100","2018","(Fach-)Abitur","maennlich","","","",""
"100","2018","(Fach-)Abitur","weiblich","","","",""
"100","2018","AkademikerIn","maennlich","","","",""
"100","2018","AkademikerIn","weiblich","","","",""
"0","2019","(noch) kein Abschluss","maennlich","","","",""
"0","2019","(noch) kein Abschluss","weiblich","","","",""
"0","2019","Hauptschule","maennlich","","","",""
"0","2019","Hauptschule","weiblich","","","",""
"0","2019","Realschule","maennlich","","","",""
"0","2019","Realschule","weiblich","","","",""
"0","2019","(Fach-)Abitur","maennlich","","","",""
"0","2019","(Fach-)Abitur","weiblich","","","",""
"0","2019","AkademikerIn","maennlich","","","",""
"0","2019","AkademikerIn","weiblich","","","",""
"1","2019","(noch) kein Abschluss","maennlich","37","0.855934569780835","0.749734789151184","0.962134350410487"
"1","2019","(noch) kein Abschluss","weiblich","48","0.722028955190396","0.611403542681967","0.832654367698825"
"1","2019","Hauptschule","maennlich","374","0.706788326398698","0.668177173022989","0.745399479774407"
"1","2019","Hauptschule","weiblich","409","0.741804049548146","0.704719713047498","0.778888386048793"
"1","2019","Realschule","maennlich","257","","",""
"1","2019","Realschule","weiblich","401","0.768057468561482","0.731533625908952","0.804581311214013"
"1","2019","(Fach-)Abitur","maennlich","132","","",""
"1","2019","(Fach-)Abitur","weiblich","215","","",""
"1","2019","AkademikerIn","maennlich","303","0.736363912055357","0.693452850657563","0.779274973453151"
"1","2019","AkademikerIn","weiblich","340","0.779039695365839","0.739454864905336","0.818624525826342"
"2","2019","(noch) kein Abschluss","maennlich","3","","",""
"2","2019","(noch) kein Abschluss","weiblich","12","","",""
"2","2019","Hauptschule","maennlich","105","","",""
"2","2019","Hauptschule","weiblich","85","0.167485134096133","0.135843760300519","0.199126507891746"
"2","2019","Realschule","maennlich","67","0.205615822340573","0.163275161990287","0.247956482690858"
"2","2019","Realschule","weiblich","73","0.153762222930477","0.122547431504925","0.184977014356028"
"2","2019","(Fach-)Abitur","maennlich","22","","",""
"2","2019","(Fach-)Abitur","weiblich","36","0.126923083642198","0.0872164773814769","0.166629689902918"
"2","2019","AkademikerIn","maennlich","73","0.191627533563229","0.153296079794242","0.229958987332216"
"2","2019","AkademikerIn","weiblich","52","0.119100237664845","0.088196470292318","0.150004005037371"
"3","2019","(noch) kein Abschluss","maennlich","1","","",""
"3","2019","(noch) kein Abschluss","weiblich","2","","",""
"3","2019","Hauptschule","maennlich","32","0.0639366349696698","0.0431872621336972","0.0846860078056424"
"3","2019","Hauptschule","weiblich","26","","",""
"3","2019","Realschule","maennlich","13","","",""
"3","2019","Realschule","weiblich","23","","",""
"3","2019","(Fach-)Abitur","maennlich","7","0.0791579044244947","0.0382101979071147","0.120105610941875"
"3","2019","(Fach-)Abitur","weiblich","14","","",""
"3","2019","AkademikerIn","maennlich","18","","",""
"3","2019","AkademikerIn","weiblich","12","","",""
"4","2019","(noch) kein Abschluss","maennlich","","","",""
"4","2019","(noch) kein Abschluss","weiblich","1","","",""
"4","2019","Hauptschule","maennlich","9","0.0162951379566267","0.0055567548916238","0.0270335210216296"
"4","2019","Hauptschule","weiblich","7","0.0184414744035826","0.00704088985137294","0.0298420589557922"
"4","2019","Realschule","maennlich","7","0.0220708149059323","0.00667945630673822","0.0374621735051263"
"4","2019","Realschule","weiblich","7","0.0120787655737541","0.00262593563343437","0.0215315955140738"
"4","2019","(Fach-)Abitur","maennlich","1","","",""
"4","2019","(Fach-)Abitur","weiblich","4","0.00611950321470935","-0.00318281896147701","0.0154218253908957"
"4","2019","AkademikerIn","maennlich","5","0.00598240119435153","-0.0015278659164652","0.0134926683051683"
"4","2019","AkademikerIn","weiblich","10","","",""
"5","2019","(noch) kein Abschluss","maennlich","1","","",""
"5","2019","(noch) kein Abschluss","weiblich","","","",""
"5","2019","Hauptschule","maennlich","6","0.00815696567119485","0.00052804228296768","0.015785889059422"
"5","2019","Hauptschule","weiblich","3","","",""
"5","2019","Realschule","maennlich","3","","",""
"5","2019","Realschule","weiblich","4","0.00394788893486024","-0.00147852478023295","0.00937430264995344"
"5","2019","(Fach-)Abitur","maennlich","1","","",""
"5","2019","(Fach-)Abitur","weiblich","1","","",""
"5","2019","AkademikerIn","maennlich","1","","",""
"5","2019","AkademikerIn","weiblich","2","","",""
"6","2019","(noch) kein Abschluss","maennlich","","","",""
"6","2019","(noch) kein Abschluss","weiblich","","","",""
"6","2019","Hauptschule","maennlich","2","","",""
"6","2019","Hauptschule","weiblich","2","","",""
"6","2019","Realschule","maennlich","2","","",""
"6","2019","Realschule","weiblich","1","","",""
"6","2019","(Fach-)Abitur","maennlich","2","","",""
"6","2019","(Fach-)Abitur","weiblich","","","",""
"6","2019","AkademikerIn","maennlich","2","","",""
"6","2019","AkademikerIn","weiblich","1","","",""
"7","2019","(noch) kein Abschluss","maennlich","","","",""
"7","2019","(noch) kein Abschluss","weiblich","","","",""
"7","2019","Hauptschule","maennlich","","","",""
"7","2019","Hauptschule","weiblich","1","","",""
"7","2019","Realschule","maennlich","","","",""
"7","2019","Realschule","weiblich","1","","",""
"7","2019","(Fach-)Abitur","maennlich","","","",""
"7","2019","(Fach-)Abitur","weiblich","","","",""
"7","2019","AkademikerIn","maennlich","1","","",""
"7","2019","AkademikerIn","weiblich","","","",""
"8","2019","(noch) kein Abschluss","maennlich","","","",""
"8","2019","(noch) kein Abschluss","weiblich","","","",""
"8","2019","Hauptschule","maennlich","2","","",""
"8","2019","Hauptschule","weiblich","1","","",""
"8","2019","Realschule","maennlich","","","",""
"8","2019","Realschule","weiblich","2","","",""
"8","2019","(Fach-)Abitur","maennlich","","","",""
"8","2019","(Fach-)Abitur","weiblich","","","",""
"8","2019","AkademikerIn","maennlich","","","",""
"8","2019","AkademikerIn","weiblich","1","","",""
"9","2019","(noch) kein Abschluss","maennlich","","","",""
"9","2019","(noch) kein Abschluss","weiblich","","","",""
"9","2019","Hauptschule","maennlich","","","",""
"9","2019","Hauptschule","weiblich","","","",""
"9","2019","Realschule","maennlich","","","",""
"9","2019","Realschule","weiblich","","","",""
"9","2019","(Fach-)Abitur","maennlich","1","","",""
"9","2019","(Fach-)Abitur","weiblich","","","",""
"9","2019","AkademikerIn","maennlich","1","","",""
"9","2019","AkademikerIn","weiblich","2","","",""
"10","2019","(noch) kein Abschluss","maennlich","","","",""
"10","2019","(noch) kein Abschluss","weiblich","","","",""
"10","2019","Hauptschule","maennlich","","","",""
"10","2019","Hauptschule","weiblich","","","",""
"10","2019","Realschule","maennlich","","","",""
"10","2019","Realschule","weiblich","1","","",""
"10","2019","(Fach-)Abitur","maennlich","","","",""
"10","2019","(Fach-)Abitur","weiblich","","","",""
"10","2019","AkademikerIn","maennlich","","","",""
"10","2019","AkademikerIn","weiblich","1","","",""
"11","2019","(noch) kein Abschluss","maennlich","","","",""
"11","2019","(noch) kein Abschluss","weiblich","","","",""
"11","2019","Hauptschule","maennlich","1","","",""
"11","2019","Hauptschule","weiblich","","","",""
"11","2019","Realschule","maennlich","","","",""
"11","2019","Realschule","weiblich","","","",""
"11","2019","(Fach-)Abitur","maennlich","","","",""
"11","2019","(Fach-)Abitur","weiblich","","","",""
"11","2019","AkademikerIn","maennlich","","","",""
"11","2019","AkademikerIn","weiblich","","","",""
"12","2019","(noch) kein Abschluss","maennlich","","","",""
"12","2019","(noch) kein Abschluss","weiblich","","","",""
"12","2019","Hauptschule","maennlich","","","",""
"12","2019","Hauptschule","weiblich","","","",""
"12","2019","Realschule","maennlich","","","",""
"12","2019","Realschule","weiblich","","","",""
"12","2019","(Fach-)Abitur","maennlich","","","",""
"12","2019","(Fach-)Abitur","weiblich","","","",""
"12","2019","AkademikerIn","maennlich","1","","",""
"12","2019","AkademikerIn","weiblich","1","","",""
"13","2019","(noch) kein Abschluss","maennlich","","","",""
"13","2019","(noch) kein Abschluss","weiblich","","","",""
"13","2019","Hauptschule","maennlich","","","",""
"13","2019","Hauptschule","weiblich","","","",""
"13","2019","Realschule","maennlich","","","",""
"13","2019","Realschule","weiblich","","","",""
"13","2019","(Fach-)Abitur","maennlich","","","",""
"13","2019","(Fach-)Abitur","weiblich","","","",""
"13","2019","AkademikerIn","maennlich","","","",""
"13","2019","AkademikerIn","weiblich","","","",""
"14","2019","(noch) kein Abschluss","maennlich","","","",""
"14","2019","(noch) kein Abschluss","weiblich","","","",""
"14","2019","Hauptschule","maennlich","","","",""
"14","2019","Hauptschule","weiblich","","","",""
"14","2019","Realschule","maennlich","","","",""
"14","2019","Realschule","weiblich","","","",""
"14","2019","(Fach-)Abitur","maennlich","1","","",""
"14","2019","(Fach-)Abitur","weiblich","","","",""
"14","2019","AkademikerIn","maennlich","","","",""
"14","2019","AkademikerIn","weiblich","","","",""
"15","2019","(noch) kein Abschluss","maennlich","","","",""
"15","2019","(noch) kein Abschluss","weiblich","","","",""
"15","2019","Hauptschule","maennlich","1","","",""
"15","2019","Hauptschule","weiblich","","","",""
"15","2019","Realschule","maennlich","1","","",""
"15","2019","Realschule","weiblich","","","",""
"15","2019","(Fach-)Abitur","maennlich","","","",""
"15","2019","(Fach-)Abitur","weiblich","","","",""
"15","2019","AkademikerIn","maennlich","","","",""
"15","2019","AkademikerIn","weiblich","","","",""
"16","2019","(noch) kein Abschluss","maennlich","","","",""
"16","2019","(noch) kein Abschluss","weiblich","","","",""
"16","2019","Hauptschule","maennlich","","","",""
"16","2019","Hauptschule","weiblich","","","",""
"16","2019","Realschule","maennlich","","","",""
"16","2019","Realschule","weiblich","","","",""
"16","2019","(Fach-)Abitur","maennlich","","","",""
"16","2019","(Fach-)Abitur","weiblich","","","",""
"16","2019","AkademikerIn","maennlich","","","",""
"16","2019","AkademikerIn","weiblich","","","",""
"17","2019","(noch) kein Abschluss","maennlich","","","",""
"17","2019","(noch) kein Abschluss","weiblich","","","",""
"17","2019","Hauptschule","maennlich","","","",""
"17","2019","Hauptschule","weiblich","","","",""
"17","2019","Realschule","maennlich","","","",""
"17","2019","Realschule","weiblich","","","",""
"17","2019","(Fach-)Abitur","maennlich","","","",""
"17","2019","(Fach-)Abitur","weiblich","","","",""
"17","2019","AkademikerIn","maennlich","","","",""
"17","2019","AkademikerIn","weiblich","","","",""
"18","2019","(noch) kein Abschluss","maennlich","","","",""
"18","2019","(noch) kein Abschluss","weiblich","","","",""
"18","2019","Hauptschule","maennlich","","","",""
"18","2019","Hauptschule","weiblich","","","",""
"18","2019","Realschule","maennlich","","","",""
"18","2019","Realschule","weiblich","","","",""
"18","2019","(Fach-)Abitur","maennlich","","","",""
"18","2019","(Fach-)Abitur","weiblich","","","",""
"18","2019","AkademikerIn","maennlich","","","",""
"18","2019","AkademikerIn","weiblich","","","",""
"19","2019","(noch) kein Abschluss","maennlich","","","",""
"19","2019","(noch) kein Abschluss","weiblich","","","",""
"19","2019","Hauptschule","maennlich","1","","",""
"19","2019","Hauptschule","weiblich","","","",""
"19","2019","Realschule","maennlich","","","",""
"19","2019","Realschule","weiblich","","","",""
"19","2019","(Fach-)Abitur","maennlich","","","",""
"19","2019","(Fach-)Abitur","weiblich","","","",""
"19","2019","AkademikerIn","maennlich","","","",""
"19","2019","AkademikerIn","weiblich","","","",""
"20","2019","(noch) kein Abschluss","maennlich","","","",""
"20","2019","(noch) kein Abschluss","weiblich","","","",""
"20","2019","Hauptschule","maennlich","1","","",""
"20","2019","Hauptschule","weiblich","","","",""
"20","2019","Realschule","maennlich","","","",""
"20","2019","Realschule","weiblich","","","",""
"20","2019","(Fach-)Abitur","maennlich","","","",""
"20","2019","(Fach-)Abitur","weiblich","","","",""
"20","2019","AkademikerIn","maennlich","","","",""
"20","2019","AkademikerIn","weiblich","","","",""
"21","2019","(noch) kein Abschluss","maennlich","","","",""
"21","2019","(noch) kein Abschluss","weiblich","","","",""
"21","2019","Hauptschule","maennlich","","","",""
"21","2019","Hauptschule","weiblich","","","",""
"21","2019","Realschule","maennlich","","","",""
"21","2019","Realschule","weiblich","","","",""
"21","2019","(Fach-)Abitur","maennlich","","","",""
"21","2019","(Fach-)Abitur","weiblich","","","",""
"21","2019","AkademikerIn","maennlich","","","",""
"21","2019","AkademikerIn","weiblich","","","",""
"22","2019","(noch) kein Abschluss","maennlich","","","",""
"22","2019","(noch) kein Abschluss","weiblich","","","",""
"22","2019","Hauptschule","maennlich","","","",""
"22","2019","Hauptschule","weiblich","","","",""
"22","2019","Realschule","maennlich","","","",""
"22","2019","Realschule","weiblich","","","",""
"22","2019","(Fach-)Abitur","maennlich","","","",""
"22","2019","(Fach-)Abitur","weiblich","","","",""
"22","2019","AkademikerIn","maennlich","","","",""
"22","2019","AkademikerIn","weiblich","","","",""
"23","2019","(noch) kein Abschluss","maennlich","","","",""
"23","2019","(noch) kein Abschluss","weiblich","","","",""
"23","2019","Hauptschule","maennlich","","","",""
"23","2019","Hauptschule","weiblich","","","",""
"23","2019","Realschule","maennlich","","","",""
"23","2019","Realschule","weiblich","","","",""
"23","2019","(Fach-)Abitur","maennlich","","","",""
"23","2019","(Fach-)Abitur","weiblich","","","",""
"23","2019","AkademikerIn","maennlich","","","",""
"23","2019","AkademikerIn","weiblich","","","",""
"24","2019","(noch) kein Abschluss","maennlich","","","",""
"24","2019","(noch) kein Abschluss","weiblich","","","",""
"24","2019","Hauptschule","maennlich","","","",""
"24","2019","Hauptschule","weiblich","","","",""
"24","2019","Realschule","maennlich","","","",""
"24","2019","Realschule","weiblich","","","",""
"24","2019","(Fach-)Abitur","maennlich","","","",""
"24","2019","(Fach-)Abitur","weiblich","","","",""
"24","2019","AkademikerIn","maennlich","","","",""
"24","2019","AkademikerIn","weiblich","","","",""
"25","2019","(noch) kein Abschluss","maennlich","","","",""
"25","2019","(noch) kein Abschluss","weiblich","","","",""
"25","2019","Hauptschule","maennlich","","","",""
"25","2019","Hauptschule","weiblich","","","",""
"25","2019","Realschule","maennlich","","","",""
"25","2019","Realschule","weiblich","","","",""
"25","2019","(Fach-)Abitur","maennlich","","","",""
"25","2019","(Fach-)Abitur","weiblich","","","",""
"25","2019","AkademikerIn","maennlich","","","",""
"25","2019","AkademikerIn","weiblich","","","",""
"26","2019","(noch) kein Abschluss","maennlich","","","",""
"26","2019","(noch) kein Abschluss","weiblich","","","",""
"26","2019","Hauptschule","maennlich","","","",""
"26","2019","Hauptschule","weiblich","","","",""
"26","2019","Realschule","maennlich","","","",""
"26","2019","Realschule","weiblich","","","",""
"26","2019","(Fach-)Abitur","maennlich","","","",""
"26","2019","(Fach-)Abitur","weiblich","","","",""
"26","2019","AkademikerIn","maennlich","","","",""
"26","2019","AkademikerIn","weiblich","","","",""
"27","2019","(noch) kein Abschluss","maennlich","","","",""
"27","2019","(noch) kein Abschluss","weiblich","","","",""
"27","2019","Hauptschule","maennlich","","","",""
"27","2019","Hauptschule","weiblich","","","",""
"27","2019","Realschule","maennlich","","","",""
"27","2019","Realschule","weiblich","","","",""
"27","2019","(Fach-)Abitur","maennlich","","","",""
"27","2019","(Fach-)Abitur","weiblich","","","",""
"27","2019","AkademikerIn","maennlich","","","",""
"27","2019","AkademikerIn","weiblich","","","",""
"28","2019","(noch) kein Abschluss","maennlich","","","",""
"28","2019","(noch) kein Abschluss","weiblich","","","",""
"28","2019","Hauptschule","maennlich","","","",""
"28","2019","Hauptschule","weiblich","","","",""
"28","2019","Realschule","maennlich","","","",""
"28","2019","Realschule","weiblich","","","",""
"28","2019","(Fach-)Abitur","maennlich","","","",""
"28","2019","(Fach-)Abitur","weiblich","","","",""
"28","2019","AkademikerIn","maennlich","","","",""
"28","2019","AkademikerIn","weiblich","","","",""
"30","2019","(noch) kein Abschluss","maennlich","","","",""
"30","2019","(noch) kein Abschluss","weiblich","","","",""
"30","2019","Hauptschule","maennlich","","","",""
"30","2019","Hauptschule","weiblich","","","",""
"30","2019","Realschule","maennlich","","","",""
"30","2019","Realschule","weiblich","","","",""
"30","2019","(Fach-)Abitur","maennlich","","","",""
"30","2019","(Fach-)Abitur","weiblich","","","",""
"30","2019","AkademikerIn","maennlich","","","",""
"30","2019","AkademikerIn","weiblich","","","",""
"31","2019","(noch) kein Abschluss","maennlich","","","",""
"31","2019","(noch) kein Abschluss","weiblich","","","",""
"31","2019","Hauptschule","maennlich","","","",""
"31","2019","Hauptschule","weiblich","","","",""
"31","2019","Realschule","maennlich","","","",""
"31","2019","Realschule","weiblich","","","",""
"31","2019","(Fach-)Abitur","maennlich","","","",""
"31","2019","(Fach-)Abitur","weiblich","","","",""
"31","2019","AkademikerIn","maennlich","","","",""
"31","2019","AkademikerIn","weiblich","","","",""
"32","2019","(noch) kein Abschluss","maennlich","","","",""
"32","2019","(noch) kein Abschluss","weiblich","","","",""
"32","2019","Hauptschule","maennlich","","","",""
"32","2019","Hauptschule","weiblich","","","",""
"32","2019","Realschule","maennlich","","","",""
"32","2019","Realschule","weiblich","","","",""
"32","2019","(Fach-)Abitur","maennlich","","","",""
"32","2019","(Fach-)Abitur","weiblich","","","",""
"32","2019","AkademikerIn","maennlich","","","",""
"32","2019","AkademikerIn","weiblich","","","",""
"35","2019","(noch) kein Abschluss","maennlich","","","",""
"35","2019","(noch) kein Abschluss","weiblich","","","",""
"35","2019","Hauptschule","maennlich","","","",""
"35","2019","Hauptschule","weiblich","","","",""
"35","2019","Realschule","maennlich","","","",""
"35","2019","Realschule","weiblich","","","",""
"35","2019","(Fach-)Abitur","maennlich","","","",""
"35","2019","(Fach-)Abitur","weiblich","","","",""
"35","2019","AkademikerIn","maennlich","","","",""
"35","2019","AkademikerIn","weiblich","","","",""
"36","2019","(noch) kein Abschluss","maennlich","","","",""
"36","2019","(noch) kein Abschluss","weiblich","","","",""
"36","2019","Hauptschule","maennlich","","","",""
"36","2019","Hauptschule","weiblich","","","",""
"36","2019","Realschule","maennlich","","","",""
"36","2019","Realschule","weiblich","","","",""
"36","2019","(Fach-)Abitur","maennlich","","","",""
"36","2019","(Fach-)Abitur","weiblich","","","",""
"36","2019","AkademikerIn","maennlich","","","",""
"36","2019","AkademikerIn","weiblich","","","",""
"40","2019","(noch) kein Abschluss","maennlich","","","",""
"40","2019","(noch) kein Abschluss","weiblich","","","",""
"40","2019","Hauptschule","maennlich","","","",""
"40","2019","Hauptschule","weiblich","","","",""
"40","2019","Realschule","maennlich","","","",""
"40","2019","Realschule","weiblich","","","",""
"40","2019","(Fach-)Abitur","maennlich","","","",""
"40","2019","(Fach-)Abitur","weiblich","","","",""
"40","2019","AkademikerIn","maennlich","","","",""
"40","2019","AkademikerIn","weiblich","","","",""
"42","2019","(noch) kein Abschluss","maennlich","","","",""
"42","2019","(noch) kein Abschluss","weiblich","","","",""
"42","2019","Hauptschule","maennlich","","","",""
"42","2019","Hauptschule","weiblich","","","",""
"42","2019","Realschule","maennlich","","","",""
"42","2019","Realschule","weiblich","","","",""
"42","2019","(Fach-)Abitur","maennlich","","","",""
"42","2019","(Fach-)Abitur","weiblich","","","",""
"42","2019","AkademikerIn","maennlich","","","",""
"42","2019","AkademikerIn","weiblich","","","",""
"45","2019","(noch) kein Abschluss","maennlich","","","",""
"45","2019","(noch) kein Abschluss","weiblich","","","",""
"45","2019","Hauptschule","maennlich","","","",""
"45","2019","Hauptschule","weiblich","","","",""
"45","2019","Realschule","maennlich","","","",""
"45","2019","Realschule","weiblich","","","",""
"45","2019","(Fach-)Abitur","maennlich","","","",""
"45","2019","(Fach-)Abitur","weiblich","","","",""
"45","2019","AkademikerIn","maennlich","","","",""
"45","2019","AkademikerIn","weiblich","","","",""
"48","2019","(noch) kein Abschluss","maennlich","","","",""
"48","2019","(noch) kein Abschluss","weiblich","","","",""
"48","2019","Hauptschule","maennlich","","","",""
"48","2019","Hauptschule","weiblich","","","",""
"48","2019","Realschule","maennlich","","","",""
"48","2019","Realschule","weiblich","","","",""
"48","2019","(Fach-)Abitur","maennlich","","","",""
"48","2019","(Fach-)Abitur","weiblich","","","",""
"48","2019","AkademikerIn","maennlich","","","",""
"48","2019","AkademikerIn","weiblich","","","",""
"50","2019","(noch) kein Abschluss","maennlich","","","",""
"50","2019","(noch) kein Abschluss","weiblich","","","",""
"50","2019","Hauptschule","maennlich","","","",""
"50","2019","Hauptschule","weiblich","1","","",""
"50","2019","Realschule","maennlich","","","",""
"50","2019","Realschule","weiblich","","","",""
"50","2019","(Fach-)Abitur","maennlich","","","",""
"50","2019","(Fach-)Abitur","weiblich","","","",""
"50","2019","AkademikerIn","maennlich","","","",""
"50","2019","AkademikerIn","weiblich","","","",""
"51","2019","(noch) kein Abschluss","maennlich","","","",""
"51","2019","(noch) kein Abschluss","weiblich","","","",""
"51","2019","Hauptschule","maennlich","","","",""
"51","2019","Hauptschule","weiblich","","","",""
"51","2019","Realschule","maennlich","","","",""
"51","2019","Realschule","weiblich","","","",""
"51","2019","(Fach-)Abitur","maennlich","","","",""
"51","2019","(Fach-)Abitur","weiblich","","","",""
"51","2019","AkademikerIn","maennlich","","","",""
"51","2019","AkademikerIn","weiblich","","","",""
"64","2019","(noch) kein Abschluss","maennlich","","","",""
"64","2019","(noch) kein Abschluss","weiblich","","","",""
"64","2019","Hauptschule","maennlich","","","",""
"64","2019","Hauptschule","weiblich","","","",""
"64","2019","Realschule","maennlich","","","",""
"64","2019","Realschule","weiblich","","","",""
"64","2019","(Fach-)Abitur","maennlich","","","",""
"64","2019","(Fach-)Abitur","weiblich","","","",""
"64","2019","AkademikerIn","maennlich","","","",""
"64","2019","AkademikerIn","weiblich","","","",""
"65","2019","(noch) kein Abschluss","maennlich","","","",""
"65","2019","(noch) kein Abschluss","weiblich","","","",""
"65","2019","Hauptschule","maennlich","","","",""
"65","2019","Hauptschule","weiblich","","","",""
"65","2019","Realschule","maennlich","","","",""
"65","2019","Realschule","weiblich","","","",""
"65","2019","(Fach-)Abitur","maennlich","","","",""
"65","2019","(Fach-)Abitur","weiblich","","","",""
"65","2019","AkademikerIn","maennlich","","","",""
"65","2019","AkademikerIn","weiblich","","","",""
"90","2019","(noch) kein Abschluss","maennlich","","","",""
"90","2019","(noch) kein Abschluss","weiblich","","","",""
"90","2019","Hauptschule","maennlich","","","",""
"90","2019","Hauptschule","weiblich","","","",""
"90","2019","Realschule","maennlich","","","",""
"90","2019","Realschule","weiblich","","","",""
"90","2019","(Fach-)Abitur","maennlich","","","",""
"90","2019","(Fach-)Abitur","weiblich","","","",""
"90","2019","AkademikerIn","maennlich","","","",""
"90","2019","AkademikerIn","weiblich","","","",""
"98","2019","(noch) kein Abschluss","maennlich","","","",""
"98","2019","(noch) kein Abschluss","weiblich","","","",""
"98","2019","Hauptschule","maennlich","","","",""
"98","2019","Hauptschule","weiblich","","","",""
"98","2019","Realschule","maennlich","","","",""
"98","2019","Realschule","weiblich","","","",""
"98","2019","(Fach-)Abitur","maennlich","","","",""
"98","2019","(Fach-)Abitur","weiblich","","","",""
"98","2019","AkademikerIn","maennlich","","","",""
"98","2019","AkademikerIn","weiblich","","","",""
"100","2019","(noch) kein Abschluss","maennlich","","","",""
"100","2019","(noch) kein Abschluss","weiblich","","","",""
"100","2019","Hauptschule","maennlich","","","",""
"100","2019","Hauptschule","weiblich","","","",""
"100","2019","Realschule","maennlich","","","",""
"100","2019","Realschule","weiblich","","","",""
"100","2019","(Fach-)Abitur","maennlich","","","",""
"100","2019","(Fach-)Abitur","weiblich","","","",""
"100","2019","AkademikerIn","maennlich","","","",""
"100","2019","AkademikerIn","weiblich","","","",""
"0","2020","(noch) kein Abschluss","maennlich","","","",""
"0","2020","(noch) kein Abschluss","weiblich","","","",""
"0","2020","Hauptschule","maennlich","","","",""
"0","2020","Hauptschule","weiblich","","","",""
"0","2020","Realschule","maennlich","","","",""
"0","2020","Realschule","weiblich","","","",""
"0","2020","(Fach-)Abitur","maennlich","","","",""
"0","2020","(Fach-)Abitur","weiblich","","","",""
"0","2020","AkademikerIn","maennlich","","","",""
"0","2020","AkademikerIn","weiblich","","","",""
"1","2020","(noch) kein Abschluss","maennlich","78","0.719565153968171","0.634449928777471","0.804680379158871"
"1","2020","(noch) kein Abschluss","weiblich","96","0.750419233037872","0.676869719231483","0.823968746844261"
"1","2020","Hauptschule","maennlich","357","0.659111201164934","0.61871821445237","0.699504187877497"
"1","2020","Hauptschule","weiblich","408","0.692623473108483","0.654270887530854","0.730976058686111"
"1","2020","Realschule","maennlich","239","","",""
"1","2020","Realschule","weiblich","358","0.763971130927019","0.72614025065989","0.801802011194148"
"1","2020","(Fach-)Abitur","maennlich","152","","",""
"1","2020","(Fach-)Abitur","weiblich","262","","",""
"1","2020","AkademikerIn","maennlich","295","","",""
"1","2020","AkademikerIn","weiblich","323","0.763461060537306","0.722327061748869","0.804595059325743"
"2","2020","(noch) kein Abschluss","maennlich","17","","",""
"2","2020","(noch) kein Abschluss","weiblich","22","","",""
"2","2020","Hauptschule","maennlich","106","","",""
"2","2020","Hauptschule","weiblich","100","","",""
"2","2020","Realschule","maennlich","47","0.155851768151415","0.116110810677589","0.19559272562524"
"2","2020","Realschule","weiblich","91","0.179601031523715","0.145403687580992","0.213798375466439"
"2","2020","(Fach-)Abitur","maennlich","31","0.210318264271892","0.153696148419426","0.266940380124358"
"2","2020","(Fach-)Abitur","weiblich","37","0.117650809586151","0.0826758680848885","0.152625751087414"
"2","2020","AkademikerIn","maennlich","70","0.168566572562573","0.132106288475334","0.205026856649812"
"2","2020","AkademikerIn","weiblich","56","0.154823659666005","0.119809114230728","0.189838205101282"
"3","2020","(noch) kein Abschluss","maennlich","5","0.107904209660963","0.0491172308765579","0.166691188445368"
"3","2020","(noch) kein Abschluss","weiblich","6","0.0605371117567358","0.020007454292858","0.101066769220614"
"3","2020","Hauptschule","maennlich","39","0.0737572126318581","0.0514838943798202","0.0960305308838959"
"3","2020","Hauptschule","weiblich","27","","",""
"3","2020","Realschule","maennlich","19","","",""
"3","2020","Realschule","weiblich","20","","",""
"3","2020","(Fach-)Abitur","maennlich","10","","",""
"3","2020","(Fach-)Abitur","weiblich","13","","",""
"3","2020","AkademikerIn","maennlich","28","","",""
"3","2020","AkademikerIn","weiblich","17","","",""
"4","2020","(noch) kein Abschluss","maennlich","3","","",""
"4","2020","(noch) kein Abschluss","weiblich","3","","",""
"4","2020","Hauptschule","maennlich","9","0.0192695606811201","0.00755486559359885","0.0309842557686414"
"4","2020","Hauptschule","weiblich","10","","",""
"4","2020","Realschule","maennlich","9","0.0125974198454617","0.000377706094897099","0.0248171335960263"
"4","2020","Realschule","weiblich","5","0.00291846550359412","-0.00188736034566622","0.00772429135285446"
"4","2020","(Fach-)Abitur","maennlich","3","","",""
"4","2020","(Fach-)Abitur","weiblich","8","0.00987527183358946","-0.000858658545386252","0.0206092022125652"
"4","2020","AkademikerIn","maennlich","8","0.0113071052126061","0.00100971897685802","0.0216044914483541"
"4","2020","AkademikerIn","weiblich","6","0.0140406112849555","0.00265179246144574","0.0254294301084653"
"5","2020","(noch) kein Abschluss","maennlich","","","",""
"5","2020","(noch) kein Abschluss","weiblich","1","","",""
"5","2020","Hauptschule","maennlich","4","0.00564705347850788","-0.000738543247937139","0.0120326502049529"
"5","2020","Hauptschule","weiblich","6","0.0182368992789749","0.00711472879940583","0.0293590697585439"
"5","2020","Realschule","maennlich","1","","",""
"5","2020","Realschule","weiblich","3","","",""
"5","2020","(Fach-)Abitur","maennlich","3","","",""
"5","2020","(Fach-)Abitur","weiblich","3","","",""
"5","2020","AkademikerIn","maennlich","2","","",""
"5","2020","AkademikerIn","weiblich","3","","",""
"6","2020","(noch) kein Abschluss","maennlich","1","","",""
"6","2020","(noch) kein Abschluss","weiblich","1","","",""
"6","2020","Hauptschule","maennlich","5","0.00672618492568955","-0.000239104224546988","0.0136914740759261"
"6","2020","Hauptschule","weiblich","2","","",""
"6","2020","Realschule","maennlich","","","",""
"6","2020","Realschule","weiblich","2","","",""
"6","2020","(Fach-)Abitur","maennlich","","","",""
"6","2020","(Fach-)Abitur","weiblich","1","","",""
"6","2020","AkademikerIn","maennlich","","","",""
"6","2020","AkademikerIn","weiblich","2","","",""
"7","2020","(noch) kein Abschluss","maennlich","","","",""
"7","2020","(noch) kein Abschluss","weiblich","1","","",""
"7","2020","Hauptschule","maennlich","4","0.00186160109169662","-0.00181172047982378","0.00553492266321701"
"7","2020","Hauptschule","weiblich","1","","",""
"7","2020","Realschule","maennlich","2","","",""
"7","2020","Realschule","weiblich","1","","",""
"7","2020","(Fach-)Abitur","maennlich","","","",""
"7","2020","(Fach-)Abitur","weiblich","1","","",""
"7","2020","AkademikerIn","maennlich","1","","",""
"7","2020","AkademikerIn","weiblich","","","",""
"8","2020","(noch) kein Abschluss","maennlich","","","",""
"8","2020","(noch) kein Abschluss","weiblich","","","",""
"8","2020","Hauptschule","maennlich","2","","",""
"8","2020","Hauptschule","weiblich","","","",""
"8","2020","Realschule","maennlich","","","",""
"8","2020","Realschule","weiblich","","","",""
"8","2020","(Fach-)Abitur","maennlich","","","",""
"8","2020","(Fach-)Abitur","weiblich","","","",""
"8","2020","AkademikerIn","maennlich","","","",""
"8","2020","AkademikerIn","weiblich","2","","",""
"9","2020","(noch) kein Abschluss","maennlich","1","","",""
"9","2020","(noch) kein Abschluss","weiblich","1","","",""
"9","2020","Hauptschule","maennlich","","","",""
"9","2020","Hauptschule","weiblich","","","",""
"9","2020","Realschule","maennlich","1","","",""
"9","2020","Realschule","weiblich","1","","",""
"9","2020","(Fach-)Abitur","maennlich","","","",""
"9","2020","(Fach-)Abitur","weiblich","","","",""
"9","2020","AkademikerIn","maennlich","","","",""
"9","2020","AkademikerIn","weiblich","","","",""
"10","2020","(noch) kein Abschluss","maennlich","1","","",""
"10","2020","(noch) kein Abschluss","weiblich","1","","",""
"10","2020","Hauptschule","maennlich","1","","",""
"10","2020","Hauptschule","weiblich","1","","",""
"10","2020","Realschule","maennlich","","","",""
"10","2020","Realschule","weiblich","1","","",""
"10","2020","(Fach-)Abitur","maennlich","","","",""
"10","2020","(Fach-)Abitur","weiblich","","","",""
"10","2020","AkademikerIn","maennlich","","","",""
"10","2020","AkademikerIn","weiblich","1","","",""
"11","2020","(noch) kein Abschluss","maennlich","","","",""
"11","2020","(noch) kein Abschluss","weiblich","","","",""
"11","2020","Hauptschule","maennlich","","","",""
"11","2020","Hauptschule","weiblich","","","",""
"11","2020","Realschule","maennlich","","","",""
"11","2020","Realschule","weiblich","","","",""
"11","2020","(Fach-)Abitur","maennlich","","","",""
"11","2020","(Fach-)Abitur","weiblich","","","",""
"11","2020","AkademikerIn","maennlich","","","",""
"11","2020","AkademikerIn","weiblich","","","",""
"12","2020","(noch) kein Abschluss","maennlich","","","",""
"12","2020","(noch) kein Abschluss","weiblich","","","",""
"12","2020","Hauptschule","maennlich","1","","",""
"12","2020","Hauptschule","weiblich","","","",""
"12","2020","Realschule","maennlich","1","","",""
"12","2020","Realschule","weiblich","1","","",""
"12","2020","(Fach-)Abitur","maennlich","","","",""
"12","2020","(Fach-)Abitur","weiblich","","","",""
"12","2020","AkademikerIn","maennlich","","","",""
"12","2020","AkademikerIn","weiblich","","","",""
"13","2020","(noch) kein Abschluss","maennlich","","","",""
"13","2020","(noch) kein Abschluss","weiblich","","","",""
"13","2020","Hauptschule","maennlich","","","",""
"13","2020","Hauptschule","weiblich","","","",""
"13","2020","Realschule","maennlich","","","",""
"13","2020","Realschule","weiblich","","","",""
"13","2020","(Fach-)Abitur","maennlich","","","",""
"13","2020","(Fach-)Abitur","weiblich","","","",""
"13","2020","AkademikerIn","maennlich","","","",""
"13","2020","AkademikerIn","weiblich","","","",""
"14","2020","(noch) kein Abschluss","maennlich","","","",""
"14","2020","(noch) kein Abschluss","weiblich","","","",""
"14","2020","Hauptschule","maennlich","","","",""
"14","2020","Hauptschule","weiblich","","","",""
"14","2020","Realschule","maennlich","","","",""
"14","2020","Realschule","weiblich","","","",""
"14","2020","(Fach-)Abitur","maennlich","","","",""
"14","2020","(Fach-)Abitur","weiblich","","","",""
"14","2020","AkademikerIn","maennlich","","","",""
"14","2020","AkademikerIn","weiblich","","","",""
"15","2020","(noch) kein Abschluss","maennlich","","","",""
"15","2020","(noch) kein Abschluss","weiblich","","","",""
"15","2020","Hauptschule","maennlich","","","",""
"15","2020","Hauptschule","weiblich","","","",""
"15","2020","Realschule","maennlich","1","","",""
"15","2020","Realschule","weiblich","1","","",""
"15","2020","(Fach-)Abitur","maennlich","","","",""
"15","2020","(Fach-)Abitur","weiblich","1","","",""
"15","2020","AkademikerIn","maennlich","","","",""
"15","2020","AkademikerIn","weiblich","","","",""
"16","2020","(noch) kein Abschluss","maennlich","","","",""
"16","2020","(noch) kein Abschluss","weiblich","","","",""
"16","2020","Hauptschule","maennlich","","","",""
"16","2020","Hauptschule","weiblich","","","",""
"16","2020","Realschule","maennlich","","","",""
"16","2020","Realschule","weiblich","","","",""
"16","2020","(Fach-)Abitur","maennlich","","","",""
"16","2020","(Fach-)Abitur","weiblich","","","",""
"16","2020","AkademikerIn","maennlich","","","",""
"16","2020","AkademikerIn","weiblich","","","",""
"17","2020","(noch) kein Abschluss","maennlich","","","",""
"17","2020","(noch) kein Abschluss","weiblich","","","",""
"17","2020","Hauptschule","maennlich","1","","",""
"17","2020","Hauptschule","weiblich","","","",""
"17","2020","Realschule","maennlich","","","",""
"17","2020","Realschule","weiblich","","","",""
"17","2020","(Fach-)Abitur","maennlich","","","",""
"17","2020","(Fach-)Abitur","weiblich","","","",""
"17","2020","AkademikerIn","maennlich","","","",""
"17","2020","AkademikerIn","weiblich","","","",""
"18","2020","(noch) kein Abschluss","maennlich","","","",""
"18","2020","(noch) kein Abschluss","weiblich","","","",""
"18","2020","Hauptschule","maennlich","","","",""
"18","2020","Hauptschule","weiblich","","","",""
"18","2020","Realschule","maennlich","","","",""
"18","2020","Realschule","weiblich","","","",""
"18","2020","(Fach-)Abitur","maennlich","","","",""
"18","2020","(Fach-)Abitur","weiblich","","","",""
"18","2020","AkademikerIn","maennlich","","","",""
"18","2020","AkademikerIn","weiblich","","","",""
"19","2020","(noch) kein Abschluss","maennlich","","","",""
"19","2020","(noch) kein Abschluss","weiblich","","","",""
"19","2020","Hauptschule","maennlich","","","",""
"19","2020","Hauptschule","weiblich","","","",""
"19","2020","Realschule","maennlich","","","",""
"19","2020","Realschule","weiblich","","","",""
"19","2020","(Fach-)Abitur","maennlich","","","",""
"19","2020","(Fach-)Abitur","weiblich","","","",""
"19","2020","AkademikerIn","maennlich","","","",""
"19","2020","AkademikerIn","weiblich","","","",""
"20","2020","(noch) kein Abschluss","maennlich","","","",""
"20","2020","(noch) kein Abschluss","weiblich","1","","",""
"20","2020","Hauptschule","maennlich","","","",""
"20","2020","Hauptschule","weiblich","","","",""
"20","2020","Realschule","maennlich","","","",""
"20","2020","Realschule","weiblich","","","",""
"20","2020","(Fach-)Abitur","maennlich","","","",""
"20","2020","(Fach-)Abitur","weiblich","","","",""
"20","2020","AkademikerIn","maennlich","","","",""
"20","2020","AkademikerIn","weiblich","","","",""
"21","2020","(noch) kein Abschluss","maennlich","","","",""
"21","2020","(noch) kein Abschluss","weiblich","","","",""
"21","2020","Hauptschule","maennlich","","","",""
"21","2020","Hauptschule","weiblich","1","","",""
"21","2020","Realschule","maennlich","","","",""
"21","2020","Realschule","weiblich","","","",""
"21","2020","(Fach-)Abitur","maennlich","","","",""
"21","2020","(Fach-)Abitur","weiblich","","","",""
"21","2020","AkademikerIn","maennlich","","","",""
"21","2020","AkademikerIn","weiblich","","","",""
"22","2020","(noch) kein Abschluss","maennlich","1","","",""
"22","2020","(noch) kein Abschluss","weiblich","","","",""
"22","2020","Hauptschule","maennlich","","","",""
"22","2020","Hauptschule","weiblich","","","",""
"22","2020","Realschule","maennlich","","","",""
"22","2020","Realschule","weiblich","","","",""
"22","2020","(Fach-)Abitur","maennlich","","","",""
"22","2020","(Fach-)Abitur","weiblich","","","",""
"22","2020","AkademikerIn","maennlich","","","",""
"22","2020","AkademikerIn","weiblich","","","",""
"23","2020","(noch) kein Abschluss","maennlich","","","",""
"23","2020","(noch) kein Abschluss","weiblich","","","",""
"23","2020","Hauptschule","maennlich","","","",""
"23","2020","Hauptschule","weiblich","","","",""
"23","2020","Realschule","maennlich","","","",""
"23","2020","Realschule","weiblich","","","",""
"23","2020","(Fach-)Abitur","maennlich","","","",""
"23","2020","(Fach-)Abitur","weiblich","","","",""
"23","2020","AkademikerIn","maennlich","","","",""
"23","2020","AkademikerIn","weiblich","","","",""
"24","2020","(noch) kein Abschluss","maennlich","","","",""
"24","2020","(noch) kein Abschluss","weiblich","","","",""
"24","2020","Hauptschule","maennlich","","","",""
"24","2020","Hauptschule","weiblich","","","",""
"24","2020","Realschule","maennlich","","","",""
"24","2020","Realschule","weiblich","","","",""
"24","2020","(Fach-)Abitur","maennlich","","","",""
"24","2020","(Fach-)Abitur","weiblich","","","",""
"24","2020","AkademikerIn","maennlich","","","",""
"24","2020","AkademikerIn","weiblich","","","",""
"25","2020","(noch) kein Abschluss","maennlich","","","",""
"25","2020","(noch) kein Abschluss","weiblich","","","",""
"25","2020","Hauptschule","maennlich","","","",""
"25","2020","Hauptschule","weiblich","","","",""
"25","2020","Realschule","maennlich","","","",""
"25","2020","Realschule","weiblich","","","",""
"25","2020","(Fach-)Abitur","maennlich","","","",""
"25","2020","(Fach-)Abitur","weiblich","","","",""
"25","2020","AkademikerIn","maennlich","","","",""
"25","2020","AkademikerIn","weiblich","","","",""
"26","2020","(noch) kein Abschluss","maennlich","","","",""
"26","2020","(noch) kein Abschluss","weiblich","","","",""
"26","2020","Hauptschule","maennlich","","","",""
"26","2020","Hauptschule","weiblich","","","",""
"26","2020","Realschule","maennlich","","","",""
"26","2020","Realschule","weiblich","","","",""
"26","2020","(Fach-)Abitur","maennlich","","","",""
"26","2020","(Fach-)Abitur","weiblich","","","",""
"26","2020","AkademikerIn","maennlich","","","",""
"26","2020","AkademikerIn","weiblich","","","",""
"27","2020","(noch) kein Abschluss","maennlich","","","",""
"27","2020","(noch) kein Abschluss","weiblich","","","",""
"27","2020","Hauptschule","maennlich","","","",""
"27","2020","Hauptschule","weiblich","","","",""
"27","2020","Realschule","maennlich","","","",""
"27","2020","Realschule","weiblich","","","",""
"27","2020","(Fach-)Abitur","maennlich","","","",""
"27","2020","(Fach-)Abitur","weiblich","","","",""
"27","2020","AkademikerIn","maennlich","","","",""
"27","2020","AkademikerIn","weiblich","","","",""
"28","2020","(noch) kein Abschluss","maennlich","","","",""
"28","2020","(noch) kein Abschluss","weiblich","","","",""
"28","2020","Hauptschule","maennlich","","","",""
"28","2020","Hauptschule","weiblich","","","",""
"28","2020","Realschule","maennlich","","","",""
"28","2020","Realschule","weiblich","","","",""
"28","2020","(Fach-)Abitur","maennlich","","","",""
"28","2020","(Fach-)Abitur","weiblich","","","",""
"28","2020","AkademikerIn","maennlich","","","",""
"28","2020","AkademikerIn","weiblich","","","",""
"30","2020","(noch) kein Abschluss","maennlich","","","",""
"30","2020","(noch) kein Abschluss","weiblich","","","",""
"30","2020","Hauptschule","maennlich","","","",""
"30","2020","Hauptschule","weiblich","","","",""
"30","2020","Realschule","maennlich","","","",""
"30","2020","Realschule","weiblich","","","",""
"30","2020","(Fach-)Abitur","maennlich","","","",""
"30","2020","(Fach-)Abitur","weiblich","","","",""
"30","2020","AkademikerIn","maennlich","","","",""
"30","2020","AkademikerIn","weiblich","","","",""
"31","2020","(noch) kein Abschluss","maennlich","","","",""
"31","2020","(noch) kein Abschluss","weiblich","","","",""
"31","2020","Hauptschule","maennlich","","","",""
"31","2020","Hauptschule","weiblich","","","",""
"31","2020","Realschule","maennlich","","","",""
"31","2020","Realschule","weiblich","","","",""
"31","2020","(Fach-)Abitur","maennlich","","","",""
"31","2020","(Fach-)Abitur","weiblich","","","",""
"31","2020","AkademikerIn","maennlich","","","",""
"31","2020","AkademikerIn","weiblich","","","",""
"32","2020","(noch) kein Abschluss","maennlich","","","",""
"32","2020","(noch) kein Abschluss","weiblich","","","",""
"32","2020","Hauptschule","maennlich","","","",""
"32","2020","Hauptschule","weiblich","","","",""
"32","2020","Realschule","maennlich","","","",""
"32","2020","Realschule","weiblich","","","",""
"32","2020","(Fach-)Abitur","maennlich","","","",""
"32","2020","(Fach-)Abitur","weiblich","","","",""
"32","2020","AkademikerIn","maennlich","","","",""
"32","2020","AkademikerIn","weiblich","","","",""
"35","2020","(noch) kein Abschluss","maennlich","","","",""
"35","2020","(noch) kein Abschluss","weiblich","","","",""
"35","2020","Hauptschule","maennlich","","","",""
"35","2020","Hauptschule","weiblich","","","",""
"35","2020","Realschule","maennlich","","","",""
"35","2020","Realschule","weiblich","","","",""
"35","2020","(Fach-)Abitur","maennlich","","","",""
"35","2020","(Fach-)Abitur","weiblich","","","",""
"35","2020","AkademikerIn","maennlich","","","",""
"35","2020","AkademikerIn","weiblich","","","",""
"36","2020","(noch) kein Abschluss","maennlich","","","",""
"36","2020","(noch) kein Abschluss","weiblich","","","",""
"36","2020","Hauptschule","maennlich","","","",""
"36","2020","Hauptschule","weiblich","","","",""
"36","2020","Realschule","maennlich","","","",""
"36","2020","Realschule","weiblich","","","",""
"36","2020","(Fach-)Abitur","maennlich","","","",""
"36","2020","(Fach-)Abitur","weiblich","","","",""
"36","2020","AkademikerIn","maennlich","","","",""
"36","2020","AkademikerIn","weiblich","","","",""
"40","2020","(noch) kein Abschluss","maennlich","","","",""
"40","2020","(noch) kein Abschluss","weiblich","","","",""
"40","2020","Hauptschule","maennlich","","","",""
"40","2020","Hauptschule","weiblich","","","",""
"40","2020","Realschule","maennlich","","","",""
"40","2020","Realschule","weiblich","","","",""
"40","2020","(Fach-)Abitur","maennlich","","","",""
"40","2020","(Fach-)Abitur","weiblich","","","",""
"40","2020","AkademikerIn","maennlich","1","","",""
"40","2020","AkademikerIn","weiblich","","","",""
"42","2020","(noch) kein Abschluss","maennlich","","","",""
"42","2020","(noch) kein Abschluss","weiblich","","","",""
"42","2020","Hauptschule","maennlich","","","",""
"42","2020","Hauptschule","weiblich","","","",""
"42","2020","Realschule","maennlich","","","",""
"42","2020","Realschule","weiblich","","","",""
"42","2020","(Fach-)Abitur","maennlich","","","",""
"42","2020","(Fach-)Abitur","weiblich","","","",""
"42","2020","AkademikerIn","maennlich","","","",""
"42","2020","AkademikerIn","weiblich","","","",""
"45","2020","(noch) kein Abschluss","maennlich","","","",""
"45","2020","(noch) kein Abschluss","weiblich","","","",""
"45","2020","Hauptschule","maennlich","","","",""
"45","2020","Hauptschule","weiblich","","","",""
"45","2020","Realschule","maennlich","","","",""
"45","2020","Realschule","weiblich","","","",""
"45","2020","(Fach-)Abitur","maennlich","","","",""
"45","2020","(Fach-)Abitur","weiblich","","","",""
"45","2020","AkademikerIn","maennlich","","","",""
"45","2020","AkademikerIn","weiblich","","","",""
"48","2020","(noch) kein Abschluss","maennlich","","","",""
"48","2020","(noch) kein Abschluss","weiblich","","","",""
"48","2020","Hauptschule","maennlich","","","",""
"48","2020","Hauptschule","weiblich","","","",""
"48","2020","Realschule","maennlich","","","",""
"48","2020","Realschule","weiblich","","","",""
"48","2020","(Fach-)Abitur","maennlich","","","",""
"48","2020","(Fach-)Abitur","weiblich","","","",""
"48","2020","AkademikerIn","maennlich","","","",""
"48","2020","AkademikerIn","weiblich","","","",""
"50","2020","(noch) kein Abschluss","maennlich","","","",""
"50","2020","(noch) kein Abschluss","weiblich","","","",""
"50","2020","Hauptschule","maennlich","","","",""
"50","2020","Hauptschule","weiblich","","","",""
"50","2020","Realschule","maennlich","","","",""
"50","2020","Realschule","weiblich","","","",""
"50","2020","(Fach-)Abitur","maennlich","","","",""
"50","2020","(Fach-)Abitur","weiblich","","","",""
"50","2020","AkademikerIn","maennlich","","","",""
"50","2020","AkademikerIn","weiblich","","","",""
"51","2020","(noch) kein Abschluss","maennlich","","","",""
"51","2020","(noch) kein Abschluss","weiblich","","","",""
"51","2020","Hauptschule","maennlich","","","",""
"51","2020","Hauptschule","weiblich","","","",""
"51","2020","Realschule","maennlich","","","",""
"51","2020","Realschule","weiblich","","","",""
"51","2020","(Fach-)Abitur","maennlich","","","",""
"51","2020","(Fach-)Abitur","weiblich","","","",""
"51","2020","AkademikerIn","maennlich","","","",""
"51","2020","AkademikerIn","weiblich","","","",""
"64","2020","(noch) kein Abschluss","maennlich","","","",""
"64","2020","(noch) kein Abschluss","weiblich","","","",""
"64","2020","Hauptschule","maennlich","","","",""
"64","2020","Hauptschule","weiblich","","","",""
"64","2020","Realschule","maennlich","","","",""
"64","2020","Realschule","weiblich","","","",""
"64","2020","(Fach-)Abitur","maennlich","","","",""
"64","2020","(Fach-)Abitur","weiblich","","","",""
"64","2020","AkademikerIn","maennlich","","","",""
"64","2020","AkademikerIn","weiblich","","","",""
"65","2020","(noch) kein Abschluss","maennlich","","","",""
"65","2020","(noch) kein Abschluss","weiblich","","","",""
"65","2020","Hauptschule","maennlich","","","",""
"65","2020","Hauptschule","weiblich","","","",""
"65","2020","Realschule","maennlich","","","",""
"65","2020","Realschule","weiblich","","","",""
"65","2020","(Fach-)Abitur","maennlich","","","",""
"65","2020","(Fach-)Abitur","weiblich","","","",""
"65","2020","AkademikerIn","maennlich","","","",""
"65","2020","AkademikerIn","weiblich","","","",""
"90","2020","(noch) kein Abschluss","maennlich","","","",""
"90","2020","(noch) kein Abschluss","weiblich","","","",""
"90","2020","Hauptschule","maennlich","","","",""
"90","2020","Hauptschule","weiblich","","","",""
"90","2020","Realschule","maennlich","","","",""
"90","2020","Realschule","weiblich","","","",""
"90","2020","(Fach-)Abitur","maennlich","","","",""
"90","2020","(Fach-)Abitur","weiblich","","","",""
"90","2020","AkademikerIn","maennlich","","","",""
"90","2020","AkademikerIn","weiblich","","","",""
"98","2020","(noch) kein Abschluss","maennlich","","","",""
"98","2020","(noch) kein Abschluss","weiblich","","","",""
"98","2020","Hauptschule","maennlich","","","",""
"98","2020","Hauptschule","weiblich","","","",""
"98","2020","Realschule","maennlich","","","",""
"98","2020","Realschule","weiblich","","","",""
"98","2020","(Fach-)Abitur","maennlich","","","",""
"98","2020","(Fach-)Abitur","weiblich","","","",""
"98","2020","AkademikerIn","maennlich","","","",""
"98","2020","AkademikerIn","weiblich","","","",""
"100","2020","(noch) kein Abschluss","maennlich","","","",""
"100","2020","(noch) kein Abschluss","weiblich","","","",""
"100","2020","Hauptschule","maennlich","","","",""
"100","2020","Hauptschule","weiblich","","","",""
"100","2020","Realschule","maennlich","","","",""
"100","2020","Realschule","weiblich","","","",""
"100","2020","(Fach-)Abitur","maennlich","","","",""
"100","2020","(Fach-)Abitur","weiblich","","","",""
"100","2020","AkademikerIn","maennlich","","","",""
"100","2020","AkademikerIn","weiblich","","","",""
