year,bula_h,sex,n,mean,mean_lower_confidence,mean_upper_confidence,lower_quartile,boxplot_median,upper_quartile,lower_whisker,upper_whisker,median,median_lower_confidence,median_upper_confidence
1984,Schleswig-Holstein,male,136,1145.42909,1049.38772,1241.47046,818.00000,1026.57885,1422.65397,77.00000,2329.63493,1028.00000,942.42500,1099.00000
1984,Schleswig-Holstein,female,90,577.25116,510.38299,644.11933,358.00000,530.16789,763.43668,51.00000,1371.59171,525.00000,460.00000,614.00000
1984,Hamburg,male,102,1102.59883,1005.91483,1199.28284,869.00000,1074.00000,1359.81855,153.00000,2096.04637,1074.00000,973.92500,1166.25000
1984,Hamburg,female,75,739.25240,644.60809,833.89672,518.72288,665.00000,920.00000,119.00000,1521.91568,665.00000,594.00000,767.00000
1984,Lower Saxony,male,427,1143.86641,1079.53178,1208.20104,818.00000,1023.00000,1329.00000,76.00000,2095.50000,1023.00000,971.00000,1051.42500
1984,Lower Saxony,female,244,512.34213,474.03845,550.64582,241.63878,460.00000,727.32162,33.00000,1432.00000,460.00000,434.00000,511.00000
1984,Bremen,male,33,941.95785,821.70537,1062.21033,700.18604,920.00000,1206.14455,237.00000,1965.08231,920.00000,767.00000,1023.00000
1984,Bremen,female,,,,,,,,,,,,
1984,North Rhine-Westphalia,male,1198,1159.48721,1123.34461,1195.62981,844.00000,1023.00000,1329.00000,116.50000,2056.50000,1023.00000,1023.00000,1059.15000
1984,North Rhine-Westphalia,female,623,614.60318,585.89824,643.30813,307.00000,613.80805,837.44914,0.00000,1633.12284,614.00000,536.95000,639.52500
1984,Hesse,male,470,1104.12142,1053.16510,1155.07773,813.67922,1023.00000,1380.00000,0.00000,2229.48117,1023.00000,971.00000,1074.00000
1984,Hesse,female,279,590.38605,550.44255,630.32956,307.00000,562.00000,817.09727,41.00000,1582.24318,562.00000,493.00000,665.00000
1984,"Rhineland-Palatinate, Saarland",male,287,1048.93347,991.29642,1106.57051,767.00000,962.26792,1278.00000,179.00000,2044.50000,958.00000,920.00000,1023.00000
1984,"Rhineland-Palatinate, Saarland",female,166,506.42990,454.03087,558.82893,230.00000,477.41151,706.83445,0.00000,1422.08612,478.00000,409.00000,511.00000
1984,Baden-Wuerttemberg,male,896,1130.17542,1083.92375,1176.42708,818.00000,1023.00000,1282.61573,121.07641,1979.53932,1023.00000,997.00000,1049.00000
1984,Baden-Wuerttemberg,female,539,552.75670,526.60979,578.90361,307.00000,511.00000,767.00000,0.00000,1457.00000,511.00000,475.00000,562.00000
1984,Bavaria,male,750,1072.43533,1033.56076,1111.30989,767.00000,971.00000,1329.00000,0.00000,2172.00000,971.00000,920.00000,1023.00000
1984,Bavaria,female,515,576.61653,545.69018,607.54288,307.00000,532.00000,767.00000,0.00000,1457.00000,532.00000,501.00000,563.30000
1984,Berlin,male,150,1240.68832,1128.48666,1352.88999,920.00000,1151.50615,1432.00000,153.00000,2200.00000,1150.00000,1048.00000,1227.00000
1984,Berlin,female,114,749.79736,690.32923,809.26549,511.00000,716.00000,999.40556,102.00000,1533.00000,716.00000,639.00000,844.00000
1985,Schleswig-Holstein,male,123,1126.47676,1027.45210,1225.50142,818.00000,1023.00000,1319.52577,77.00000,2071.81444,1023.00000,946.00000,1125.00000
1985,Schleswig-Holstein,female,81,625.59090,550.99945,700.18235,388.43345,562.00000,853.22598,0.00000,1550.41478,562.00000,491.00000,665.00000
1985,Hamburg,male,97,1053.83454,942.74704,1164.92204,761.32678,971.00000,1378.37046,0.00000,2303.93600,971.00000,920.00000,1125.00000
1985,Hamburg,female,69,735.39403,649.31900,821.46906,448.10723,766.13681,971.00000,0.00000,1534.00000,767.00000,589.62500,895.00000
1985,Lower Saxony,male,353,1251.21448,1123.15956,1379.26939,853.04212,1048.00000,1451.93376,61.00000,2350.27122,1048.00000,1023.00000,1125.00000
1985,Lower Saxony,female,232,563.43270,519.05588,607.80952,248.03675,531.67015,783.69336,26.00000,1587.17828,531.00000,486.00000,603.00000
1985,Bremen,male,,,,,,,,,,,,
1985,Bremen,female,,,,,,,,,,,,
1985,North Rhine-Westphalia,male,1087,1151.33104,1114.85707,1187.80500,818.00000,1023.00000,1380.00000,0.00000,2223.00000,1023.00000,1023.00000,1074.00000
1985,North Rhine-Westphalia,female,596,618.09633,587.85023,648.34242,307.00000,578.07421,844.00000,0.00000,1649.50000,583.00000,511.00000,614.00000
1985,Hesse,male,430,1119.55439,1062.85036,1176.25841,767.00000,1023.00000,1391.48200,0.00000,2328.20500,1023.00000,971.00000,1090.87500
1985,Hesse,female,243,576.31770,533.69453,618.94086,307.00000,549.00113,770.29207,49.00000,1465.23017,546.00000,488.92500,639.50000
1985,"Rhineland-Palatinate, Saarland",male,266,1023.58400,961.30330,1085.86469,767.00000,965.31142,1179.86576,184.00000,1799.16441,968.00000,920.00000,1000.20000
1985,"Rhineland-Palatinate, Saarland",female,152,558.77808,504.33041,613.22574,256.00000,551.54424,767.00000,31.00000,1533.50000,542.00000,460.00000,614.00000
1985,Baden-Wuerttemberg,male,795,1111.70516,1075.68332,1147.72700,818.00000,1023.00000,1329.00000,51.50000,2095.50000,1023.00000,1023.00000,1074.00000
1985,Baden-Wuerttemberg,female,518,565.77340,536.82207,594.72473,275.23898,562.00000,767.00000,0.00000,1504.64152,562.00000,511.00000,614.00000
1985,Bavaria,male,679,1105.88878,1061.70054,1150.07701,767.00000,1023.00000,1371.58039,0.00000,2278.45099,1023.00000,971.00000,1023.00000
1985,Bavaria,female,497,584.50869,552.22208,616.79530,291.00000,537.00000,792.00000,0.00000,1543.50000,537.00000,511.00000,602.02500
1985,Berlin,male,125,1251.93581,1152.65208,1351.21954,971.00000,1125.00000,1520.29489,251.00000,2344.23721,1125.00000,1074.00000,1227.00000
1985,Berlin,female,102,723.05755,655.10759,791.00751,471.34064,673.29640,971.00000,77.00000,1687.00000,670.00000,614.00000,818.00000
1986,Schleswig-Holstein,male,119,1143.85774,1036.57909,1251.13639,827.02742,1054.24256,1304.00000,111.56856,2019.45886,1051.00000,971.00000,1074.00000
1986,Schleswig-Holstein,female,76,625.54893,545.67053,705.42734,358.00000,595.70703,767.00000,62.00000,1380.50000,593.00000,469.75000,667.32500
1986,Hamburg,male,88,1176.47915,1054.56549,1298.39281,869.00000,1023.00000,1448.49176,205.00000,2317.72940,1023.00000,921.00000,1127.55000
1986,Hamburg,female,56,853.59204,744.51092,962.67316,523.40371,920.00000,1053.22603,192.00000,1847.95951,920.00000,642.00000,1004.00000
1986,Lower Saxony,male,372,1196.70795,1124.61525,1268.80065,858.04423,1074.00000,1408.95600,102.00000,2235.32365,1074.00000,996.62500,1125.00000
1986,Lower Saxony,female,240,578.65807,535.58486,621.73127,256.00000,514.98653,818.00000,71.00000,1534.00000,519.00000,469.95000,597.42500
1986,Bremen,male,,,,,,,,,,,,
1986,Bremen,female,,,,,,,,,,,,
1986,North Rhine-Westphalia,male,1037,1187.72097,1150.70154,1224.74040,869.00000,1074.00000,1432.00000,24.50000,2276.50000,1074.00000,1031.77500,1125.00000
1986,North Rhine-Westphalia,female,562,687.16507,640.75955,733.57060,339.00000,614.00000,919.37004,0.00000,1789.92510,614.00000,596.92500,665.00000
1986,Hesse,male,381,1198.32260,1132.09215,1264.55305,818.00000,1074.00000,1471.52938,0.00000,2451.82345,1074.00000,1023.00000,1176.00000
1986,Hesse,female,251,593.74495,549.60990,637.88001,301.64543,537.00000,818.00000,0.00000,1592.53186,537.00000,474.75000,647.07500
1986,"Rhineland-Palatinate, Saarland",male,267,1074.86385,1014.55232,1135.17538,818.00000,1010.46312,1278.00000,128.00000,1968.00000,1002.00000,920.00000,1023.00000
1986,"Rhineland-Palatinate, Saarland",female,157,600.42799,546.15421,654.70177,339.43037,614.00000,794.68097,31.00000,1477.55687,614.00000,511.00000,626.00000
1986,Baden-Wuerttemberg,male,790,1180.76653,1141.19589,1220.33716,894.52874,1052.79187,1432.00000,88.32185,2238.20689,1053.00000,1023.00000,1125.00000
1986,Baden-Wuerttemberg,female,504,597.91583,568.89069,626.94097,322.28982,584.85340,795.61247,0.00000,1505.59645,583.00000,534.00000,631.00000
1986,Bavaria,male,628,1144.02953,1073.96094,1214.09812,792.00000,1023.00000,1380.00000,0.00000,2262.00000,1023.00000,996.75000,1048.00000
1986,Bavaria,female,470,623.45539,587.00986,659.90091,307.00000,562.00000,818.00000,0.00000,1584.50000,562.00000,515.87500,614.00000
1986,Berlin,male,137,1196.45559,1095.47501,1297.43617,920.00000,1125.00000,1355.11763,267.32355,2007.79409,1125.00000,1043.00000,1176.00000
1986,Berlin,female,88,789.38748,712.80154,865.97343,555.77512,716.11849,1027.78830,78.00000,1687.00000,716.00000,665.00000,920.00000
1987,Schleswig-Holstein,male,118,1163.86786,1063.40208,1264.33364,918.52694,1119.68492,1356.13595,262.11342,2012.54947,1124.00000,1023.00000,1176.00000
1987,Schleswig-Holstein,female,75,590.63538,509.20023,672.07052,332.00000,531.32357,785.38460,102.00000,1465.46149,530.00000,450.00000,626.00000
1987,Hamburg,male,76,1225.61595,1094.67327,1356.55862,913.46282,1111.45654,1606.86050,205.00000,2646.95701,1115.00000,958.22500,1278.00000
1987,Hamburg,female,54,714.05213,596.06483,832.03942,294.36301,714.26528,1053.86314,102.00000,2045.00000,716.00000,409.00000,971.00000
1987,Lower Saxony,male,370,1194.37438,1118.60414,1270.14462,780.53857,1074.00000,1431.19303,0.00000,2407.17472,1074.00000,996.75000,1112.10000
1987,Lower Saxony,female,258,573.14802,533.33837,612.95767,298.77279,530.89865,818.00000,0.00000,1596.84082,529.00000,465.00000,614.00000
1987,Bremen,male,,,,,,,,,,,,
1987,Bremen,female,,,,,,,,,,,,
1987,North Rhine-Westphalia,male,1023,1207.12198,1169.96873,1244.27524,895.00000,1104.71974,1471.44181,46.00000,2336.10452,1105.00000,1063.00000,1125.00000
1987,North Rhine-Westphalia,female,571,701.96050,667.67096,736.25004,358.00000,690.00000,920.00000,31.00000,1763.00000,690.00000,635.00000,741.00000
1987,Hesse,male,403,1228.85020,1156.53659,1301.16380,869.00000,1125.00000,1519.08549,36.00000,2494.21372,1125.00000,1023.00000,1176.00000
1987,Hesse,female,246,637.74783,590.56686,684.92879,323.26943,614.00000,869.00000,18.00000,1687.59586,614.00000,511.00000,716.00000
1987,"Rhineland-Palatinate, Saarland",male,266,1087.90005,1024.48598,1151.31412,818.00000,1023.00000,1279.16251,126.25623,1970.90628,1023.00000,940.62500,1023.75000
1987,"Rhineland-Palatinate, Saarland",female,147,572.97368,516.53408,629.41328,307.00000,547.51047,772.79707,46.00000,1471.49267,547.00000,506.00000,614.12500
1987,Baden-Wuerttemberg,male,778,1226.51363,1179.96937,1273.05788,920.00000,1125.00000,1432.00000,152.00000,2200.00000,1125.00000,1074.00000,1150.00000
1987,Baden-Wuerttemberg,female,499,595.50696,567.41267,623.60125,309.21251,562.00000,818.00000,36.00000,1581.18124,562.00000,511.00000,614.00000
1987,Bavaria,male,625,1153.00283,1108.30423,1197.70144,818.00000,1023.00000,1432.00000,35.00000,2353.00000,1023.00000,1023.00000,1074.00000
1987,Bavaria,female,487,625.49012,590.61570,660.36453,327.31680,577.19126,818.00000,41.00000,1554.02480,576.00000,537.00000,614.00000
1987,Berlin,male,132,1278.39380,1180.76541,1376.02218,946.00000,1176.00000,1480.14206,256.00000,2281.35515,1176.00000,1099.00000,1278.00000
1987,Berlin,female,95,836.24609,762.18407,910.30811,587.75351,818.00000,1036.34209,128.00000,1709.22495,818.00000,716.00000,904.40000
1988,Schleswig-Holstein,male,115,1253.98815,1138.28013,1369.69618,920.00000,1174.89864,1441.57203,137.64196,2223.93007,1176.00000,1125.00000,1278.00000
1988,Schleswig-Holstein,female,72,605.02136,520.19238,689.85035,291.00000,614.00000,767.00000,0.00000,1481.00000,614.00000,509.20000,716.00000
1988,Hamburg,male,71,1211.82264,1085.31504,1338.33024,915.16099,1076.64758,1579.67274,112.00000,2576.44035,1078.00000,987.00000,1375.00000
1988,Hamburg,female,48,805.67308,678.46712,932.87904,410.63580,966.39222,1074.00000,162.00000,2069.04631,966.00000,581.55000,1053.00000
1988,Lower Saxony,male,365,1205.31523,1136.10460,1274.52587,868.47523,1074.00000,1483.00000,0.00000,2404.78715,1074.00000,1023.00000,1125.00000
1988,Lower Saxony,female,235,576.74156,532.28274,621.20039,286.44494,511.00000,868.88998,0.00000,1742.55754,511.00000,460.00000,562.00000
1988,Bremen,male,30,1112.27391,955.46702,1269.08080,851.35751,1077.40783,1418.31505,179.00000,2268.75136,1125.00000,897.00000,1329.00000
1988,Bremen,female,,,,,,,,,,,,
1988,North Rhine-Westphalia,male,955,1273.32226,1232.15895,1314.48558,920.00000,1125.00000,1526.91137,9.63294,2437.27843,1125.00000,1098.00000,1176.00000
1988,North Rhine-Westphalia,female,570,710.00748,673.05132,746.96364,348.58516,698.51740,920.00000,0.00000,1777.12226,698.00000,639.00000,767.00000
1988,Hesse,male,366,1299.57056,1231.70824,1367.43289,928.51729,1176.00000,1584.88343,108.00000,2569.43264,1176.00000,1076.92500,1263.37500
1988,Hesse,female,230,745.73336,632.53357,858.93315,311.22645,614.00000,902.73114,0.00000,1789.98819,614.00000,460.00000,716.00000
1988,"Rhineland-Palatinate, Saarland",male,246,1131.55063,1069.48585,1193.61541,869.00000,1074.00000,1355.92986,138.60521,2086.32465,1074.00000,981.72500,1136.00000
1988,"Rhineland-Palatinate, Saarland",female,144,639.39303,565.07571,713.71036,307.00000,631.07155,818.00000,0.00000,1584.50000,634.00000,511.00000,716.00000
1988,Baden-Wuerttemberg,male,738,1231.85195,1186.98933,1276.71458,920.00000,1125.00000,1485.25399,72.11901,2333.13498,1125.00000,1074.00000,1125.50000
1988,Baden-Wuerttemberg,female,485,607.64652,576.48505,638.80798,307.00000,604.07022,844.00000,0.00000,1649.50000,603.00000,529.82500,639.00000
1988,Bavaria,male,599,1199.85902,1152.28143,1247.43661,869.00000,1077.69033,1534.00000,0.00000,2531.50000,1079.00000,1042.60000,1125.00000
1988,Bavaria,female,457,653.00359,615.86621,690.14097,322.00000,642.74480,869.00000,0.00000,1689.50000,644.00000,562.00000,716.00000
1988,Berlin,male,128,1277.97976,1163.87095,1392.08857,962.71102,1176.00000,1483.00000,182.27755,2263.43347,1176.00000,1117.00000,1265.00000
1988,Berlin,female,92,917.99508,836.24433,999.74582,665.00000,869.91966,1125.00000,153.00000,1815.00000,869.00000,767.00000,1035.00000
1989,Schleswig-Holstein,male,108,1288.61711,1163.13557,1414.09865,1020.82054,1204.07036,1416.77746,426.88515,2010.71285,1209.00000,1149.37500,1278.00000
1989,Schleswig-Holstein,female,67,709.33742,622.35197,796.32288,461.97218,716.00000,923.36697,127.00000,1615.45914,716.00000,614.00000,767.37500
1989,Hamburg,male,68,1270.32830,1153.75473,1386.90186,953.43949,1114.19811,1633.33084,210.00000,2556.00000,1109.00000,1023.00000,1309.00000
1989,Hamburg,female,51,813.94794,698.82562,929.07027,512.07573,814.36694,1051.44701,179.00000,1860.50394,811.00000,690.00000,1004.12500
1989,Lower Saxony,male,340,1282.30121,1206.37782,1358.22460,920.00000,1125.00000,1483.00000,75.50000,2327.50000,1125.00000,1074.00000,1176.00000
1989,Lower Saxony,female,225,679.60375,626.77453,732.43297,380.83815,614.00000,933.64332,102.00000,1762.85106,614.00000,562.00000,716.00000
1989,Bremen,male,31,1255.72858,1057.43523,1454.02192,856.04158,1176.00000,1549.25671,205.00000,2556.00000,1176.00000,975.00000,1483.00000
1989,Bremen,female,,,,,,,,,,,,
1989,North Rhine-Westphalia,male,941,1311.38366,1268.41066,1354.35666,971.00000,1176.00000,1534.00000,126.50000,2378.50000,1176.00000,1150.00000,1273.12500
1989,North Rhine-Westphalia,female,556,754.05518,716.43553,791.67482,409.00000,714.79794,1018.79304,0.00000,1933.48260,714.00000,645.00000,767.00000
1989,Hesse,male,369,1327.52556,1257.68397,1397.36715,920.00000,1227.00000,1555.65511,0.00000,2509.13776,1227.00000,1125.00000,1329.00000
1989,Hesse,female,233,704.57659,638.79962,770.35357,307.00000,614.00000,1023.00000,0.00000,2097.00000,614.00000,511.00000,716.62500
1989,"Rhineland-Palatinate, Saarland",male,243,1180.25353,1114.94813,1245.55893,869.64017,1125.00000,1418.82308,112.00000,2242.59745,1125.00000,1023.00000,1176.00000
1989,"Rhineland-Palatinate, Saarland",female,153,599.38312,531.95648,666.80976,286.00000,576.95520,797.82349,0.00000,1565.55874,573.00000,494.00000,716.00000
1989,Baden-Wuerttemberg,male,706,1311.50696,1257.91043,1365.10348,951.40201,1176.00000,1534.00000,77.50502,2407.89699,1176.00000,1125.00000,1192.00000
1989,Baden-Wuerttemberg,female,490,646.80787,615.11334,678.50240,349.16977,637.88618,869.00000,0.00000,1648.74534,634.00000,568.97500,716.00000
1989,Bavaria,male,590,1257.44894,1196.16954,1318.72833,912.48178,1125.00000,1539.81008,0.00000,2480.80253,1125.00000,1074.00000,1176.00000
1989,Bavaria,female,450,690.24521,652.72378,727.76664,358.00000,665.00000,920.00000,0.00000,1763.00000,665.00000,614.00000,716.00000
1989,Berlin,male,128,1327.44570,1209.73891,1445.15249,1017.79120,1278.00000,1534.00000,243.47800,2308.31320,1278.00000,1175.05000,1329.65000
1989,Berlin,female,91,972.74609,882.05586,1063.43633,696.93181,920.00000,1238.77084,205.00000,2051.52939,920.00000,856.00000,1047.22500
1990,Schleswig-Holstein,male,99,1248.34063,1129.50001,1367.18125,917.74116,1180.41777,1552.62857,77.00000,2504.95968,1181.00000,1125.00000,1329.00000
1990,Schleswig-Holstein,female,69,693.53351,601.81135,785.25567,448.26573,619.75664,956.22671,102.00000,1718.16818,618.00000,511.00000,767.00000
1990,Hamburg,male,54,1349.57240,1233.40455,1465.74025,977.70181,1278.00000,1636.00000,284.00000,2623.44728,1278.00000,1074.00000,1534.00000
1990,Hamburg,female,42,857.51718,747.17735,967.85700,614.00000,906.75718,1125.00000,189.00000,1534.00000,891.00000,767.00000,1099.00000
1990,Lower Saxony,male,331,1403.67373,1317.62292,1489.72453,1006.18586,1227.00000,1626.09215,153.00000,2555.95158,1227.00000,1125.00000,1329.00000
1990,Lower Saxony,female,227,698.79298,646.85901,750.72694,388.22589,614.00000,946.17232,0.00000,1783.09198,614.00000,562.00000,701.00000
1990,Bremen,male,,,,,,,,,,,,
1990,Bremen,female,,,,,,,,,,,,
1990,North Rhine-Westphalia,male,922,1390.61720,1338.96727,1442.26714,971.00000,1278.00000,1704.98918,16.00000,2805.97296,1278.00000,1227.00000,1278.52500
1990,North Rhine-Westphalia,female,572,788.74520,751.00293,826.48747,429.14502,762.62799,1074.00000,0.00000,2041.28246,762.00000,705.00000,818.00000
1990,Hesse,male,361,1398.37012,1318.41045,1478.32980,971.00000,1278.00000,1687.00000,179.00000,2761.00000,1278.00000,1176.00000,1329.60000
1990,Hesse,female,241,726.84982,648.81589,804.88374,370.39696,614.00000,949.97022,0.00000,1819.33011,614.00000,527.00000,767.00000
1990,"Rhineland-Palatinate, Saarland",male,232,1249.47229,1178.55688,1320.38769,971.00000,1125.00000,1512.29306,159.06041,2324.23264,1125.00000,1093.50000,1227.00000
1990,"Rhineland-Palatinate, Saarland",female,136,672.80746,585.71137,759.90356,299.75915,614.00000,878.66550,102.00000,1747.02503,614.00000,511.00000,736.00000
1990,Baden-Wuerttemberg,male,694,1348.09742,1296.94417,1399.25068,971.00000,1227.00000,1590.90561,74.00000,2520.76402,1227.00000,1176.00000,1278.00000
1990,Baden-Wuerttemberg,female,495,697.69422,663.19814,732.19031,358.00000,672.72479,944.20239,0.00000,1823.50598,671.00000,614.00000,767.00000
1990,Bavaria,male,587,1337.60352,1279.72226,1395.48478,945.11565,1176.00000,1636.00000,51.00000,2672.32652,1176.00000,1125.97500,1227.00000
1990,Bavaria,female,438,728.94778,685.67464,772.22092,410.16447,690.00000,971.00000,0.00000,1812.25330,690.00000,614.00000,767.00000
1990,Berlin,male,234,1094.51753,1007.48785,1181.54720,596.09090,992.16339,1432.00000,89.00000,2685.86365,992.00000,767.00000,1130.00000
1990,Berlin,female,201,774.78107,711.44247,838.11966,424.31909,665.00000,1074.00000,120.00000,2048.52136,665.00000,574.67500,869.00000
1990,Brandenburg,male,301,546.71087,522.67096,570.75078,435.00000,525.70383,639.00000,129.00000,945.00000,527.00000,511.00000,550.00000
1990,Brandenburg,female,262,410.37914,391.60278,429.15549,317.00000,409.00000,511.00000,66.00000,802.00000,409.00000,386.00000,431.00000
1990,Mecklenburg-Western Pomerania,male,214,519.95596,490.71590,549.19603,409.00000,511.00000,605.91673,113.62491,901.29182,511.00000,486.00000,527.00000
1990,Mecklenburg-Western Pomerania,female,187,391.71813,368.26077,415.17549,281.11043,390.64427,501.00000,49.00000,830.83435,389.00000,353.00000,424.00000
1990,Saxony,male,549,536.74839,520.28108,553.21570,435.66155,511.00000,614.00000,168.15388,881.50767,511.00000,511.00000,534.00000
1990,Saxony,female,488,403.92122,389.23166,418.61078,304.29065,383.00000,486.00000,51.00000,758.56402,383.00000,373.00000,399.00000
1990,Saxony-Anhalt,male,327,525.64175,503.99137,547.29213,409.00000,511.00000,614.00000,101.50000,921.50000,511.00000,491.00000,534.00000
1990,Saxony-Anhalt,female,301,392.41556,375.02263,409.80848,292.28501,383.00000,509.09165,49.00000,834.30161,383.00000,358.00000,399.00000
1990,Thuringa,male,292,529.88355,508.31676,551.45034,433.31343,511.00000,623.77499,147.62108,909.46734,511.00000,501.00000,558.00000
1990,Thuringa,female,274,376.58465,359.30013,393.86918,286.13635,373.62829,460.00000,25.34087,720.79548,373.00000,358.00000,389.05000
1991,Schleswig-Holstein,male,107,1457.48607,1316.73618,1598.23597,1012.00000,1329.00000,1790.00000,195.00000,2957.00000,1329.00000,1236.75000,1534.00000
1991,Schleswig-Holstein,female,77,652.17422,558.22667,746.12177,367.26001,614.00000,858.94514,41.00000,1596.47283,614.00000,435.00000,716.00000
1991,Hamburg,male,52,1419.98972,1277.37637,1562.60306,1023.00000,1373.68445,1745.01177,77.00000,2812.00000,1357.00000,1276.00000,1672.37500
1991,Hamburg,female,44,910.67585,791.62657,1029.72513,508.12766,1057.69630,1200.95288,164.00000,1534.00000,1057.00000,816.35000,1176.00000
1991,Lower Saxony,male,339,1410.22087,1316.75672,1503.68502,971.00000,1278.00000,1636.00000,0.00000,2633.50000,1278.00000,1176.00000,1355.00000
1991,Lower Saxony,female,233,695.19900,642.46765,747.93035,338.95322,659.54542,967.70820,77.00000,1910.84068,654.00000,546.42500,752.00000
1991,Bremen,male,,,,,,,,,,,,
1991,Bremen,female,,,,,,,,,,,,
1991,North Rhine-Westphalia,male,912,1465.02736,1413.39336,1516.66135,1023.00000,1329.00000,1790.00000,0.00000,2940.50000,1329.00000,1278.00000,1355.00000
1991,North Rhine-Westphalia,female,609,795.89910,754.56264,837.23556,422.90842,723.47760,1074.00000,0.00000,2050.63736,729.00000,687.42500,774.12500
1991,Hesse,male,366,1377.62679,1303.68704,1451.56655,1023.00000,1278.00000,1609.58530,143.12205,2489.46325,1278.00000,1253.00000,1380.00000
1991,Hesse,female,248,756.65723,682.67958,830.63487,389.65131,659.13968,1007.02987,61.00000,1933.09772,648.00000,570.00000,767.00000
1991,"Rhineland-Palatinate, Saarland",male,231,1331.37055,1257.45762,1405.28348,980.16039,1227.00000,1636.00000,77.00000,2619.75941,1227.00000,1176.00000,1299.12500
1991,"Rhineland-Palatinate, Saarland",female,157,668.42719,607.39839,729.45599,356.44147,614.00000,920.00000,77.00000,1765.33779,614.00000,511.00000,716.62500
1991,Baden-Wuerttemberg,male,708,1448.04736,1394.78775,1501.30697,1074.00000,1327.61411,1717.59569,108.60646,2682.98924,1323.00000,1278.00000,1381.00000
1991,Baden-Wuerttemberg,female,500,743.27879,705.17145,781.38612,382.84591,715.61383,1019.66376,0.00000,1974.89052,715.00000,614.00000,796.55000
1991,Bavaria,male,614,1357.96415,1304.03728,1411.89102,971.00000,1227.00000,1687.00000,77.00000,2761.00000,1227.00000,1176.00000,1278.00000
1991,Bavaria,female,420,790.47210,745.31934,835.62486,409.00000,767.00000,1023.00000,0.00000,1944.00000,767.00000,716.00000,818.00000
1991,Berlin,male,212,1279.32651,1174.90008,1383.75294,767.00000,1221.45123,1560.37510,102.00000,2750.43776,1220.00000,1023.00000,1278.00000
1991,Berlin,female,189,844.73136,786.80846,902.65427,487.69819,818.49026,1125.00000,132.00000,2080.95272,818.00000,689.37500,951.02500
1991,Brandenburg,male,243,692.30258,652.24943,732.35573,511.00000,614.00000,813.73433,92.00000,1267.83583,614.00000,604.95000,667.00000
1991,Brandenburg,female,208,507.23943,478.78266,535.69619,374.48280,511.00000,629.00000,23.00000,1010.77580,511.00000,501.00000,547.02500
1991,Mecklenburg-Western Pomerania,male,182,646.72164,605.30523,688.13805,500.17379,614.00000,739.92798,140.54250,1099.55926,614.00000,562.00000,665.00000
1991,Mecklenburg-Western Pomerania,female,140,497.98961,465.92614,530.05309,372.85901,501.31939,593.55723,56.00000,924.60457,501.00000,459.97500,554.00000
1991,Saxony,male,446,662.31166,633.96715,690.65617,502.82165,614.00000,760.71634,116.00000,1147.55837,614.00000,587.00000,614.00000
1991,Saxony,female,388,474.58205,455.08333,494.08076,356.85862,474.40428,562.00000,49.14656,869.71207,475.00000,453.97500,489.00000
1991,Saxony-Anhalt,male,293,664.54729,632.29000,696.80458,511.00000,616.64672,767.00000,127.00000,1151.00000,617.00000,614.00000,642.05000
1991,Saxony-Anhalt,female,263,479.75355,457.63075,501.87636,353.00000,486.00000,607.21817,102.00000,988.54544,486.00000,460.00000,511.00000
1991,Thuringa,male,255,630.05411,596.80237,663.30585,511.00000,614.00000,697.96714,230.54929,978.41784,614.00000,578.00000,624.00000
1991,Thuringa,female,216,487.74978,457.74002,517.75954,357.51022,460.00000,592.41112,115.00000,944.76247,460.00000,426.82500,486.00000
1992,Schleswig-Holstein,male,95,1494.68412,1352.86151,1636.50673,1125.00000,1329.00000,1787.78190,130.82715,2781.95475,1329.00000,1278.00000,1485.45000
1992,Schleswig-Holstein,female,71,736.87709,620.50691,853.24727,333.21828,661.61840,991.52333,102.00000,1978.98090,660.00000,500.05000,767.00000
1992,Hamburg,male,47,1451.61747,1292.10038,1611.13456,1118.81867,1289.46257,1853.26856,256.00000,2954.94340,1304.00000,1125.00000,1687.00000
1992,Hamburg,female,40,979.38588,853.72476,1105.04701,627.07834,1074.00000,1278.00000,245.00000,1636.00000,1074.00000,869.00000,1278.00000
1992,Lower Saxony,male,342,1490.98352,1402.60333,1579.36371,1089.17347,1329.00000,1707.47693,161.71827,2634.93213,1329.00000,1278.00000,1483.00000
1992,Lower Saxony,female,210,741.16444,679.00353,803.32535,375.51801,701.08165,1023.00000,51.00000,1994.22298,699.00000,570.00000,767.00000
1992,Bremen,male,,,,,,,,,,,,
1992,Bremen,female,,,,,,,,,,,,
1992,North Rhine-Westphalia,male,901,1506.22248,1458.37718,1554.06779,1103.52671,1380.00000,1790.00000,73.81678,2819.70993,1380.00000,1329.00000,1432.00000
1992,North Rhine-Westphalia,female,600,853.20088,811.16282,895.23893,409.00000,818.00000,1144.80783,0.00000,2248.51957,818.00000,767.00000,895.00000
1992,Hesse,male,342,1521.86215,1443.53587,1600.18843,1085.78687,1448.51111,1790.00000,77.00000,2846.31970,1448.00000,1355.00000,1534.00000
1992,Hesse,female,239,818.81407,744.25470,893.37344,460.00000,704.13149,1034.36464,102.00000,1895.91160,705.00000,603.00000,818.00000
1992,"Rhineland-Palatinate, Saarland",male,221,1413.05049,1334.59660,1491.50439,1023.00000,1278.00000,1687.00000,77.00000,2683.00000,1278.00000,1278.00000,1432.00000
1992,"Rhineland-Palatinate, Saarland",female,142,714.08023,653.33865,774.82181,447.15519,731.73256,966.00000,0.00000,1744.26721,731.00000,614.00000,792.00000
1992,Baden-Wuerttemberg,male,668,1536.37263,1481.51391,1591.23134,1125.00000,1415.67333,1841.00000,153.00000,2915.00000,1406.00000,1364.50000,1475.20000
1992,Baden-Wuerttemberg,female,480,791.83705,753.82540,829.84869,440.89511,792.00000,1074.00000,0.00000,2023.65733,792.00000,715.87500,869.00000
1992,Bavaria,male,615,1443.85031,1384.99739,1502.70322,1023.00000,1304.00000,1790.00000,0.00000,2940.50000,1304.00000,1278.00000,1329.00000
1992,Bavaria,female,438,835.80539,790.01773,881.59305,504.41640,807.23118,1074.00000,44.00000,1928.37540,802.00000,690.00000,844.00000
1992,Berlin,male,195,1308.51588,1212.35570,1404.67606,883.63157,1206.60526,1580.67927,61.00000,2626.25081,1207.00000,1099.00000,1278.00000
1992,Berlin,female,183,933.93716,868.90017,998.97414,639.00000,888.40867,1164.14531,102.00000,1951.86328,888.00000,793.95000,966.00000
1992,Brandenburg,male,229,843.88379,798.82174,888.94584,647.45759,818.00000,979.86873,148.84088,1478.48544,818.00000,767.00000,851.00000
1992,Brandenburg,female,176,655.46165,616.63668,694.28662,511.00000,665.00000,767.00000,127.00000,1151.00000,665.00000,619.00000,716.00000
1992,Mecklenburg-Western Pomerania,male,146,848.92377,788.40101,909.44653,636.40635,775.70061,1023.00000,56.51587,1602.89048,778.00000,725.75000,867.00000
1992,Mecklenburg-Western Pomerania,female,111,669.09588,621.15976,717.03201,511.00000,665.00000,818.00000,153.00000,1278.50000,665.00000,614.00000,716.00000
1992,Saxony,male,373,836.76201,796.09356,877.43046,639.00000,767.00000,971.00000,141.00000,1469.00000,767.00000,733.00000,785.17500
1992,Saxony,female,315,630.01429,598.87273,661.15585,486.00000,614.00000,767.00000,64.50000,1188.50000,614.00000,605.92500,639.52500
1992,Saxony-Anhalt,male,258,821.16191,774.58066,867.74316,614.00000,767.33043,971.00000,78.50000,1506.50000,767.00000,740.52500,818.00000
1992,Saxony-Anhalt,female,224,638.79674,606.98229,670.61118,479.17147,614.00000,770.16429,107.00000,1206.65354,614.00000,562.00000,665.00000
1992,Thuringa,male,229,757.33270,720.38408,794.28133,603.70217,716.00000,895.00000,166.75542,1331.94675,716.00000,690.00000,767.00000
1992,Thuringa,female,184,610.21582,570.60430,649.82735,443.40956,606.32393,741.00000,123.00000,1187.38566,606.00000,556.95000,665.00000
1993,Schleswig-Holstein,male,92,1679.01676,1485.05316,1872.98036,1125.00000,1397.07130,1943.00000,110.00000,3170.00000,1406.00000,1278.00000,1585.00000
1993,Schleswig-Holstein,female,79,811.85506,708.36690,915.34323,368.00000,767.00000,1116.06277,102.00000,2238.15694,767.00000,562.00000,920.00000
1993,Hamburg,male,44,1568.03320,1401.51110,1734.55531,1227.00000,1520.24081,2035.51315,328.00000,2965.00000,1534.00000,1353.32500,1790.00000
1993,Hamburg,female,37,1042.71474,906.89112,1178.53836,764.98089,1164.79687,1339.23039,92.00000,1800.00000,1163.00000,1022.77500,1278.00000
1993,Lower Saxony,male,345,1615.38915,1498.65071,1732.12760,1125.00000,1464.40689,1842.76881,77.00000,2919.42202,1467.00000,1360.00000,1534.00000
1993,Lower Saxony,female,233,743.10065,682.49406,803.70724,322.63297,687.67792,1027.12534,26.00000,2083.86389,686.00000,557.00000,802.00000
1993,Bremen,male,,,,,,,,,,,,
1993,Bremen,female,,,,,,,,,,,,
1993,North Rhine-Westphalia,male,876,1652.44043,1581.16278,1723.71807,1176.00000,1472.98126,1992.62805,73.00000,3217.57011,1473.00000,1431.62500,1534.00000
1993,North Rhine-Westphalia,female,599,910.07542,863.51542,956.63543,432.50089,869.00000,1227.00000,26.00000,2418.74867,869.00000,781.62500,920.00000
1993,Hesse,male,335,1630.66724,1540.24673,1721.08776,1149.67858,1534.00000,1974.98218,0.00000,3212.93759,1534.00000,1432.00000,1585.00000
1993,Hesse,female,243,849.64732,784.78605,914.50859,501.00000,767.00000,1125.00000,0.00000,2061.00000,767.00000,624.72500,870.27500
1993,"Rhineland-Palatinate, Saarland",male,206,1474.13975,1384.65185,1563.62764,1074.00000,1329.00000,1769.48583,30.77126,2812.71457,1329.00000,1227.00000,1483.00000
1993,"Rhineland-Palatinate, Saarland",female,143,751.94740,676.82731,827.06750,409.00000,665.00000,1041.05054,51.00000,1989.12635,665.00000,562.00000,859.25000
1993,Baden-Wuerttemberg,male,663,1583.57344,1523.07376,1644.07312,1125.00000,1432.00000,1963.90522,33.00000,3222.26304,1432.00000,1380.00000,1534.00000
1993,Baden-Wuerttemberg,female,473,845.10880,801.69724,888.52035,460.00000,855.92641,1125.00000,0.00000,2122.50000,856.00000,741.00000,920.00000
1993,Bavaria,male,599,1551.77687,1490.83586,1612.71789,1074.00000,1380.00000,1955.84933,73.00000,3278.62332,1380.00000,1329.00000,1432.00000
1993,Bavaria,female,429,865.15776,818.61557,911.69995,511.00000,818.00000,1125.00000,0.00000,2046.00000,818.00000,767.00000,920.00000
1993,Berlin,male,191,1496.85213,1377.27315,1616.43110,1031.70335,1337.27519,1687.00000,48.75838,2669.94497,1331.00000,1277.77500,1468.00000
1993,Berlin,female,169,1048.57227,978.98655,1118.15800,781.21202,1020.25386,1262.34397,205.00000,1984.04190,1023.00000,951.85000,1074.00000
1993,Brandenburg,male,208,993.78950,923.28689,1064.29211,745.02842,948.03710,1164.78790,153.00000,1794.42713,946.00000,905.00000,1023.00000
1993,Brandenburg,female,173,822.02461,770.52234,873.52688,603.74417,818.00000,1028.02548,0.00000,1664.44745,818.00000,748.00000,887.00000
1993,Mecklenburg-Western Pomerania,male,126,1029.47697,950.63645,1108.31749,767.00000,1001.88211,1196.95406,138.00000,1841.88516,1004.00000,882.65000,1074.00000
1993,Mecklenburg-Western Pomerania,female,101,807.90488,745.70407,870.10568,568.58242,771.33122,971.00000,140.00000,1574.62637,767.00000,715.00000,841.02500
1993,Saxony,male,356,1012.30621,935.49653,1089.11590,716.00000,895.00000,1136.06455,128.00000,1766.16138,895.00000,844.00000,920.00000
1993,Saxony,female,300,778.21971,722.78738,833.65204,562.00000,757.23203,971.00000,61.00000,1584.50000,757.00000,716.00000,786.02500
1993,Saxony-Anhalt,male,239,951.37091,895.73471,1007.00710,721.32938,920.00000,1176.00000,39.32346,1858.00592,920.00000,844.00000,959.02500
1993,Saxony-Anhalt,female,196,779.30663,731.13719,827.47608,562.00000,716.00000,946.86770,102.00000,1524.16924,716.00000,665.00000,767.00000
1993,Thuringa,male,213,875.62463,829.59610,921.65317,713.58885,869.00000,1070.97923,177.50328,1607.06480,869.00000,808.00000,920.00000
1993,Thuringa,female,177,736.52271,684.64411,788.40131,491.00000,715.46257,920.00000,118.00000,1563.50000,716.00000,624.00000,767.00000
1994,Schleswig-Holstein,male,92,1568.51695,1398.78384,1738.25006,1043.09139,1360.77488,1819.46050,281.00000,2984.01416,1329.00000,1278.00000,1585.65000
1994,Schleswig-Holstein,female,78,766.76283,665.71894,867.80672,432.77253,722.81459,971.00000,77.00000,1778.34121,722.00000,562.00000,844.00000
1994,Hamburg,male,41,1572.72195,1383.15206,1762.29185,1239.57323,1738.19559,2045.00000,110.00000,2812.00000,1790.00000,1380.00000,1892.00000
1994,Hamburg,female,40,1031.41289,901.11647,1161.70932,770.51472,1116.56881,1278.00000,199.00000,1790.00000,1115.00000,1020.50000,1186.00000
1994,Lower Saxony,male,334,1624.76968,1517.52299,1732.01637,1220.98997,1483.00000,1828.80719,309.26415,2740.53302,1483.00000,1380.00000,1534.00000
1994,Lower Saxony,female,233,817.83936,757.37442,878.30430,439.88708,773.42237,1125.00000,0.00000,2152.66938,767.00000,665.00000,845.00000
1994,Bremen,male,,,,,,,,,,,,
1994,Bremen,female,,,,,,,,,,,,
1994,North Rhine-Westphalia,male,840,1682.85568,1626.13292,1739.57845,1199.38853,1534.00000,2045.00000,0.00000,3313.41721,1534.00000,1432.00000,1585.00000
1994,North Rhine-Westphalia,female,575,905.35964,859.67935,951.03994,460.00000,869.00000,1176.00000,0.00000,2250.00000,869.00000,785.00000,920.00000
1994,Hesse,male,318,1725.25334,1597.49728,1853.00940,1227.00000,1534.00000,2045.00000,158.00000,3272.00000,1534.00000,1432.00000,1637.27500
1994,Hesse,female,229,944.97177,862.10570,1027.83783,524.00000,899.37923,1227.00000,51.00000,2281.50000,900.00000,767.00000,1000.17500
1994,"Rhineland-Palatinate, Saarland",male,203,1477.93029,1384.04599,1571.81459,1125.00000,1329.00000,1790.00000,245.00000,2787.50000,1329.00000,1278.00000,1432.57500
1994,"Rhineland-Palatinate, Saarland",female,146,811.17068,733.81679,888.52457,434.78450,767.00000,1077.85328,0.00000,2042.45644,767.00000,614.00000,936.00000
1994,Baden-Wuerttemberg,male,607,1626.48094,1560.91072,1692.05116,1125.00000,1483.00000,2045.00000,102.00000,3425.00000,1483.00000,1432.00000,1534.00000
1994,Baden-Wuerttemberg,female,432,838.78840,793.36187,884.21493,460.00000,869.00000,1125.00000,0.00000,2122.50000,869.00000,767.00000,944.00000
1994,Bavaria,male,565,1601.57514,1538.22974,1664.92054,1163.51045,1432.00000,1943.00000,0.00000,3112.23433,1432.00000,1380.00000,1534.00000
1994,Bavaria,female,404,920.26017,868.89043,971.62991,513.26809,883.95026,1176.00000,51.00000,2170.09786,874.00000,807.80000,920.65000
1994,Berlin,male,180,1532.22658,1405.60419,1658.84896,1074.00000,1431.36552,1690.86741,148.69889,2616.16851,1431.00000,1329.00000,1534.00000
1994,Berlin,female,158,1103.71772,1026.33021,1181.10522,818.00000,1046.97307,1285.79802,153.00000,1987.49505,1048.00000,1002.00000,1125.00000
1994,Brandenburg,male,200,1062.21648,992.05133,1132.38163,818.00000,1048.00000,1278.00000,128.00000,1968.00000,1048.00000,971.00000,1101.60000
1994,Brandenburg,female,162,876.66640,820.78519,932.54760,614.00000,893.63945,1074.00000,61.00000,1764.00000,893.00000,792.00000,971.00000
1994,Mecklenburg-Western Pomerania,male,134,1144.07110,1043.82003,1244.32216,865.56184,1074.00000,1278.00000,246.90461,1896.65723,1074.00000,1004.00000,1176.00000
1994,Mecklenburg-Western Pomerania,female,103,828.18498,756.89846,899.47150,537.00000,877.12075,1023.00000,199.00000,1752.00000,879.00000,766.92500,971.00000
1994,Saxony,male,345,1053.31882,996.15376,1110.48389,792.81772,1023.00000,1227.00000,141.54429,1878.27343,1023.00000,971.00000,1034.55000
1994,Saxony,female,295,858.97648,796.95773,920.99522,614.00000,807.16828,1074.32731,59.00000,1764.81827,808.00000,767.00000,869.35000
1994,Saxony-Anhalt,male,223,1030.36064,972.51057,1088.21071,818.00000,971.00000,1224.95794,207.56308,1835.39486,971.00000,920.00000,1060.07500
1994,Saxony-Anhalt,female,195,876.36644,814.83269,937.90018,585.22531,827.46021,1125.00000,61.00000,1934.66203,828.00000,730.70000,920.00000
1994,Thuringa,male,211,965.03094,912.07768,1017.98420,767.00000,971.00000,1126.66940,227.49591,1666.17349,971.00000,928.85000,1023.00000
1994,Thuringa,female,176,801.46291,742.88076,860.04505,511.00000,767.00000,1019.43050,0.00000,1782.07626,767.00000,716.00000,818.00000
1995,Schleswig-Holstein,male,92,1606.22777,1448.52761,1763.92793,1255.00655,1472.67447,1874.19729,326.22046,2802.98338,1474.00000,1380.00000,1636.00000
1995,Schleswig-Holstein,female,71,828.24553,718.56774,937.92332,499.03866,746.63591,1110.75241,61.00000,2028.32303,754.00000,700.00000,887.00000
1995,Hamburg,male,42,1548.37631,1344.94712,1751.80550,1189.76327,1550.01563,2051.80839,178.00000,2752.00000,1585.00000,1313.10000,2045.00000
1995,Hamburg,female,35,950.10147,812.57005,1087.63289,614.16137,1120.01330,1214.84255,205.00000,1790.00000,1125.00000,890.70000,1202.00000
1995,Lower Saxony,male,363,1671.90561,1564.46104,1779.35019,1227.43385,1534.00000,1860.66362,277.58919,2810.50828,1534.00000,1432.00000,1585.00000
1995,Lower Saxony,female,237,809.12777,747.48088,870.77466,457.98438,767.00000,1125.00000,0.00000,2125.52342,767.00000,638.65000,844.00000
1995,Bremen,male,,,,,,,,,,,,
1995,Bremen,female,,,,,,,,,,,,
1995,North Rhine-Westphalia,male,888,1699.92110,1640.73943,1759.10278,1176.00000,1534.00000,2045.00000,0.00000,3348.50000,1534.00000,1473.00000,1600.27500
1995,North Rhine-Westphalia,female,629,900.22964,856.66723,943.79204,457.40910,869.00000,1227.00000,0.00000,2381.38635,869.00000,767.00000,920.00000
1995,Hesse,male,325,1697.61897,1610.93594,1784.30200,1176.00000,1562.54409,2101.31826,0.00000,3489.29564,1544.00000,1462.00000,1687.00000
1995,Hesse,female,236,930.50261,840.87369,1020.13152,511.00000,849.93113,1209.01540,0.00000,2256.03849,847.00000,713.80000,1017.15000
1995,"Rhineland-Palatinate, Saarland",male,223,1524.27458,1432.45479,1616.09437,1125.00000,1432.00000,1820.81912,81.27132,2864.54779,1432.00000,1329.00000,1534.00000
1995,"Rhineland-Palatinate, Saarland",female,165,818.80238,747.13806,890.46670,401.36515,818.00000,1125.00000,0.00000,2210.45227,818.00000,665.00000,920.77500
1995,Baden-Wuerttemberg,male,621,1644.98724,1577.93374,1712.04073,1168.23837,1534.00000,1986.42333,26.00000,3213.70076,1534.00000,1432.00000,1534.00000
1995,Baden-Wuerttemberg,female,461,842.56142,793.26198,891.86086,435.00000,851.47142,1125.00000,0.00000,2160.00000,857.00000,716.00000,919.02500
1995,Bavaria,male,607,1617.99511,1541.19917,1694.79104,1125.00000,1432.00000,2045.00000,102.00000,3425.00000,1432.00000,1380.00000,1534.00000
1995,Bavaria,female,429,921.56950,868.79543,974.34357,511.00000,908.52449,1176.00000,0.00000,2173.50000,910.00000,767.00000,946.00000
1995,Berlin,male,179,1532.21996,1405.64243,1658.79750,1099.04902,1331.55018,1790.00000,62.62256,2826.42646,1329.00000,1227.00000,1432.62500
1995,Berlin,female,157,1085.62800,1010.52618,1160.72983,818.00000,1023.92504,1327.52628,53.71057,2091.81571,1025.00000,997.00000,1125.00000
1995,Brandenburg,male,199,1092.76277,1029.77455,1155.75099,891.75275,1066.00000,1329.00000,235.88188,1984.87087,1066.00000,1023.00000,1125.00000
1995,Brandenburg,female,159,882.89433,822.92892,942.85973,613.90001,920.00000,1135.08464,0.00000,1916.86157,920.00000,809.95000,971.00000
1995,Mecklenburg-Western Pomerania,male,137,1167.80569,1064.43796,1271.17343,801.18330,1023.00000,1365.64069,245.00000,2212.32676,1023.00000,992.00000,1126.00000
1995,Mecklenburg-Western Pomerania,female,115,903.92116,836.53169,971.31064,652.98997,920.00000,1074.68055,199.00000,1707.21641,920.00000,717.00000,987.00000
1995,Saxony,male,347,1203.02042,1062.56943,1343.47141,818.00000,1023.00000,1369.51536,0.00000,2196.78841,1023.00000,1000.95000,1086.10000
1995,Saxony,female,296,877.34703,811.90218,942.79188,614.00000,825.72779,1115.01918,0.00000,1866.54795,823.00000,767.00000,895.25000
1995,Saxony-Anhalt,male,217,1052.83371,982.08984,1123.57759,818.00000,1023.00000,1227.00000,204.50000,1840.50000,1023.00000,971.00000,1074.00000
1995,Saxony-Anhalt,female,193,858.94868,803.34263,914.55474,581.70598,835.50792,1030.43288,51.00000,1703.52324,836.00000,767.00000,966.00000
1995,Thuringa,male,215,997.22521,929.83386,1064.61657,767.00000,1021.38682,1176.00000,153.50000,1789.50000,1023.00000,920.00000,1028.50000
1995,Thuringa,female,175,838.84563,776.57883,901.11243,524.83326,818.00000,1074.00000,71.00000,1897.75011,818.00000,716.00000,869.00000
1996,Schleswig-Holstein,male,95,1591.99160,1416.69662,1767.28658,1176.00000,1432.00000,1738.00000,333.00000,2581.00000,1432.00000,1278.00000,1534.00000
1996,Schleswig-Holstein,female,77,900.51187,786.16875,1014.85499,471.69857,863.14480,1176.00000,89.00000,2232.45214,859.00000,685.00000,1024.00000
1996,Hamburg,male,43,1805.08546,1546.34390,2063.82701,1241.09420,1642.70342,2250.00000,51.00000,3579.00000,1636.00000,1447.00000,2224.00000
1996,Hamburg,female,31,1014.55815,869.85885,1159.25745,562.00000,1125.00000,1301.32485,302.00000,1917.00000,1125.00000,767.00000,1278.00000
1996,Lower Saxony,male,358,1659.60684,1564.70378,1754.50990,1228.00037,1500.96301,1841.00000,308.50093,2760.49944,1497.00000,1432.00000,1585.00000
1996,Lower Saxony,female,249,878.12332,813.55029,942.69635,460.00000,818.00000,1184.78231,82.00000,2271.95576,818.00000,716.00000,920.00000
1996,Bremen,male,,,,,,,,,,,,
1996,Bremen,female,,,,,,,,,,,,
1996,North Rhine-Westphalia,male,867,1733.92272,1670.61625,1797.22919,1227.00000,1534.00000,2096.00000,126.00000,3399.50000,1534.00000,1483.00000,1588.10000
1996,North Rhine-Westphalia,female,616,920.69006,877.84601,963.53410,487.31415,892.27962,1260.38931,51.00000,2420.00204,892.00000,791.37500,971.00000
1996,Hesse,male,300,1753.35093,1654.56569,1852.13618,1227.00000,1636.00000,2147.00000,153.00000,3527.00000,1636.00000,1503.00000,1738.00000
1996,Hesse,female,234,958.48755,874.78198,1042.19312,511.00000,971.00000,1264.79054,52.00000,2395.47636,971.00000,767.00000,1028.00000
1996,"Rhineland-Palatinate, Saarland",male,232,1520.32860,1430.89127,1609.76593,1074.26699,1380.00000,1841.00000,102.00000,2991.09952,1380.00000,1278.00000,1534.00000
1996,"Rhineland-Palatinate, Saarland",female,161,847.84678,774.95511,920.73845,460.00000,869.00000,1176.00000,51.00000,2250.00000,869.00000,651.00000,959.05000
1996,Baden-Wuerttemberg,male,591,1746.79507,1673.77400,1819.81614,1227.00000,1534.09359,2144.85379,20.00000,3521.63446,1534.00000,1482.87500,1636.00000
1996,Baden-Wuerttemberg,female,420,873.38847,821.34146,925.43547,429.41511,869.00000,1125.00000,26.00000,2168.37733,869.00000,766.37500,945.05000
1996,Bavaria,male,583,1675.02048,1604.46323,1745.57773,1176.00000,1534.00000,2045.00000,82.00000,3348.50000,1534.00000,1432.00000,1585.00000
1996,Bavaria,female,428,956.98123,892.05257,1021.90989,504.79264,906.23277,1245.66244,48.00000,2356.96715,910.00000,813.00000,971.00000
1996,Berlin,male,167,1557.98060,1424.57715,1691.38404,1061.84862,1329.00000,1715.53314,235.00000,2696.05993,1329.00000,1226.37500,1483.62500
1996,Berlin,female,148,1161.96343,1078.80116,1245.12569,938.93189,1074.00000,1329.00000,353.82972,1914.10217,1074.00000,1023.00000,1137.00000
1996,Brandenburg,male,191,1122.01363,1058.48103,1185.54623,847.10910,1079.00000,1345.93353,98.87245,2094.17018,1079.00000,1023.00000,1163.00000
1996,Brandenburg,female,151,966.43249,898.01872,1034.84626,667.91017,953.55701,1227.00000,61.00000,2065.63474,971.00000,869.00000,1023.00000
1996,Mecklenburg-Western Pomerania,male,121,1240.95369,1109.01275,1372.89464,890.79664,1125.00000,1380.00000,156.99161,2113.80503,1125.00000,1023.00000,1227.00000
1996,Mecklenburg-Western Pomerania,female,105,887.62276,808.40453,966.84099,596.51929,870.91515,1125.00000,36.00000,1917.72106,869.00000,749.00000,1011.02500
1996,Saxony,male,352,1167.64958,1093.07695,1242.22220,849.97618,1046.45635,1380.00000,61.00000,2175.03573,1046.00000,1022.00000,1074.00000
1996,Saxony,female,299,905.23122,857.83516,952.62727,614.00000,895.00000,1125.00000,64.00000,1891.50000,895.00000,818.00000,971.00000
1996,Saxony-Anhalt,male,197,1080.08084,1021.87187,1138.28981,864.16830,1074.00000,1260.16215,270.17753,1854.15293,1074.00000,981.80000,1125.00000
1996,Saxony-Anhalt,female,188,905.87138,850.16536,961.57740,650.37495,869.00000,1122.90804,128.00000,1831.70766,869.00000,763.00000,971.00000
1996,Thuringa,male,209,1039.85835,988.20423,1091.51247,818.00000,1023.00000,1278.00000,128.00000,1968.00000,1023.00000,971.00000,1074.00000
1996,Thuringa,female,176,829.11408,764.17815,894.05000,511.00000,792.69271,1068.98132,102.00000,1905.95330,787.00000,716.00000,896.10000
1997,Schleswig-Holstein,male,91,1635.98484,1467.42155,1804.54813,1184.95544,1534.00000,1887.29795,311.00000,2940.81172,1534.00000,1355.00000,1687.00000
1997,Schleswig-Holstein,female,69,921.62036,801.34341,1041.89730,529.76769,950.40907,1264.52948,25.00000,2366.67217,956.00000,637.97500,1138.00000
1997,Hamburg,male,42,1707.27791,1421.14001,1993.41581,1094.19673,1483.00000,2108.99909,152.00000,3631.20262,1483.00000,1176.00000,1945.55000
1997,Hamburg,female,,,,,,,,,,,,
1997,Lower Saxony,male,353,1677.87455,1563.14602,1792.60308,1227.00000,1490.55787,1874.69736,255.45395,2846.24341,1492.00000,1432.00000,1564.07500
1997,Lower Saxony,female,250,829.93923,766.82204,893.05641,401.07138,767.00000,1125.00000,78.00000,2210.89293,767.00000,613.00000,917.00000
1997,Bremen,male,,,,,,,,,,,,
1997,Bremen,female,,,,,,,,,,,,
1997,North Rhine-Westphalia,male,844,1751.25433,1690.64142,1811.86724,1209.71960,1585.00000,2181.36666,203.00000,3638.83723,1585.00000,1534.00000,1687.00000
1997,North Rhine-Westphalia,female,621,945.12191,899.52913,990.71468,455.17773,920.00000,1305.36978,39.00000,2580.65785,920.00000,767.00000,971.65000
1997,Hesse,male,277,1749.47604,1633.30491,1865.64717,1176.00000,1636.00000,2096.00000,247.00000,3476.00000,1636.00000,1534.00000,1706.00000
1997,Hesse,female,212,989.58360,894.20923,1084.95797,460.00000,920.00000,1284.86394,128.00000,2522.15984,920.00000,746.00000,1023.00000
1997,"Rhineland-Palatinate, Saarland",male,227,1481.04489,1405.36528,1556.72450,1125.00000,1432.00000,1790.00000,193.00000,2787.50000,1432.00000,1328.50000,1483.00000
1997,"Rhineland-Palatinate, Saarland",female,156,847.19579,766.55540,927.83618,372.88917,897.45858,1158.57172,92.00000,2337.09555,905.00000,614.00000,992.77500
1997,Baden-Wuerttemberg,male,583,1707.26290,1636.36587,1778.15992,1176.00000,1534.00000,2052.22489,170.00000,3366.56221,1534.00000,1483.00000,1636.00000
1997,Baden-Wuerttemberg,female,406,863.91934,814.20720,913.63148,447.52502,848.43433,1140.36036,63.00000,2179.61335,854.00000,716.00000,920.00000
1997,Bavaria,male,561,1743.99160,1674.30045,1813.68274,1201.69079,1585.00000,2096.00000,128.00000,3437.46382,1585.00000,1534.00000,1687.00000
1997,Bavaria,female,411,961.85533,901.90770,1021.80296,511.00000,920.00000,1227.00000,24.00000,2301.00000,920.00000,818.00000,990.00000
1997,Berlin,male,157,1551.69857,1405.92486,1697.47227,1023.00000,1278.00000,1765.18024,194.00000,2878.45059,1278.00000,1176.00000,1432.00000
1997,Berlin,female,138,1179.92937,1096.52006,1263.33869,946.59731,1122.72718,1444.47266,199.78429,2191.28568,1124.00000,1023.00000,1227.00000
1997,Brandenburg,male,193,1125.62288,1064.51717,1186.72860,869.00000,1119.20563,1380.00000,208.00000,2146.50000,1117.00000,1023.00000,1176.77500
1997,Brandenburg,female,150,920.92474,845.24331,996.60617,544.09639,920.00000,1190.75009,75.00000,2160.73064,920.00000,832.62500,1023.00000
1997,Mecklenburg-Western Pomerania,male,122,1341.76498,1091.88817,1591.64180,869.00000,1107.85590,1378.98929,199.00000,2143.97323,1099.00000,1023.00000,1176.00000
1997,Mecklenburg-Western Pomerania,female,99,901.92196,821.44216,982.40175,627.49788,908.15302,1125.00000,189.00000,1871.25319,914.00000,818.00000,1023.00000
1997,Saxony,male,334,1169.65371,1086.72683,1252.58059,869.00000,1045.12987,1380.00000,102.50000,2146.50000,1048.00000,1023.00000,1109.00000
1997,Saxony,female,295,922.18077,875.70015,968.66138,665.00000,920.00000,1161.99064,51.00000,1907.47661,920.00000,857.62500,971.00000
1997,Saxony-Anhalt,male,188,1096.10595,1025.91121,1166.30069,847.40730,1111.63934,1278.00000,201.51825,1923.88905,1110.00000,1023.00000,1125.00000
1997,Saxony-Anhalt,female,181,910.30535,852.73188,967.87882,665.00000,920.00000,1125.00000,102.00000,1815.00000,920.00000,894.35000,971.00000
1997,Thuringa,male,198,1091.01370,1029.40004,1152.62736,818.00000,1023.00000,1329.00000,230.00000,2095.50000,1023.00000,992.00000,1087.00000
1997,Thuringa,female,170,867.43895,804.58164,930.29626,562.00000,818.00000,1074.00000,51.00000,1842.00000,818.00000,716.00000,911.20000
1998,Schleswig-Holstein,male,111,1760.71554,1568.38037,1953.05070,1165.76434,1534.00000,2253.01532,317.00000,3883.89181,1534.00000,1406.00000,1636.00000
1998,Schleswig-Holstein,female,96,981.55722,866.35144,1096.76301,587.62335,1017.82837,1201.79071,77.00000,2123.04175,1023.00000,745.25000,1118.00000
1998,Hamburg,male,46,1744.32029,1461.37338,2027.26721,1014.73022,1532.27883,2437.06534,159.00000,3579.00000,1493.00000,1277.12500,2301.00000
1998,Hamburg,female,39,1002.37815,862.20008,1142.55621,703.87994,1090.49655,1329.00000,256.00000,1738.00000,1055.00000,741.00000,1278.00000
1998,Lower Saxony,male,418,1659.76854,1573.71044,1745.82663,1125.00000,1534.00000,2045.00000,0.00000,3425.00000,1534.00000,1483.00000,1636.00000
1998,Lower Saxony,female,291,882.63789,821.95955,943.31622,466.45683,818.00000,1227.00000,102.00000,2367.81475,818.00000,665.00000,946.62500
1998,Bremen,male,,,,,,,,,,,,
1998,Bremen,female,,,,,,,,,,,,
1998,North Rhine-Westphalia,male,932,1754.00472,1696.32413,1811.68532,1227.00000,1585.00000,2049.78059,0.00000,3283.95147,1585.00000,1534.00000,1682.00000
1998,North Rhine-Westphalia,female,677,930.54927,886.10704,974.99151,415.39804,869.91630,1278.00000,0.00000,2571.90294,869.00000,818.00000,971.00000
1998,Hesse,male,318,1691.48493,1584.91759,1798.05226,1119.18302,1534.00000,2096.00000,36.00000,3561.22546,1534.00000,1512.25000,1636.00000
1998,Hesse,female,231,991.05294,905.59875,1076.50712,460.00000,971.00000,1324.40024,123.00000,2621.00060,971.00000,837.70000,1025.00000
1998,"Rhineland-Palatinate, Saarland",male,261,1556.75541,1463.71548,1649.79533,1125.00000,1432.00000,1840.80763,60.00000,2914.51907,1432.00000,1348.50000,1533.02500
1998,"Rhineland-Palatinate, Saarland",female,174,873.56308,796.38960,950.73657,383.00000,818.00000,1176.00000,101.00000,2365.50000,818.00000,767.00000,1023.00000
1998,Baden-Wuerttemberg,male,623,1665.87962,1597.10413,1734.65510,1176.00000,1534.00000,2045.00000,0.00000,3348.50000,1534.00000,1483.00000,1626.25000
1998,Baden-Wuerttemberg,female,440,873.69687,825.88458,921.50915,454.84432,882.76461,1176.00000,0.00000,2257.73352,891.00000,766.87500,946.00000
1998,Bavaria,male,619,1745.56143,1674.23085,1816.89201,1227.00000,1585.00000,2089.49182,0.00000,3383.22955,1585.00000,1532.72500,1636.00000
1998,Bavaria,female,471,965.77554,913.93716,1017.61391,511.44987,920.00000,1229.33254,0.00000,2306.15656,920.00000,818.00000,1012.00000
1998,Berlin,male,161,1433.21805,1305.51135,1560.92475,1023.00000,1278.00000,1687.00000,27.00000,2683.00000,1278.00000,1150.00000,1432.80000
1998,Berlin,female,148,1231.57996,1128.94947,1334.21045,1005.74725,1176.00000,1481.07414,292.75691,2194.06449,1176.00000,1080.00000,1227.00000
1998,Brandenburg,male,189,1125.55227,1049.69309,1201.41146,827.69568,1074.00000,1432.00000,153.00000,2338.45648,1074.00000,1011.85000,1207.00000
1998,Brandenburg,female,151,947.66747,878.45963,1016.87531,690.00000,946.00000,1205.10089,61.00000,1977.75223,946.00000,785.00000,1023.00000
1998,Mecklenburg-Western Pomerania,male,126,1289.22810,1157.58504,1420.87116,869.00000,1106.47387,1467.68255,214.00000,2365.70637,1112.00000,1023.00000,1176.00000
1998,Mecklenburg-Western Pomerania,female,102,896.47547,818.17988,974.77106,614.00000,895.00000,1104.79865,215.00000,1840.99662,895.00000,818.00000,1023.00000
1998,Saxony,male,377,1084.26357,1025.98391,1142.54324,792.57011,1012.00000,1278.00000,64.42527,2006.14484,1012.00000,946.00000,1051.40000
1998,Saxony,female,307,933.91512,884.84982,982.98042,665.00000,920.00000,1156.62395,0.00000,1894.05988,920.00000,844.00000,987.25000
1998,Saxony-Anhalt,male,189,1105.61712,1032.73286,1178.50138,818.00000,1046.00000,1431.31406,77.00000,2351.28514,1046.00000,982.00000,1125.02500
1998,Saxony-Anhalt,female,183,907.61812,849.93401,965.30222,654.40437,869.00000,1124.11265,148.00000,1828.67507,869.00000,767.00000,946.62500
1998,Thuringa,male,216,1086.82160,1024.35429,1149.28891,818.00000,1023.00000,1329.00000,210.00000,2095.50000,1023.00000,955.75000,1074.00000
1998,Thuringa,female,184,880.66392,811.57374,949.75411,553.43987,819.13083,1074.00000,34.00000,1854.84019,818.00000,767.00000,921.05000
1999,Schleswig-Holstein,male,107,1809.04676,1608.23972,2009.85381,1157.46802,1536.65978,2145.74093,0.00000,3628.15029,1537.00000,1430.70000,1636.00000
1999,Schleswig-Holstein,female,90,961.41789,861.13523,1061.70056,614.00000,971.00000,1278.00000,158.00000,2274.00000,971.00000,778.00000,1074.00000
1999,Hamburg,male,43,1747.41598,1425.36556,2069.46639,1027.58075,1513.59037,2502.02446,102.00000,4090.00000,1483.00000,1176.00000,2250.00000
1999,Hamburg,female,43,1156.74622,1026.11285,1287.37959,920.00000,1248.53988,1413.37418,179.93874,2096.00000,1227.00000,1072.72500,1380.00000
1999,Lower Saxony,male,410,1677.53975,1581.18975,1773.88975,1227.00000,1534.00000,2034.12424,16.31363,3244.81061,1534.00000,1432.00000,1585.00000
1999,Lower Saxony,female,296,839.55612,782.37868,896.73357,435.00000,818.00000,1150.56220,0.00000,2223.90550,818.00000,664.70000,971.02500
1999,Bremen,male,,,,,,,,,,,,
1999,Bremen,female,,,,,,,,,,,,
1999,North Rhine-Westphalia,male,915,1759.11876,1698.10487,1820.13264,1227.00000,1585.00000,2045.00000,0.00000,3272.00000,1585.00000,1534.00000,1636.00000
1999,North Rhine-Westphalia,female,678,958.62476,913.98571,1003.26381,409.00000,954.54692,1329.25904,0.00000,2709.64759,953.00000,818.00000,1023.00000
1999,Hesse,male,297,1789.66497,1636.86009,1942.46985,1125.00000,1636.00000,2147.00000,0.00000,3680.00000,1636.00000,1534.00000,1738.00000
1999,Hesse,female,232,978.59353,882.10211,1075.08495,460.00000,920.00000,1329.00000,23.00000,2632.50000,920.00000,756.00000,1012.27500
1999,"Rhineland-Palatinate, Saarland",male,250,1555.09077,1464.14448,1646.03705,1176.00000,1456.58012,1926.40884,54.00000,3052.02209,1457.00000,1358.00000,1534.27500
1999,"Rhineland-Palatinate, Saarland",female,181,832.36918,757.83872,906.89964,378.00760,782.53241,1176.00000,56.00000,2372.98859,781.00000,644.00000,956.00000
1999,Baden-Wuerttemberg,male,600,1744.05037,1651.06583,1837.03491,1166.05316,1534.00000,2147.00000,0.00000,3618.42026,1534.00000,1483.00000,1636.00000
1999,Baden-Wuerttemberg,female,437,863.88621,814.28377,913.48866,460.00000,844.00000,1170.65421,0.00000,2236.63552,844.00000,716.00000,920.00000
1999,Bavaria,male,618,1764.01062,1692.14933,1835.87191,1176.00000,1624.47439,2263.75037,0.00000,3895.37592,1623.00000,1534.00000,1687.10000
1999,Bavaria,female,489,953.66241,901.71086,1005.61396,506.00000,911.31781,1278.00000,0.00000,2436.00000,913.00000,832.62500,946.62500
1999,Berlin,male,156,1580.07393,1428.38745,1731.76040,1046.71425,1381.81819,1841.00000,0.00000,3032.42863,1391.00000,1278.00000,1483.37500
1999,Berlin,female,136,1260.14763,1149.92833,1370.36693,968.82916,1173.86694,1561.66547,100.00000,2450.91993,1176.00000,1074.00000,1278.00000
1999,Brandenburg,male,183,1185.88186,1099.54307,1272.22066,848.34422,1085.56420,1463.89503,0.00000,2387.22123,1082.00000,971.00000,1217.00000
1999,Brandenburg,female,149,970.57609,897.44826,1043.70391,690.07169,970.18347,1245.38428,55.00000,2078.35317,971.00000,818.00000,1074.00000
1999,Mecklenburg-Western Pomerania,male,127,1273.24097,1165.06758,1381.41437,917.66680,1135.29868,1477.43833,215.00000,2317.09563,1133.00000,1074.00000,1176.00000
1999,Mecklenburg-Western Pomerania,female,119,834.10836,756.78790,911.42882,511.00000,818.00000,1074.00000,0.00000,1918.50000,818.00000,690.00000,994.00000
1999,Saxony,male,359,1110.17632,1045.48461,1174.86803,834.72426,1037.96662,1329.00000,93.31065,2070.41361,1033.00000,993.55000,1074.00000
1999,Saxony,female,298,948.18746,897.06322,999.31170,668.30693,931.00000,1176.00000,0.00000,1937.53960,931.00000,859.00000,980.00000
1999,Saxony-Anhalt,male,202,1099.73136,1035.49122,1163.97149,869.00000,1023.00000,1284.74495,245.38258,1908.36237,1023.00000,971.00000,1100.62500
1999,Saxony-Anhalt,female,186,916.26724,856.84900,975.68547,639.00000,943.27266,1125.00000,23.00000,1854.00000,934.00000,869.00000,1022.00000
1999,Thuringa,male,223,1087.30066,1024.67443,1149.92690,818.00000,1023.00000,1278.00000,128.00000,1968.00000,1023.00000,1007.00000,1074.00000
1999,Thuringa,female,193,880.67459,811.03654,950.31263,562.00000,818.00000,1086.54881,0.00000,1873.37204,818.00000,776.75000,920.00000
2000,Schleswig-Holstein,male,232,1742.37517,1621.83731,1862.91304,1157.34616,1534.00000,2199.00000,0.00000,3761.48076,1534.00000,1474.92500,1636.00000
2000,Schleswig-Holstein,female,194,897.42333,829.20027,965.64640,511.00000,916.71660,1217.89220,79.00000,2278.23050,915.00000,792.00000,1023.45000
2000,Hamburg,male,90,1845.31960,1597.42449,2093.21471,1243.01135,1640.45736,2230.78980,205.00000,3712.45748,1641.00000,1534.00000,1842.27500
2000,Hamburg,female,83,1257.11283,1130.77218,1383.45348,893.11714,1252.17532,1534.00000,0.00000,2495.32429,1235.00000,1166.00000,1406.00000
2000,Lower Saxony,male,671,1703.83937,1628.85167,1778.82707,1227.00000,1544.73292,2019.40880,38.38680,3208.02200,1550.00000,1534.00000,1636.00000
2000,Lower Saxony,female,499,843.34961,796.39812,890.30110,435.63777,767.00000,1176.00000,0.00000,2286.54334,767.00000,689.37500,818.00000
2000,Bremen,male,53,1762.88685,1508.64365,2017.13005,1262.20507,1636.00000,2045.00000,233.00000,3219.19239,1636.00000,1432.00000,1841.00000
2000,Bremen,female,48,1035.44878,847.17721,1223.72034,436.61485,855.20587,1616.00353,119.00000,3170.00000,854.00000,716.00000,1508.00000
2000,North Rhine-Westphalia,male,1654,1731.94533,1688.29095,1775.59972,1203.78900,1585.00000,2070.50784,0.00000,3370.58610,1585.00000,1534.00000,1636.00000
2000,North Rhine-Westphalia,female,1272,955.56306,920.72152,990.40460,409.00000,892.99601,1298.00000,0.00000,2631.50000,892.00000,839.00000,920.00000
2000,Hesse,male,550,1834.26393,1743.81608,1924.71179,1227.00000,1661.56137,2152.77359,0.00000,3541.43398,1662.00000,1534.00000,1738.00000
2000,Hesse,female,418,1015.45773,930.33367,1100.58179,434.21328,822.11227,1278.00000,0.00000,2543.68008,818.00000,767.00000,920.65000
2000,"Rhineland-Palatinate, Saarland",male,462,1685.45403,1610.64988,1760.25818,1230.99990,1584.80572,2045.00000,9.99975,3266.00015,1585.00000,1534.00000,1636.00000
2000,"Rhineland-Palatinate, Saarland",female,324,832.49344,775.51008,889.47680,379.05679,755.40498,1152.34383,0.00000,2312.27440,763.00000,664.92500,869.00000
2000,Baden-Wuerttemberg,male,1007,1876.74604,1804.78681,1948.70527,1278.00000,1636.00000,2205.54689,20.00000,3596.86723,1636.00000,1585.00000,1738.00000
2000,Baden-Wuerttemberg,female,737,869.89093,830.36681,909.41504,409.00000,848.00000,1227.00000,0.00000,2454.00000,848.00000,767.00000,881.35000
2000,Bavaria,male,1117,1813.38495,1750.92252,1875.84738,1268.90834,1585.00000,2147.00000,0.00000,3464.13750,1585.00000,1534.00000,1636.00000
2000,Bavaria,female,924,910.68922,872.07067,949.30776,433.89539,869.00000,1253.90264,0.00000,2483.91352,869.00000,767.00000,920.00000
2000,Berlin,male,243,1511.26830,1395.06509,1627.47151,1023.00000,1352.83614,1801.68423,0.00000,2969.71057,1352.00000,1278.00000,1432.00000
2000,Berlin,female,213,1156.80542,1076.23733,1237.37352,817.48348,1125.00000,1518.39066,61.00000,2569.75143,1125.00000,1073.47500,1278.00000
2000,Brandenburg,male,292,1243.58715,1163.31644,1323.85786,867.48001,1176.00000,1534.00000,89.00000,2533.77999,1176.00000,1125.00000,1228.12500
2000,Brandenburg,female,256,969.84959,910.32176,1029.37743,614.00000,934.90443,1329.00000,0.00000,2401.50000,935.00000,869.00000,1023.00000
2000,Mecklenburg-Western Pomerania,male,163,1288.17257,1164.57402,1411.77111,818.00000,1125.00000,1432.00000,100.00000,2353.00000,1125.00000,1023.00000,1227.00000
2000,Mecklenburg-Western Pomerania,female,170,863.82017,802.63295,925.00739,606.95101,890.81180,1090.57201,0.00000,1816.00349,889.00000,791.87500,927.10000
2000,Saxony,male,533,1240.03227,1171.18406,1308.88048,869.00000,1125.00000,1453.83793,0.00000,2331.09481,1125.00000,1055.80000,1176.00000
2000,Saxony,female,443,923.89327,875.93400,971.85254,567.58876,915.00000,1177.26398,0.00000,2091.77681,915.00000,830.87500,971.00000
2000,Saxony-Anhalt,male,287,1152.46064,1079.73166,1225.18962,818.00000,1069.41855,1380.96838,15.00000,2225.42094,1067.00000,978.80000,1125.00000
2000,Saxony-Anhalt,female,273,908.50091,847.91875,969.08308,550.19924,869.00000,1242.56726,0.00000,2281.11928,869.00000,818.00000,961.12500
2000,Thuringa,male,317,1110.01082,1048.50595,1171.51569,818.00000,1023.39640,1305.18745,87.21883,2035.96862,1023.00000,1012.00000,1074.00000
2000,Thuringa,female,258,902.67794,842.22623,963.12965,562.00000,818.00000,1176.00000,0.00000,2097.00000,818.00000,767.00000,920.00000
2001,Schleswig-Holstein,male,203,1783.42045,1632.36039,1934.48051,1176.00000,1534.00000,2133.77518,0.00000,3570.43794,1534.00000,1442.00000,1636.00000
2001,Schleswig-Holstein,female,172,932.96186,853.52273,1012.40100,560.92247,928.54079,1227.00000,128.00000,2226.11630,934.00000,797.25000,1074.00000
2001,Hamburg,male,82,1911.08031,1564.95208,2257.20853,1106.92233,1636.00000,2414.34987,153.00000,4375.49117,1636.00000,1497.62500,2045.00000
2001,Hamburg,female,79,1311.72343,1166.68725,1456.75962,750.38479,1333.81092,1579.90816,0.00000,2824.19322,1329.00000,1278.00000,1454.72500
2001,Lower Saxony,male,591,1703.96593,1626.09835,1781.83351,1227.00000,1585.00000,2045.00000,0.00000,3272.00000,1585.00000,1534.00000,1636.00000
2001,Lower Saxony,female,457,883.20811,834.53125,931.88498,460.00000,771.27257,1227.00000,0.00000,2377.50000,779.00000,716.00000,895.27500
2001,Bremen,male,46,1762.51941,1300.72874,2224.31007,1223.04638,1537.27766,1790.00000,372.61594,2640.43043,1534.00000,1380.00000,1738.00000
2001,Bremen,female,42,971.71246,772.03871,1171.38622,328.25648,885.09480,1565.43422,153.00000,2301.00000,869.00000,358.00000,1380.00000
2001,North Rhine-Westphalia,male,1484,1741.62703,1692.89789,1790.35616,1227.00000,1626.93816,2096.00000,0.00000,3399.50000,1628.00000,1546.67500,1660.05000
2001,North Rhine-Westphalia,female,1167,980.94588,942.91345,1018.97831,431.91704,895.49935,1380.00000,0.00000,2802.12444,896.00000,818.00000,956.37500
2001,Hesse,male,482,1923.19061,1822.60037,2023.78086,1274.34789,1662.00000,2301.00000,0.00000,3840.97816,1662.00000,1585.00000,1789.00000
2001,Hesse,female,384,1027.64102,952.44705,1102.83499,488.38581,916.31878,1376.33116,0.00000,2708.24918,917.00000,818.00000,997.17500
2001,"Rhineland-Palatinate, Saarland",male,420,1635.40846,1558.44111,1712.37581,1227.00000,1585.00000,2045.00000,0.00000,3272.00000,1585.00000,1534.00000,1636.00000
2001,"Rhineland-Palatinate, Saarland",female,312,839.52842,779.04980,900.00704,324.57023,716.00000,1214.08335,41.00000,2548.35303,716.00000,614.00000,869.00000
2001,Baden-Wuerttemberg,male,899,1851.10437,1780.12977,1922.07898,1278.00000,1687.00000,2224.64355,0.00000,3644.60888,1687.00000,1636.00000,1790.00000
2001,Baden-Wuerttemberg,female,678,936.19940,892.81565,979.58315,486.00000,869.00000,1278.00000,0.00000,2466.00000,869.00000,767.00000,946.00000
2001,Bavaria,male,990,1835.71137,1773.55039,1897.87234,1278.00000,1636.00000,2250.00000,0.00000,3708.00000,1636.00000,1585.00000,1738.00000
2001,Bavaria,female,864,962.75495,921.87573,1003.63417,445.00000,920.00000,1329.00000,0.00000,2655.00000,920.00000,818.00000,971.70000
2001,Berlin,male,247,1600.27829,1478.70744,1721.84915,1066.47096,1481.13522,1943.00000,0.00000,3257.79356,1483.00000,1329.00000,1534.00000
2001,Berlin,female,211,1157.94358,1067.18319,1248.70396,658.83275,1125.00000,1534.00000,89.00000,2846.75087,1125.00000,1047.40000,1227.00000
2001,Brandenburg,male,272,1246.25448,1160.30267,1332.20630,818.00000,1134.90292,1534.00000,0.00000,2608.00000,1138.00000,1048.00000,1278.00000
2001,Brandenburg,female,244,1031.81574,966.25383,1097.37764,665.00000,1023.00000,1354.27332,56.00000,2388.18330,1023.00000,920.00000,1137.00000
2001,Mecklenburg-Western Pomerania,male,143,1363.33734,1235.89357,1490.78111,920.00000,1176.00000,1534.00000,82.00000,2455.00000,1176.00000,1023.00000,1278.00000
2001,Mecklenburg-Western Pomerania,female,160,918.12210,848.51858,987.72562,614.00000,920.00000,1125.00000,0.00000,1891.50000,920.00000,831.00000,971.00000
2001,Saxony,male,478,1221.22051,1158.56871,1283.87232,869.00000,1125.00000,1458.28328,0.00000,2342.20819,1125.00000,1074.00000,1176.00000
2001,Saxony,female,417,984.29562,934.36870,1034.22253,665.00000,920.00000,1278.00000,0.00000,2197.50000,920.00000,869.00000,1023.00000
2001,Saxony-Anhalt,male,272,1185.03795,1104.99012,1265.08578,818.41446,1125.00000,1493.89936,34.00000,2507.12671,1125.00000,1023.00000,1207.00000
2001,Saxony-Anhalt,female,257,957.32446,891.90358,1022.74533,614.00000,920.00000,1278.00000,0.00000,2274.00000,920.00000,799.17500,1023.00000
2001,Thuringa,male,293,1156.05649,1094.77142,1217.34156,869.00000,1093.56009,1406.77438,62.33843,2213.43596,1097.00000,1048.00000,1174.00000
2001,Thuringa,female,228,919.51260,851.14885,987.87636,562.00000,867.41989,1176.00000,0.00000,2097.00000,869.00000,767.00000,920.00000
2002,Schleswig-Holstein,male,238,1819.26720,1674.47185,1964.06255,1200.00000,1600.00000,2287.94344,150.00000,3919.85861,1600.00000,1500.00000,1800.00000
2002,Schleswig-Holstein,female,199,910.75244,832.34735,989.15754,415.16018,881.11196,1270.00000,0.00000,2552.25973,874.00000,721.00000,1000.07500
2002,Hamburg,male,106,1777.94964,1544.76696,2011.13231,1009.18232,1578.96200,2453.58135,86.00000,4620.17991,1576.00000,1500.00000,1696.07500
2002,Hamburg,female,98,1261.95705,1111.07468,1412.83942,711.72397,1367.03928,1617.59800,0.00000,2976.40904,1374.00000,978.00000,1480.32500
2002,Lower Saxony,male,640,1791.60111,1709.92483,1873.27738,1248.31641,1647.14420,2100.00000,0.00000,3377.52539,1647.00000,1585.00000,1750.00000
2002,Lower Saxony,female,492,908.84152,852.90131,964.78172,400.00000,822.58157,1250.00000,0.00000,2525.00000,822.00000,700.00000,900.62500
2002,Bremen,male,48,2058.54119,1662.40857,2454.67380,1386.37188,1718.18013,2257.15302,335.00000,3563.32474,1700.00000,1534.00000,2100.00000
2002,Bremen,female,54,844.73384,654.55454,1034.91315,300.00000,555.71384,1226.92594,35.00000,2617.31485,550.00000,315.00000,1007.65000
2002,North Rhine-Westphalia,male,1562,1858.13014,1794.22273,1922.03755,1250.00000,1662.86023,2200.00000,0.00000,3625.00000,1663.00000,1617.85000,1700.00000
2002,North Rhine-Westphalia,female,1268,1002.87887,960.34344,1045.41429,399.95816,900.00000,1400.00000,0.00000,2900.06277,900.00000,815.92500,969.27500
2002,Hesse,male,542,2003.21814,1823.89987,2182.53640,1228.11263,1700.00000,2500.00000,0.00000,4407.83106,1700.00000,1600.00000,1850.85000
2002,Hesse,female,473,1055.47703,978.78570,1132.16836,450.00000,879.33662,1445.60905,0.00000,2939.02263,880.00000,723.97500,1000.00000
2002,"Rhineland-Palatinate, Saarland",male,423,1699.69737,1619.46078,1779.93396,1300.00000,1600.00000,2000.00000,250.00000,3050.00000,1600.00000,1500.00000,1700.00000
2002,"Rhineland-Palatinate, Saarland",female,345,853.70703,792.54534,914.86873,350.00000,680.65387,1237.24764,0.00000,2568.11910,675.00000,600.00000,808.00000
2002,Baden-Wuerttemberg,male,982,1907.65648,1830.37628,1984.93667,1300.00000,1700.00000,2267.48562,0.00000,3718.71406,1700.00000,1650.00000,1800.00000
2002,Baden-Wuerttemberg,female,742,919.27044,873.42749,965.11340,400.00000,850.00000,1300.00000,0.00000,2650.00000,850.00000,750.00000,940.00000
2002,Bavaria,male,1077,1914.51091,1837.39275,1991.62907,1257.86711,1696.71333,2300.00000,0.00000,3863.19934,1698.00000,1600.00000,1769.52500
2002,Bavaria,female,943,1030.05945,911.74806,1148.37084,416.99062,900.00000,1300.00000,0.00000,2624.51406,900.00000,800.00000,970.00000
2002,Berlin,male,260,1559.95276,1436.94901,1682.95651,996.65211,1449.70078,1996.85856,0.00000,3497.16824,1450.00000,1321.45000,1611.00000
2002,Berlin,female,224,1193.02499,1104.22847,1281.82150,800.00000,1150.00000,1587.12669,0.00000,2767.81673,1150.00000,1093.00000,1244.85000
2002,Brandenburg,male,258,1255.14415,1163.38430,1346.90399,800.00000,1200.00000,1559.98653,47.00000,2699.96631,1200.00000,1100.00000,1300.00000
2002,Brandenburg,female,243,1022.43140,948.68758,1096.17523,600.00000,1000.00000,1388.27320,0.00000,2570.68301,1000.00000,897.42500,1090.12500
2002,Mecklenburg-Western Pomerania,male,146,1313.17004,1183.17656,1443.16352,900.22116,1200.00000,1500.00000,0.55291,2399.66826,1200.00000,1100.00000,1300.00000
2002,Mecklenburg-Western Pomerania,female,156,974.64925,896.87329,1052.42521,664.43104,1000.00000,1250.00000,0.00000,2128.35344,1000.00000,888.52500,1050.07500
2002,Saxony,male,492,1248.96142,1170.99499,1326.92785,896.28315,1132.39085,1500.00000,50.00000,2405.57528,1134.00000,1049.25000,1200.00000
2002,Saxony,female,430,943.19182,892.85851,993.52512,582.53591,900.00000,1206.16428,30.00000,2141.60684,900.00000,817.80000,950.45000
2002,Saxony-Anhalt,male,259,1202.81858,1121.15349,1284.48367,850.00000,1091.23468,1500.00000,60.00000,2475.00000,1099.00000,1000.00000,1135.00000
2002,Saxony-Anhalt,female,249,1008.89575,935.75521,1082.03629,600.00000,971.35047,1300.00000,0.00000,2350.00000,970.00000,884.90000,1014.15000
2002,Thuringa,male,280,1240.03684,1170.45038,1309.62329,950.00000,1150.00000,1500.00000,125.00000,2325.00000,1150.00000,1100.00000,1250.00000
2002,Thuringa,female,226,932.75762,858.14241,1007.37282,535.72179,880.00000,1215.33599,0.00000,2234.75730,880.00000,789.87500,1000.00000
2003,Schleswig-Holstein,male,219,1772.32308,1618.09537,1926.55079,1032.44747,1529.87274,2192.90334,0.00000,3933.58714,1530.00000,1399.87500,1750.00000
2003,Schleswig-Holstein,female,180,851.36885,773.07881,929.65889,356.16329,796.48933,1200.00000,0.00000,2465.75507,790.00000,650.00000,900.00000
2003,Hamburg,male,97,1795.65152,1536.95617,2054.34688,1011.54770,1621.44492,2231.86884,0.00000,4062.35056,1647.00000,1303.00000,1786.10000
2003,Hamburg,female,81,1322.88795,1156.85968,1488.91622,750.00000,1400.00000,1678.36780,0.00000,3070.91951,1400.00000,1000.00000,1560.00000
2003,Lower Saxony,male,602,1805.14716,1720.59092,1889.70339,1200.00000,1665.27816,2200.00000,93.00000,3700.00000,1665.00000,1559.75000,1750.00000
2003,Lower Saxony,female,503,916.32983,863.54646,969.11319,412.94753,859.91501,1250.00000,0.00000,2505.57870,860.00000,730.00000,930.00000
2003,Bremen,male,48,2343.10182,987.48097,3698.72267,1500.00000,1748.57929,2200.00000,450.00000,3250.00000,1750.00000,1590.00000,2100.00000
2003,Bremen,female,49,950.16046,733.31025,1167.01068,325.00000,611.80325,1661.81694,124.00000,3200.00000,600.00000,346.00000,1300.00000
2003,North Rhine-Westphalia,male,1451,1897.82047,1831.23440,1964.40655,1297.48188,1700.00000,2300.00000,0.00000,3803.77717,1700.00000,1600.00000,1750.00000
2003,North Rhine-Westphalia,female,1208,1034.44331,987.31948,1081.56714,400.00000,900.00000,1440.31349,0.00000,3000.78373,900.00000,812.00000,980.00000
2003,Hesse,male,502,1883.94027,1781.49736,1986.38317,1200.00000,1700.00000,2360.00000,0.00000,4100.00000,1700.00000,1600.00000,1800.00000
2003,Hesse,female,427,1073.62205,991.36065,1155.88344,500.00000,900.00000,1500.00000,0.00000,3000.00000,900.00000,800.00000,1000.00000
2003,"Rhineland-Palatinate, Saarland",male,395,1770.11222,1667.86808,1872.35635,1200.00000,1601.43461,2092.68230,0.00000,3431.70576,1603.00000,1500.00000,1800.00000
2003,"Rhineland-Palatinate, Saarland",female,339,901.45074,824.93536,977.96613,379.90163,718.69106,1224.31782,55.00000,2490.94211,715.00000,620.00000,880.00000
2003,Baden-Wuerttemberg,male,922,1970.91350,1894.48335,2047.34366,1305.80687,1800.00000,2321.04214,50.00000,3843.89505,1800.00000,1750.00000,1900.00000
2003,Baden-Wuerttemberg,female,713,973.00173,925.00956,1020.99391,450.00000,900.00000,1338.16409,18.00000,2670.41023,900.00000,800.00000,1000.00000
2003,Bavaria,male,1002,1938.49040,1855.78776,2021.19305,1301.40949,1700.00000,2250.00000,0.00000,3672.88577,1700.00000,1600.00000,1800.00000
2003,Bavaria,female,927,1007.65955,962.49655,1052.82254,450.00000,960.00000,1353.10359,0.00000,2707.75898,960.00000,850.00000,1000.00000
2003,Berlin,male,247,1586.47140,1450.43774,1722.50506,1000.00000,1400.00000,2000.00000,0.00000,3500.00000,1400.00000,1264.62500,1590.25000
2003,Berlin,female,215,1181.76595,1078.84490,1284.68699,602.21924,1191.10169,1546.78065,0.00000,2963.62275,1194.00000,1083.90000,1300.00000
2003,Brandenburg,male,260,1269.56079,1176.98202,1362.13957,871.83097,1200.00000,1530.04521,0.00000,2517.36657,1200.00000,1088.52500,1300.00000
2003,Brandenburg,female,240,988.85450,917.39079,1060.31821,516.83026,1000.00000,1354.76759,0.00000,2611.67359,1000.00000,900.00000,1109.02500
2003,Mecklenburg-Western Pomerania,male,140,1312.19151,1182.32928,1442.05375,892.56508,1200.00000,1500.02750,146.00000,2411.22111,1200.00000,1100.00000,1300.00000
2003,Mecklenburg-Western Pomerania,female,145,943.31971,847.49057,1039.14886,500.00000,899.91090,1249.84410,0.00000,2374.61025,900.00000,701.00000,1011.00000
2003,Saxony,male,458,1259.40270,1191.99211,1326.81330,870.00000,1200.00000,1500.00000,0.00000,2445.00000,1200.00000,1100.00000,1250.00000
2003,Saxony,female,404,1024.36830,962.32615,1086.41045,664.13954,912.39747,1301.73387,0.00000,2258.12536,912.00000,869.70000,1000.00000
2003,Saxony-Anhalt,male,236,1294.18410,1192.24315,1396.12506,857.66729,1200.00000,1600.00000,0.00000,2713.49906,1200.00000,1100.00000,1300.00000
2003,Saxony-Anhalt,female,227,956.50372,881.54008,1031.46736,527.78333,901.44183,1300.00000,90.00000,2458.32500,900.00000,785.10000,1025.12500
2003,Thuringa,male,276,1270.18571,1194.92352,1345.44791,950.00000,1200.00000,1529.27496,81.08756,2398.18740,1200.00000,1103.00000,1300.00000
2003,Thuringa,female,238,911.03511,846.08308,975.98715,546.95203,850.00000,1132.70138,30.00000,2011.32541,850.00000,800.00000,1000.00000
2004,Schleswig-Holstein,male,199,1881.96333,1639.81510,2124.11156,1118.98966,1600.00000,2378.85604,0.00000,4268.65560,1600.00000,1450.00000,1940.25000
2004,Schleswig-Holstein,female,179,920.67257,842.33731,999.00783,444.89442,893.59203,1235.04369,40.00000,2420.26761,894.00000,796.00000,1050.00000
2004,Hamburg,male,86,1825.13911,1587.64281,2062.63541,1131.91386,1640.97886,2414.84491,270.00000,4339.24148,1600.00000,1364.62500,1908.07500
2004,Hamburg,female,81,1286.42447,1122.89693,1449.95202,626.10823,1283.84433,1768.42204,180.00000,3481.89274,1280.00000,1001.95000,1540.02500
2004,Lower Saxony,male,588,1812.62972,1729.80483,1895.45460,1270.87416,1691.58433,2200.00000,0.00000,3593.68876,1696.00000,1600.00000,1800.00000
2004,Lower Saxony,female,493,944.06296,888.76307,999.36285,405.11994,900.00000,1300.00000,0.00000,2642.32009,900.00000,700.00000,1000.00000
2004,Bremen,male,49,2059.83331,1662.78660,2456.88001,1446.42430,1805.89503,2419.76356,0.00000,3879.77246,1800.00000,1600.00000,2000.00000
2004,Bremen,female,46,1142.58574,909.04426,1376.12723,400.00000,1000.00000,1800.00000,124.00000,3900.00000,1000.00000,501.90000,1652.62500
2004,North Rhine-Westphalia,male,1401,1921.61074,1854.35762,1988.86387,1250.00944,1700.00000,2300.00000,0.00000,3874.98584,1700.00000,1650.00000,1750.00000
2004,North Rhine-Westphalia,female,1180,1032.22245,983.00734,1081.43757,400.00000,882.36886,1454.00000,0.00000,3035.00000,880.00000,800.00000,958.25000
2004,Hesse,male,471,2071.51224,1919.66551,2223.35898,1300.00000,1807.99021,2500.00000,0.00000,4300.00000,1808.00000,1700.00000,2000.00000
2004,Hesse,female,420,1072.38474,986.12251,1158.64697,487.73029,898.42611,1410.27192,0.00000,2794.08437,900.00000,800.00000,1000.25000
2004,"Rhineland-Palatinate, Saarland",male,396,1761.61560,1662.02228,1861.20891,1170.60488,1700.00000,2200.00000,70.00000,3744.09268,1700.00000,1600.00000,1800.00000
2004,"Rhineland-Palatinate, Saarland",female,324,917.83833,851.06154,984.61512,400.00000,800.00000,1300.00000,0.00000,2650.00000,800.00000,649.47500,924.65000
2004,Baden-Wuerttemberg,male,885,2048.74881,1953.32780,2144.16982,1320.00000,1813.93932,2400.00000,0.00000,4020.00000,1800.00000,1738.00000,1900.00000
2004,Baden-Wuerttemberg,female,681,965.15309,918.74210,1011.56408,422.88332,882.90861,1300.00000,0.00000,2615.67502,871.00000,800.00000,1000.00000
2004,Bavaria,male,966,1938.24942,1854.71157,2021.78728,1263.72318,1700.00000,2300.00000,0.00000,3854.41522,1700.00000,1606.00000,1793.17500
2004,Bavaria,female,882,1015.01617,968.39312,1061.63921,430.00000,985.14539,1400.00000,0.00000,2855.00000,990.00000,892.07500,1010.12500
2004,Berlin,male,252,1605.02489,1465.18070,1744.86908,948.41135,1500.00000,2000.00000,0.00000,3577.38297,1500.00000,1399.67500,1600.00000
2004,Berlin,female,215,1154.32043,1045.22486,1263.41599,476.68068,1142.79390,1600.00000,0.00000,3284.97898,1142.00000,1000.00000,1247.00000
2004,Brandenburg,male,237,1229.13361,1119.73179,1338.53543,807.10793,1110.00000,1500.00000,0.00000,2539.33810,1110.00000,950.00000,1200.00000
2004,Brandenburg,female,224,1036.37647,963.02331,1109.72963,623.29201,1053.88100,1356.63052,66.00000,2456.63828,1050.00000,950.00000,1139.27500
2004,Mecklenburg-Western Pomerania,male,142,1337.32629,1216.49023,1458.16235,942.76613,1300.00000,1600.00000,165.00000,2585.85080,1300.00000,1100.00000,1358.07500
2004,Mecklenburg-Western Pomerania,female,134,961.52170,868.58537,1054.45803,580.79951,911.20136,1228.57391,100.00000,2200.23551,900.00000,800.00000,1000.00000
2004,Saxony,male,436,1268.14792,1195.22276,1341.07309,862.81980,1200.00000,1600.00000,0.00000,2705.77030,1200.00000,1100.00000,1284.00000
2004,Saxony,female,431,1012.73326,956.22117,1069.24535,648.61952,946.01396,1300.00000,24.00000,2277.07072,938.00000,900.00000,1000.00000
2004,Saxony-Anhalt,male,238,1300.41853,1203.30916,1397.52790,872.74875,1300.00000,1697.25590,0.00000,2934.01662,1300.00000,1200.00000,1400.00000
2004,Saxony-Anhalt,female,235,944.81081,874.39883,1015.22279,520.00000,940.00000,1277.93532,0.00000,2414.83829,940.00000,750.00000,1017.07500
2004,Thuringa,male,270,1266.30409,1189.72895,1342.87922,970.18164,1227.66440,1500.00000,175.45409,2294.72755,1226.00000,1150.00000,1300.00000
2004,Thuringa,female,225,912.12059,838.89197,985.34920,504.66731,860.00000,1247.00181,0.00000,2360.50357,860.00000,791.70000,950.25000
2005,Schleswig-Holstein,male,187,1773.42041,1591.67436,1955.16646,1200.00000,1650.90925,2200.00000,0.00000,3700.00000,1665.00000,1500.00000,1900.00000
2005,Schleswig-Holstein,female,179,1077.70453,966.04234,1189.36672,600.00000,962.64001,1457.15352,0.00000,2742.88379,950.00000,800.00000,1100.00000
2005,Hamburg,male,87,1791.92979,1531.44977,2052.40981,1209.40715,1661.29552,2100.00000,210.00000,3435.88928,1650.00000,1305.00000,1800.00000
2005,Hamburg,female,74,1209.54179,1034.27417,1384.80941,651.41767,1252.57665,1628.00000,249.00000,3092.87350,1226.00000,799.50000,1500.00000
2005,Lower Saxony,male,530,1803.79814,1708.63649,1898.95979,1250.00000,1700.00000,2200.00000,42.00000,3625.00000,1700.00000,1600.00000,1800.27500
2005,Lower Saxony,female,472,928.32228,868.63831,988.00624,400.00000,810.63890,1263.51070,0.00000,2558.77676,812.00000,730.00000,950.00000
2005,Bremen,male,35,1936.38365,1626.47802,2246.28929,1438.08798,1894.55770,2304.90424,334.00000,3605.12864,1800.00000,1600.00000,2300.00000
2005,Bremen,female,43,1212.50151,961.91590,1463.08712,500.09462,1046.25209,1927.86205,130.00000,3300.00000,1053.00000,624.00000,1750.00000
2005,North Rhine-Westphalia,male,1332,1897.03792,1827.63449,1966.44134,1250.00000,1700.00000,2300.00000,0.00000,3875.00000,1700.00000,1700.00000,1800.00000
2005,North Rhine-Westphalia,female,1128,1070.05995,1021.23600,1118.88389,400.00000,900.00000,1450.00000,0.00000,3025.00000,900.00000,870.00000,998.05000
2005,Hesse,male,457,1920.91553,1800.41204,2041.41901,1200.00000,1700.00000,2341.80437,0.00000,4054.51094,1700.00000,1686.00000,1850.00000
2005,Hesse,female,397,1102.19712,1016.36732,1188.02691,462.45088,900.60805,1530.88828,66.00000,3133.54438,900.00000,800.00000,1074.40000
2005,"Rhineland-Palatinate, Saarland",male,361,1805.48542,1698.23676,1912.73408,1200.00000,1732.98651,2200.00000,0.00000,3700.00000,1743.00000,1600.00000,1800.00000
2005,"Rhineland-Palatinate, Saarland",female,335,922.76105,833.60228,1011.91982,400.00000,700.00000,1300.00000,0.00000,2650.00000,700.00000,550.00000,880.35000
2005,Baden-Wuerttemberg,male,825,2017.40196,1931.56983,2103.23408,1400.00000,1842.05744,2460.38337,0.00000,4050.95842,1846.00000,1800.00000,1900.00000
2005,Baden-Wuerttemberg,female,640,1005.82968,955.82628,1055.83309,452.96164,900.00000,1400.00000,0.00000,2820.55754,900.00000,800.00000,1000.00000
2005,Bavaria,male,905,2050.08064,1964.78245,2135.37882,1400.00000,1800.00000,2500.00000,0.00000,4150.00000,1800.00000,1750.00000,1900.00000
2005,Bavaria,female,872,1049.51195,997.82634,1101.19756,474.47135,980.00000,1400.00000,0.00000,2788.29298,980.00000,881.00000,1031.07500
2005,Berlin,male,227,1542.67372,1411.79036,1673.55708,941.47854,1420.00000,1900.00000,0.00000,3337.78218,1420.00000,1250.00000,1600.00000
2005,Berlin,female,196,1160.63723,1048.83691,1272.43754,585.99538,1100.58981,1651.09143,110.00000,3248.73550,1100.00000,900.00000,1200.00000
2005,Brandenburg,male,228,1319.87259,1207.68821,1432.05697,801.55361,1210.07932,1604.17589,0.00000,2808.10930,1210.00000,1050.00000,1392.20000
2005,Brandenburg,female,225,1050.76576,954.86070,1146.67082,648.02805,1000.00000,1409.96080,5.00000,2552.85992,1000.00000,895.85000,1100.00000
2005,Mecklenburg-Western Pomerania,male,131,1242.01672,1111.50422,1372.52923,774.40732,1200.00000,1523.90932,0.00000,2648.16233,1200.00000,1000.00000,1311.00000
2005,Mecklenburg-Western Pomerania,female,132,1004.58960,904.52457,1104.65462,638.29758,871.62300,1242.45886,0.00000,2148.70079,870.00000,720.00000,1020.00000
2005,Saxony,male,430,1264.45237,1191.52212,1337.38262,816.98117,1200.00000,1632.02859,0.00000,2854.59971,1200.00000,1123.00000,1300.00000
2005,Saxony,female,393,1004.02667,944.97568,1063.07766,600.00000,916.29398,1300.00000,0.00000,2350.00000,920.00000,850.00000,994.15000
2005,Saxony-Anhalt,male,237,1310.09184,1193.41762,1426.76606,855.49429,1200.00000,1767.35803,0.00000,3135.15365,1200.00000,1036.85000,1372.00000
2005,Saxony-Anhalt,female,222,979.97944,899.43229,1060.52660,538.24067,957.79679,1378.88814,82.00000,2639.85936,970.00000,820.00000,1083.42500
2005,Thuringa,male,234,1321.34947,1216.79760,1425.90133,944.21507,1200.00000,1600.00000,0.00000,2583.67739,1200.00000,1150.00000,1380.50000
2005,Thuringa,female,203,896.30649,825.84138,966.77161,531.46978,900.00000,1161.38061,0.00000,2106.24686,900.00000,800.00000,1000.00000
2006,Schleswig-Holstein,male,202,2028.71437,1776.18252,2281.24621,1198.79648,1700.00000,2600.00000,50.00000,4701.80528,1700.00000,1600.00000,1900.75000
2006,Schleswig-Holstein,female,172,981.23191,893.87014,1068.59369,549.20915,936.92767,1400.00000,0.00000,2676.18628,940.00000,778.00000,1060.00000
2006,Hamburg,male,86,1853.23589,1627.89455,2078.57723,1299.28905,1600.00000,2300.00000,100.00000,3801.06643,1600.00000,1500.00000,1780.00000
2006,Hamburg,female,73,1297.39899,1116.22140,1478.57658,762.88939,1368.01262,1778.51815,0.00000,3301.96128,1400.00000,1015.00000,1500.00000
2006,Lower Saxony,male,599,1773.33517,1682.10638,1864.56395,1200.00000,1650.00000,2134.73298,0.00000,3536.83245,1650.00000,1559.75000,1780.42500
2006,Lower Saxony,female,499,937.89061,880.93823,994.84300,400.00000,831.46549,1313.68771,0.00000,2684.21929,830.00000,750.00000,943.17500
2006,Bremen,male,36,2581.42709,199.78573,4963.06845,1198.31992,1850.91380,2307.63360,325.00000,3971.60413,1900.00000,1249.25000,2300.00000
2006,Bremen,female,40,1278.92486,1008.74301,1549.10671,400.00000,1177.60923,1974.64070,192.00000,3500.00000,1175.00000,400.00000,1900.00000
2006,North Rhine-Westphalia,male,1341,1924.49171,1827.46488,2021.51854,1250.00000,1720.31333,2291.96687,0.00000,3854.91718,1721.00000,1700.00000,1800.00000
2006,North Rhine-Westphalia,female,1167,1077.67132,1028.97671,1126.36594,400.41568,900.00000,1481.30731,0.00000,3102.64476,900.00000,850.00000,1000.00000
2006,Hesse,male,477,1894.39573,1776.55626,2012.23520,1100.00000,1700.00000,2484.76486,0.00000,4561.91215,1700.00000,1600.00000,1800.00000
2006,Hesse,female,432,1135.52522,1046.03521,1225.01522,450.00000,995.89126,1500.00000,0.00000,3075.00000,995.00000,800.00000,1022.35000
2006,"Rhineland-Palatinate, Saarland",male,383,1837.25904,1722.73524,1951.78284,1200.00000,1700.00000,2294.10360,0.00000,3935.25900,1700.00000,1583.67500,1800.00000
2006,"Rhineland-Palatinate, Saarland",female,357,941.63381,867.15090,1016.11672,400.00000,720.69796,1300.00000,0.00000,2650.00000,721.00000,614.97500,870.75000
2006,Baden-Wuerttemberg,male,877,2061.91950,1981.59311,2142.24590,1400.00000,1882.15574,2500.00000,0.00000,4150.00000,1876.00000,1800.00000,1990.25000
2006,Baden-Wuerttemberg,female,706,1039.39190,989.88081,1088.90300,470.54702,930.89497,1446.73944,0.00000,2911.02806,933.00000,850.00000,1060.00000
2006,Bavaria,male,971,2025.70547,1930.41105,2120.99990,1342.00000,1790.73219,2428.58299,0.00000,4058.45746,1794.00000,1700.00000,1850.00000
2006,Bavaria,female,915,1033.55879,983.50683,1083.61075,450.00000,930.00000,1412.60121,0.00000,2856.50303,930.00000,859.77500,1000.00000
2006,Berlin,male,225,1560.39854,1418.71267,1702.08440,860.84701,1405.47179,2000.00000,0.00000,3708.72949,1405.00000,1271.45000,1650.00000
2006,Berlin,female,227,1152.39878,1050.93419,1253.86337,574.41159,1100.00000,1550.00000,0.00000,3013.38262,1100.00000,974.12500,1200.60000
2006,Brandenburg,male,244,1382.18170,1265.54017,1498.82324,800.00000,1249.58823,1745.56418,0.00000,3163.91045,1250.00000,1100.00000,1400.00000
2006,Brandenburg,female,248,1035.86949,937.08965,1134.64933,507.31982,1000.00000,1400.00000,0.00000,2739.02027,1000.00000,909.00000,1100.35000
2006,Mecklenburg-Western Pomerania,male,132,1315.77657,1184.28591,1447.26724,874.45116,1253.73282,1660.41911,90.00000,2839.37102,1256.00000,1099.22500,1400.00000
2006,Mecklenburg-Western Pomerania,female,149,1070.12069,957.72008,1182.52131,700.00000,1000.00000,1300.00000,0.00000,2200.00000,1000.00000,899.75000,1100.00000
2006,Saxony,male,436,1233.51415,1163.12331,1303.90500,850.00000,1200.00000,1500.00000,0.00000,2475.00000,1200.00000,1100.00000,1240.25000
2006,Saxony,female,411,991.79049,933.44885,1050.13213,558.11984,939.40913,1300.00000,0.00000,2412.82023,940.00000,895.00000,1000.00000
2006,Saxony-Anhalt,male,236,1368.38264,1264.46592,1472.29936,922.50391,1283.59853,1700.00000,0.00000,2866.24414,1283.00000,1114.62500,1500.00000
2006,Saxony-Anhalt,female,232,993.39732,912.29846,1074.49619,499.94011,1000.00000,1400.00000,0.00000,2750.08984,1000.00000,815.85000,1100.00000
2006,Thuringa,male,263,1243.92388,1146.96966,1340.87810,900.00000,1200.00000,1492.25877,11.61184,2380.64693,1200.00000,1100.00000,1253.20000
2006,Thuringa,female,226,975.92046,903.81976,1048.02115,640.34086,913.15445,1270.00000,50.00000,2214.48870,914.00000,801.95000,1000.00000
2007,Schleswig-Holstein,male,180,1931.24980,1773.70717,2088.79242,1200.00000,1854.10888,2400.00000,134.00000,4200.00000,1850.00000,1500.00000,2000.00000
2007,Schleswig-Holstein,female,150,974.44410,883.98583,1064.90237,535.72827,946.80386,1383.88909,0.00000,2656.13032,950.00000,760.00000,1100.00000
2007,Hamburg,male,82,1946.15346,1703.03676,2189.27016,1329.05997,1689.17741,2264.57851,120.00000,3667.85631,1686.00000,1500.00000,1824.50000
2007,Hamburg,female,82,1255.46769,1111.49031,1399.44507,853.39852,1194.07712,1674.58174,145.00000,2906.35657,1200.00000,1035.00000,1478.00000
2007,Lower Saxony,male,570,1870.71058,1780.98754,1960.43362,1300.00000,1750.35248,2300.00000,0.00000,3800.00000,1750.00000,1679.25000,1827.00000
2007,Lower Saxony,female,485,957.60494,899.65967,1015.55021,400.00000,830.00000,1321.15864,0.00000,2702.89660,830.00000,753.90000,930.00000
2007,Bremen,male,36,1803.34306,1414.06161,2192.62451,1143.48074,1792.94695,2300.00000,68.00000,4034.77888,1800.00000,1200.00000,2300.00000
2007,Bremen,female,44,1190.73296,972.44327,1409.02265,504.55292,1216.90337,1854.00363,260.00000,3500.00000,1215.00000,700.00000,1850.00000
2007,North Rhine-Westphalia,male,1276,2011.92572,1920.26732,2103.58412,1250.16933,1780.00000,2300.00000,0.00000,3874.74601,1780.00000,1700.00000,1800.25000
2007,North Rhine-Westphalia,female,1121,1120.86237,1071.32121,1170.40352,449.15555,1000.00000,1514.97674,0.00000,3113.70851,1000.00000,921.00000,1050.00000
2007,Hesse,male,448,2027.52139,1881.43286,2173.60992,1280.00000,1800.00000,2502.06309,0.00000,4335.15772,1800.00000,1700.00000,1900.00000
2007,Hesse,female,405,1068.18953,972.44230,1163.93676,400.00000,800.00000,1500.00000,0.00000,3150.00000,800.00000,700.00000,1024.15000
2007,"Rhineland-Palatinate, Saarland",male,349,1929.01072,1806.92698,2051.09446,1250.00000,1788.40469,2400.00000,0.00000,4125.00000,1790.00000,1694.37500,1900.00000
2007,"Rhineland-Palatinate, Saarland",female,328,960.24000,887.13809,1033.34191,401.31378,800.00000,1258.60345,0.00000,2544.53797,800.00000,666.57500,941.22500
2007,Baden-Wuerttemberg,male,812,1996.47020,1918.71297,2074.22743,1400.00000,1900.00000,2500.00000,0.00000,4150.00000,1900.00000,1800.00000,2000.00000
2007,Baden-Wuerttemberg,female,650,1043.42084,989.09405,1097.74763,472.41082,900.00000,1400.00000,0.00000,2791.38378,900.00000,800.00000,1006.00000
2007,Bavaria,male,931,1948.64535,1873.28692,2024.00378,1300.00000,1700.00000,2324.62685,0.00000,3861.56712,1700.00000,1658.77500,1800.00000
2007,Bavaria,female,874,1036.74398,986.87179,1086.61618,432.65089,970.70995,1400.00000,0.00000,2851.02366,970.00000,831.00000,1009.52500
2007,Berlin,male,213,1549.86599,1416.21390,1683.51807,916.42555,1400.00000,2017.67849,0.00000,3669.55791,1400.00000,1200.00000,1640.25000
2007,Berlin,female,236,1154.32811,1064.06023,1244.59598,650.00000,1100.00000,1600.00000,0.00000,3025.00000,1100.00000,926.45000,1300.00000
2007,Brandenburg,male,223,1355.34115,1233.70763,1476.97467,820.74739,1200.00000,1800.00000,0.00000,3268.87891,1200.00000,1099.67500,1317.05000
2007,Brandenburg,female,219,1076.53457,977.57647,1175.49267,594.77803,1005.00488,1451.04997,0.00000,2735.45787,1007.00000,924.87500,1200.00000
2007,Mecklenburg-Western Pomerania,male,138,1293.10414,1158.89340,1427.31487,869.90401,1162.52541,1574.64596,100.00000,2631.75889,1163.00000,1000.00000,1400.00000
2007,Mecklenburg-Western Pomerania,female,145,1087.62428,987.50771,1187.74085,651.62685,1049.61402,1400.00000,118.00000,2522.55972,1050.00000,920.00000,1165.87500
2007,Saxony,male,438,1253.28037,1185.89042,1320.67033,890.00000,1200.00000,1550.00000,0.00000,2540.00000,1200.00000,1170.00000,1300.00000
2007,Saxony,female,405,947.32833,891.42951,1003.22716,508.95611,896.56175,1330.54830,0.00000,2562.93659,898.00000,820.00000,975.00000
2007,Saxony-Anhalt,male,238,1444.97580,1322.74498,1567.20662,950.00000,1322.97427,1849.71290,0.00000,3199.28225,1330.00000,1184.00000,1500.00000
2007,Saxony-Anhalt,female,224,1016.16692,926.04178,1106.29205,500.00000,1000.00000,1400.00000,0.00000,2750.00000,1000.00000,720.00000,1110.67500
2007,Thuringa,male,250,1240.97495,1146.08821,1335.86169,900.00000,1200.00000,1500.00000,0.00000,2400.00000,1200.00000,1049.85000,1300.00000
2007,Thuringa,female,228,1018.47923,945.11977,1091.83870,638.19933,977.82458,1300.00000,0.00000,2292.70101,975.00000,849.75000,1060.50000
2008,Schleswig-Holstein,male,153,1987.30412,1808.14662,2166.46162,1200.00000,1800.00000,2666.66282,135.00000,4866.65705,1800.00000,1573.12500,2000.00000
2008,Schleswig-Holstein,female,148,993.24295,886.47763,1100.00827,501.16788,899.44169,1400.00000,65.00000,2748.24817,900.00000,699.25000,1100.00000
2008,Hamburg,male,83,1967.09794,1744.15265,2190.04323,1307.44473,1680.26345,2469.92134,80.00000,4213.63625,1674.00000,1600.00000,1990.00000
2008,Hamburg,female,71,1320.92346,1123.17034,1518.67657,744.15127,1369.96277,1696.23066,0.00000,3124.34976,1380.00000,1050.00000,1529.00000
2008,Lower Saxony,male,534,1805.62365,1710.24245,1901.00484,1200.00000,1700.00000,2232.89344,0.00000,3782.23359,1700.00000,1515.85000,1800.00000
2008,Lower Saxony,female,460,986.13579,924.39972,1047.87186,400.00000,914.37947,1361.37584,0.00000,2803.43959,914.00000,815.00000,1000.00000
2008,Bremen,male,34,1893.64229,1400.24133,2387.04325,1196.22474,1800.00000,2332.22578,208.00000,4036.22734,1800.00000,1200.00000,2250.00000
2008,Bremen,female,43,1069.28364,797.16620,1341.40109,323.94194,926.54074,1681.73085,39.00000,3718.41422,913.00000,352.00000,1580.00000
2008,North Rhine-Westphalia,male,1195,1995.64532,1913.18540,2078.10524,1256.41630,1800.00000,2366.18553,0.00000,4030.83937,1800.00000,1720.00000,1860.00000
2008,North Rhine-Westphalia,female,1069,1065.01692,1016.53736,1113.49648,400.00000,867.17271,1452.15814,0.00000,3030.39535,860.00000,800.00000,1000.00000
2008,Hesse,male,416,2040.66948,1905.28109,2176.05787,1350.00000,1850.00000,2560.65900,0.00000,4376.64750,1850.00000,1800.00000,2000.00000
2008,Hesse,female,397,1114.30751,1021.29832,1207.31669,406.41254,937.03761,1500.00000,0.00000,3140.38118,960.00000,750.00000,1103.30000
2008,"Rhineland-Palatinate, Saarland",male,310,2000.44279,1849.56990,2151.31568,1300.00000,1800.00000,2304.11034,75.00000,3810.27586,1800.00000,1700.00000,1900.00000
2008,"Rhineland-Palatinate, Saarland",female,308,993.23419,909.86005,1076.60833,400.00000,807.00498,1325.20011,0.00000,2713.00028,805.00000,689.75000,960.00000
2008,Baden-Wuerttemberg,male,779,2046.31975,1957.92726,2134.71224,1400.00000,1900.00000,2500.00000,0.00000,4150.00000,1900.00000,1800.00000,2000.00000
2008,Baden-Wuerttemberg,female,646,1093.64819,1035.56267,1151.73371,496.53880,992.90290,1500.00000,0.00000,3005.19180,993.00000,800.00000,1100.00000
2008,Bavaria,male,873,2029.34339,1937.12553,2121.56124,1330.59660,1800.00000,2400.00000,0.00000,4004.10510,1800.00000,1700.00000,1800.00000
2008,Bavaria,female,822,1028.42039,978.16041,1078.68037,420.00000,939.59099,1400.00000,0.00000,2870.00000,950.00000,850.00000,1040.00000
2008,Berlin,male,199,1617.83629,1472.87304,1762.79954,942.02324,1400.00000,2200.00000,0.00000,4086.96513,1400.00000,1300.00000,1641.50000
2008,Berlin,female,228,1254.22639,1159.00738,1349.44539,734.20481,1213.11833,1650.00000,0.00000,3023.69278,1212.00000,1100.00000,1391.00000
2008,Brandenburg,male,202,1381.65813,1270.85443,1492.46183,913.17509,1281.21554,1700.00000,0.00000,2880.23737,1280.00000,1200.00000,1400.00000
2008,Brandenburg,female,200,1061.73963,971.87420,1151.60505,503.29698,993.59955,1500.00000,0.00000,2995.05453,997.00000,850.00000,1200.00000
2008,Mecklenburg-Western Pomerania,male,129,1363.54148,1222.93253,1504.15043,900.00000,1200.00000,1632.08785,0.00000,2730.21962,1200.00000,1093.00000,1400.00000
2008,Mecklenburg-Western Pomerania,female,128,1130.65870,1025.73057,1235.58682,673.14506,1200.00000,1400.00000,62.00000,2490.28241,1200.00000,950.00000,1287.00000
2008,Saxony,male,431,1277.28936,1207.14231,1347.43641,954.47924,1200.00000,1600.00000,0.00000,2568.28113,1200.00000,1100.00000,1300.00000
2008,Saxony,female,388,968.98946,909.62613,1028.35278,531.00000,950.00000,1389.18039,0.00000,2676.45096,950.00000,853.00000,1005.00000
2008,Saxony-Anhalt,male,236,1386.02913,1259.25031,1512.80795,900.00000,1200.00000,1800.00000,0.00000,3150.00000,1200.00000,1100.00000,1336.00000
2008,Saxony-Anhalt,female,223,931.03121,850.10239,1011.96004,444.94357,888.79964,1300.00000,0.00000,2582.58464,900.00000,649.00000,1050.00000
2008,Thuringa,male,230,1249.62314,1166.29148,1332.95480,920.00000,1200.00000,1510.86880,80.00000,2397.17200,1200.00000,1100.00000,1350.00000
2008,Thuringa,female,227,998.92247,930.56106,1067.28387,662.98158,991.20726,1353.26737,0.00000,2388.69605,988.00000,848.75000,1100.00000
2009,Schleswig-Holstein,male,142,1933.99988,1748.43147,2119.56828,1200.00000,1728.23723,2673.25146,70.00000,4883.12866,1730.00000,1600.00000,2000.00000
2009,Schleswig-Holstein,female,130,913.88830,807.38779,1020.38880,377.53455,925.27225,1301.23956,60.00000,2686.79707,920.00000,704.57500,1100.00000
2009,Hamburg,male,80,1849.20397,1628.69201,2069.71593,1275.09271,1600.00000,2300.00000,100.00000,3837.36094,1600.00000,1300.00000,1800.00000
2009,Hamburg,female,77,1460.91274,1278.50792,1643.31757,1014.23997,1470.53887,1800.00000,32.00000,2978.64004,1477.00000,1230.00000,1700.00000
2009,Lower Saxony,male,496,1797.57754,1702.14218,1893.01291,1116.57201,1700.00000,2364.42940,0.00000,4236.21548,1700.00000,1579.90000,1880.00000
2009,Lower Saxony,female,440,1064.98795,1002.43022,1127.54569,538.68182,993.65252,1423.54209,0.00000,2750.83250,1000.00000,819.00000,1100.00000
2009,Bremen,male,,,,,,,,,,,,
2009,Bremen,female,34,1160.88950,895.53559,1426.24342,445.21652,969.76059,1800.00000,187.00000,3832.17523,940.00000,495.00000,1800.00000
2009,North Rhine-Westphalia,male,1095,1992.61158,1908.27183,2076.95133,1250.00000,1800.00000,2400.00000,0.00000,4125.00000,1800.00000,1700.00000,1900.00000
2009,North Rhine-Westphalia,female,996,1106.65351,1053.55998,1159.74703,400.00000,920.00000,1501.12499,0.00000,3152.81248,920.00000,840.00000,1040.15000
2009,Hesse,male,389,2028.81120,1879.63331,2177.98909,1108.47481,1800.00000,2620.26333,0.00000,4887.94610,1800.00000,1600.00000,2000.00000
2009,Hesse,female,374,1191.09566,1080.95840,1301.23293,443.41855,1000.00000,1501.82051,0.00000,3089.42346,1000.00000,840.00000,1102.70000
2009,"Rhineland-Palatinate, Saarland",male,296,1997.39440,1862.90908,2131.87971,1386.81665,1900.00000,2300.00000,17.04162,3669.77503,1900.00000,1800.00000,2000.00000
2009,"Rhineland-Palatinate, Saarland",female,287,1016.77897,934.52461,1099.03334,400.00000,899.52206,1390.09716,0.00000,2875.24291,895.00000,770.00000,1000.00000
2009,Baden-Wuerttemberg,male,684,2127.40946,2017.24384,2237.57507,1403.82710,1939.79970,2600.00000,0.00000,4394.25936,1940.00000,1800.00000,2000.25000
2009,Baden-Wuerttemberg,female,588,1085.41858,1024.90023,1145.93694,478.00000,1000.00000,1500.00000,0.00000,3033.00000,1000.00000,800.00000,1110.00000
2009,Bavaria,male,792,2038.01686,1945.70236,2130.33135,1362.98803,1800.00000,2400.00000,0.00000,3955.51796,1800.00000,1700.00000,1900.50000
2009,Bavaria,female,792,1127.95064,1071.15277,1184.74852,500.00000,1005.17861,1525.96545,0.00000,3064.91363,1005.00000,910.00000,1100.00000
2009,Berlin,male,188,1611.23816,1444.98566,1777.49066,858.93958,1400.00000,2000.00000,0.00000,3711.59064,1400.00000,1248.75000,1600.00000
2009,Berlin,female,219,1262.48434,1149.15120,1375.81749,600.21989,1200.00000,1700.00000,0.00000,3349.67017,1200.00000,1090.00000,1400.00000
2009,Brandenburg,male,200,1510.31645,1364.57091,1656.06198,984.09547,1400.00000,2000.00000,0.00000,3523.85680,1400.00000,1215.00000,1599.00000
2009,Brandenburg,female,204,1283.58598,1048.61050,1518.56147,606.55215,1200.00000,1600.00000,0.00000,3090.17177,1200.00000,1060.00000,1342.57500
2009,Mecklenburg-Western Pomerania,male,122,1416.78004,1269.60587,1563.95422,932.91883,1416.19929,1718.31187,101.00000,2896.40144,1420.00000,1100.00000,1502.45000
2009,Mecklenburg-Western Pomerania,female,131,1041.48018,941.63103,1141.32933,600.00000,1001.71102,1340.52574,40.00000,2451.31434,1005.00000,756.00000,1109.00000
2009,Saxony,male,406,1352.61076,1276.27914,1428.94238,900.00000,1250.00000,1700.00000,0.00000,2900.00000,1250.00000,1200.00000,1400.00000
2009,Saxony,female,371,984.91401,926.34140,1043.48663,600.00000,897.04372,1316.71175,0.00000,2391.77938,895.00000,800.00000,1000.00000
2009,Saxony-Anhalt,male,215,1413.69185,1275.63144,1551.75225,800.00000,1250.00000,1994.99188,0.00000,3787.47970,1250.00000,1159.75000,1500.00000
2009,Saxony-Anhalt,female,203,1094.70919,991.79699,1197.62140,559.72089,987.93763,1500.00000,0.00000,2910.41867,996.00000,801.95000,1200.00000
2009,Thuringa,male,216,1355.95700,1268.57176,1443.34225,1000.00000,1223.10885,1686.49850,0.00000,2716.24624,1216.00000,1110.00000,1480.00000
2009,Thuringa,female,211,1008.86186,929.19374,1088.52998,529.90122,1000.00000,1400.00000,0.00000,2705.14817,1000.00000,800.00000,1150.00000
2010,Schleswig-Holstein,male,217,2146.25508,1927.82491,2364.68524,1408.98498,1900.00000,2699.40112,0.00000,4635.02532,1900.00000,1750.00000,2114.90000
2010,Schleswig-Holstein,female,189,994.44648,884.95071,1103.94225,400.00000,829.05311,1376.45559,0.00000,2841.13897,828.00000,600.00000,1001.25000
2010,Hamburg,male,124,2034.57066,1785.95983,2283.18148,1180.92197,1642.56368,2780.66705,100.00000,5180.28467,1650.00000,1448.75000,2201.25000
2010,Hamburg,female,105,1764.35792,1489.58346,2039.13238,989.52212,1441.82262,1934.30224,145.00000,3351.47243,1430.00000,1224.00000,1825.15000
2010,Lower Saxony,male,667,1869.26032,1781.10723,1957.41341,1300.00000,1780.00000,2300.00000,0.00000,3800.00000,1780.00000,1600.00000,1900.00000
2010,Lower Saxony,female,625,1091.24436,1034.48499,1148.00373,498.21437,1038.38559,1500.00000,0.00000,3002.67844,1040.00000,949.75000,1180.05000
2010,Bremen,male,42,2641.36134,1565.94460,3716.77808,1456.68633,2000.00000,2600.00000,600.00000,4314.97050,2000.00000,1300.00000,2600.00000
2010,Bremen,female,49,1250.55783,1026.15969,1474.95597,400.00000,1205.31192,1752.57486,100.00000,3781.43715,1200.00000,875.07500,1700.00000
2010,North Rhine-Westphalia,male,1541,2004.48846,1936.33782,2072.63909,1300.00000,1900.00000,2483.70945,0.00000,4259.27361,1900.00000,1800.00000,1920.00000
2010,North Rhine-Westphalia,female,1300,1154.40142,1107.43841,1201.36444,416.50626,997.99116,1600.00000,0.00000,3375.24061,998.00000,900.00000,1070.00000
2010,Hesse,male,544,2128.72459,1991.90179,2265.54738,1200.00000,1900.00000,2626.23095,0.00000,4765.57738,1900.00000,1759.75000,2000.00000
2010,Hesse,female,478,1237.69143,1141.88058,1333.50228,509.34292,1060.00000,1500.00000,0.00000,2985.98562,1060.00000,900.00000,1200.00000
2010,"Rhineland-Palatinate, Saarland",male,428,2140.82737,2002.20394,2279.45081,1350.00000,1900.00000,2454.67067,0.00000,4111.67668,1900.00000,1783.00000,2000.77500
2010,"Rhineland-Palatinate, Saarland",female,375,1063.45847,985.39246,1141.52447,400.00000,907.62941,1500.00000,0.00000,3150.00000,912.00000,800.00000,1100.00000
2010,Baden-Wuerttemberg,male,989,2122.73668,2046.83707,2198.63628,1500.00000,1936.53837,2500.00000,0.00000,4000.00000,1935.00000,1850.00000,2000.00000
2010,Baden-Wuerttemberg,female,812,1117.31647,1065.61384,1169.01911,532.61112,984.86386,1580.00000,0.00000,3151.08332,990.00000,824.87500,1200.00000
2010,Bavaria,male,1127,2047.68304,1967.79667,2127.56941,1400.00000,1800.00000,2500.00000,0.00000,4150.00000,1800.00000,1719.75000,1952.00000
2010,Bavaria,female,1092,1255.15575,1172.33896,1337.97255,495.39721,1025.59233,1613.70970,0.00000,3291.17843,1034.00000,900.00000,1108.00000
2010,Berlin,male,246,1551.22867,1405.58125,1696.87608,828.00759,1427.71228,1925.09439,0.00000,3570.72459,1432.00000,1249.25000,1651.00000
2010,Berlin,female,276,1218.67697,1119.33803,1318.01591,599.00000,1200.00000,1734.14995,0.00000,3436.87486,1200.00000,1001.00000,1280.00000
2010,Brandenburg,male,248,1533.18841,1415.51348,1650.86333,959.93852,1400.00000,2095.65610,0.00000,3799.23248,1400.00000,1172.82500,1616.00000
2010,Brandenburg,female,252,1376.80334,1139.12898,1614.47770,718.41968,1150.07706,1600.00000,0.00000,2922.37048,1150.00000,941.00000,1300.50000
2010,Mecklenburg-Western Pomerania,male,165,1454.98481,1325.51646,1584.45317,955.67797,1350.00000,1900.00000,0.00000,3316.48304,1350.00000,1194.47500,1503.00000
2010,Mecklenburg-Western Pomerania,female,173,993.65645,890.25678,1097.05612,570.33487,1000.00000,1258.37172,0.00000,2290.42700,1000.00000,730.00000,1100.00000
2010,Saxony,male,514,1393.10488,1319.32023,1466.88953,900.00000,1300.00000,1800.00000,0.00000,3150.00000,1300.00000,1200.00000,1450.00000
2010,Saxony,female,455,1037.37796,980.20687,1094.54904,619.46111,987.02546,1382.67830,0.00000,2527.50409,989.00000,859.75000,1100.00000
2010,Saxony-Anhalt,male,245,1408.56116,1273.40542,1543.71689,780.88468,1200.00000,1800.00000,0.00000,3328.67298,1200.00000,1100.00000,1480.00000
2010,Saxony-Anhalt,female,261,1119.95566,1024.89043,1215.02089,501.99348,1000.00000,1600.00000,0.00000,3247.00978,1000.00000,749.97500,1282.30000
2010,Thuringa,male,276,1512.25504,1375.14285,1649.36722,900.00000,1350.00000,1800.00000,0.00000,3150.00000,1350.00000,1200.00000,1600.00000
2010,Thuringa,female,272,1122.82683,1042.65808,1202.99558,717.66119,1107.60612,1500.00000,0.00000,2673.50822,1100.00000,997.00000,1200.00000
2011,Schleswig-Holstein,male,289,1918.96799,1783.87293,2054.06305,1300.00000,1800.00000,2500.00000,0.00000,4300.00000,1800.00000,1612.00000,2000.00000
2011,Schleswig-Holstein,female,284,1153.39647,1067.76260,1239.03035,555.98524,1050.00000,1537.49884,0.00000,3009.76925,1050.00000,900.00000,1300.00000
2011,Hamburg,male,133,2027.03075,1806.76307,2247.29842,1380.38277,1674.68641,2500.00000,0.00000,4179.42584,1676.00000,1550.00000,1860.70000
2011,Hamburg,female,120,1618.03956,1388.31413,1847.76499,971.79723,1418.20472,1900.00000,120.00000,3292.30415,1450.00000,1019.50000,1702.50000
2011,Lower Saxony,male,789,1944.68253,1851.56864,2037.79641,1200.00000,1763.27204,2434.58497,0.00000,4286.46242,1766.00000,1628.67500,1800.00000
2011,Lower Saxony,female,780,1144.25907,1092.76586,1195.75228,550.00000,1100.00000,1562.89706,0.00000,3082.24264,1100.00000,1000.00000,1200.00000
2011,Bremen,male,44,1783.93245,1432.52575,2135.33915,1257.16849,1794.41408,2235.83197,100.00000,3703.82718,1800.00000,1300.00000,2000.00000
2011,Bremen,female,59,1108.40320,918.96147,1297.84493,400.00000,1087.81559,1670.80564,80.00000,3577.01410,1100.00000,560.00000,1300.07500
2011,North Rhine-Westphalia,male,1712,2065.57493,1998.57517,2132.57469,1250.00000,1850.00000,2543.90012,0.00000,4484.75031,1850.00000,1800.00000,1900.00000
2011,North Rhine-Westphalia,female,1650,1155.30412,1114.98727,1195.62097,400.00000,1000.00000,1600.00000,0.00000,3400.00000,1000.00000,950.00000,1100.00000
2011,Hesse,male,619,2284.86547,2136.08245,2433.64849,1350.00000,1971.50476,2783.59672,0.00000,4933.99181,1970.00000,1800.00000,2100.00000
2011,Hesse,female,618,1297.05936,1214.73686,1379.38186,515.52754,1100.00000,1760.00000,0.00000,3626.70870,1100.00000,929.85000,1250.12500
2011,"Rhineland-Palatinate, Saarland",male,487,2047.21102,1947.40216,2147.01988,1400.00000,2000.00000,2500.00000,0.00000,4150.00000,2000.00000,1800.00000,2100.00000
2011,"Rhineland-Palatinate, Saarland",female,482,1100.18969,1033.86171,1166.51767,469.03221,977.15212,1500.00000,0.00000,3046.45168,975.00000,880.00000,1100.00000
2011,Baden-Wuerttemberg,male,1168,2319.80339,2228.39114,2411.21563,1580.00000,2000.00000,2808.88151,0.00000,4652.20378,2000.00000,1975.85000,2100.00000
2011,Baden-Wuerttemberg,female,1057,1211.41488,1165.40661,1257.42316,600.00000,1135.67685,1652.30187,0.00000,3230.75467,1135.00000,1100.00000,1200.00000
2011,Bavaria,male,1373,2099.34490,2029.27067,2169.41913,1400.00000,1900.00000,2600.00000,0.00000,4400.00000,1900.00000,1800.00000,2000.00000
2011,Bavaria,female,1424,1191.80675,1147.27576,1236.33775,530.00000,1099.09928,1600.00000,0.00000,3205.00000,1100.00000,1000.00000,1130.00000
2011,Berlin,male,261,1654.73081,1512.05530,1797.40631,910.40898,1500.00000,2100.00000,0.00000,3884.38653,1500.00000,1324.70000,1635.00000
2011,Berlin,female,319,1327.10586,1232.14801,1422.06371,750.00000,1250.00000,1761.66055,0.00000,3279.15138,1250.00000,1100.00000,1400.00000
2011,Brandenburg,male,297,1463.14107,1356.33550,1569.94665,900.00000,1310.82757,1871.92580,0.00000,3329.81450,1312.00000,1150.00000,1500.00000
2011,Brandenburg,female,333,1218.85952,1144.63008,1293.08897,800.00000,1177.11603,1620.00000,0.00000,2850.00000,1178.00000,1079.25000,1300.00000
2011,Mecklenburg-Western Pomerania,male,177,1522.11402,1391.35093,1652.87711,1002.30781,1407.30788,2000.00000,0.00000,3496.53829,1400.00000,1249.32500,1605.80000
2011,Mecklenburg-Western Pomerania,female,180,988.78244,881.26237,1096.30251,550.28759,834.03978,1337.11697,0.00000,2517.36103,850.00000,630.00000,1056.00000
2011,Saxony,male,554,1412.66534,1341.58663,1483.74406,910.76356,1300.00000,1800.00000,0.00000,3133.85466,1300.00000,1200.00000,1400.00000
2011,Saxony,female,529,1091.50099,1041.61187,1141.39010,700.00000,1038.79725,1438.47743,0.00000,2546.19358,1043.00000,911.00000,1104.00000
2011,Saxony-Anhalt,male,299,1517.70180,1400.11247,1635.29114,991.24531,1355.68317,1989.53687,0.00000,3486.97422,1358.00000,1198.90000,1500.00000
2011,Saxony-Anhalt,female,315,1134.70742,1054.29271,1215.12214,550.00000,1060.00000,1700.00000,0.00000,3425.00000,1060.00000,900.00000,1300.00000
2011,Thuringa,male,314,1434.82291,1344.47456,1525.17126,1000.00000,1300.00000,1800.00000,0.00000,3000.00000,1300.00000,1200.00000,1500.00000
2011,Thuringa,female,338,1110.54186,1032.84602,1188.23769,615.80349,1021.85249,1600.00000,15.00000,3076.29477,1030.00000,850.00000,1197.00000
2012,Schleswig-Holstein,male,282,1951.96436,1797.53190,2106.39681,1385.55895,1800.00000,2495.83657,0.00000,4161.25300,1800.00000,1649.80000,2000.00000
2012,Schleswig-Holstein,female,309,1060.59551,967.16482,1154.02620,400.00000,850.02172,1500.00000,0.00000,3150.00000,850.00000,649.62500,1178.45000
2012,Hamburg,male,126,2166.40454,1957.54021,2375.26887,1600.00000,1882.80254,2800.00000,140.00000,4600.00000,1800.00000,1700.00000,2415.00000
2012,Hamburg,female,131,1769.89113,1476.97190,2062.81037,800.00000,1497.35629,2164.71318,40.00000,4211.78295,1480.00000,1100.00000,1914.00000
2012,Lower Saxony,male,763,1989.70107,1905.72062,2073.68152,1300.00000,1800.00000,2579.18813,0.00000,4497.97032,1800.00000,1800.00000,2000.00000
2012,Lower Saxony,female,776,1163.18057,1107.97049,1218.39065,500.00000,1100.00000,1600.00000,0.00000,3250.00000,1100.00000,963.90000,1193.17500
2012,Bremen,male,49,1733.12093,1374.66574,2091.57612,1071.11059,1697.41975,2153.52125,0.00000,3777.13724,1700.00000,1098.75000,1950.00000
2012,Bremen,female,64,1387.17125,1166.58873,1607.75377,656.45358,1244.18030,2396.49129,100.00000,4100.00000,1200.00000,700.00000,2300.00000
2012,North Rhine-Westphalia,male,1673,2050.17963,1980.93765,2119.42161,1300.00000,1900.00000,2579.64137,0.00000,4499.10342,1900.00000,1800.00000,1950.00000
2012,North Rhine-Westphalia,female,1662,1200.72183,1156.72090,1244.72275,440.71053,1028.78813,1635.68308,0.00000,3428.14189,1030.00000,954.97500,1100.00000
2012,Hesse,male,586,2305.17944,2148.05087,2462.30801,1300.00000,1986.68122,3000.00000,0.00000,5550.00000,1990.00000,1800.00000,2100.00000
2012,Hesse,female,602,1350.68277,1264.71310,1436.65245,600.00000,1200.00000,1800.00000,0.00000,3600.00000,1200.00000,1049.95000,1300.00000
2012,"Rhineland-Palatinate, Saarland",male,476,2079.97552,1970.39196,2189.55908,1400.00000,2000.00000,2531.27566,0.00000,4228.18915,2000.00000,1850.00000,2100.00000
2012,"Rhineland-Palatinate, Saarland",female,464,1117.76093,1055.34063,1180.18123,596.62402,1100.00000,1539.59314,0.00000,2954.04682,1100.00000,921.00000,1150.00000
2012,Baden-Wuerttemberg,male,1101,2287.29447,2198.92392,2375.66503,1600.00000,2100.00000,2800.00000,0.00000,4600.00000,2100.00000,2000.00000,2200.00000
2012,Baden-Wuerttemberg,female,1033,1210.19100,1148.16021,1272.22178,574.26803,1140.00000,1600.00000,0.00000,3138.59795,1140.00000,1040.00000,1200.00000
2012,Bavaria,male,1356,2112.32902,2038.18191,2186.47613,1400.00000,1900.00000,2515.11742,0.00000,4187.79355,1900.00000,1800.00000,1980.00000
2012,Bavaria,female,1433,1192.28531,1150.09010,1234.48052,550.00000,1100.00000,1650.00000,0.00000,3300.00000,1100.00000,999.92500,1150.00000
2012,Berlin,male,279,1739.44733,1598.21568,1880.67899,1000.00000,1500.00000,2100.00000,0.00000,3750.00000,1500.00000,1398.75000,1800.00000
2012,Berlin,female,319,1501.60552,1394.59030,1608.62074,900.00000,1350.49242,1858.02113,0.00000,3295.05283,1351.00000,1200.00000,1500.00000
2012,Brandenburg,male,273,1521.61585,1407.83134,1635.40035,1000.00000,1386.73988,1900.00000,0.00000,3250.00000,1362.00000,1200.00000,1450.57500
2012,Brandenburg,female,322,1377.55894,1170.00566,1585.11223,700.00000,1200.00000,1549.06324,0.00000,2822.65811,1200.00000,1099.50000,1300.35000
2012,Mecklenburg-Western Pomerania,male,176,1480.63374,1351.78996,1609.47751,1000.41909,1450.00000,1879.40299,0.00000,3197.87882,1450.00000,1300.00000,1646.00000
2012,Mecklenburg-Western Pomerania,female,185,1083.92154,969.69123,1198.15184,600.00000,938.99779,1400.00000,0.00000,2600.00000,938.00000,729.00000,1102.50000
2012,Saxony,male,561,1436.83799,1367.98363,1505.69235,982.52845,1300.00000,1800.23108,0.00000,3026.78502,1300.00000,1223.00000,1400.50000
2012,Saxony,female,533,1143.07318,1088.79764,1197.34871,712.30166,1100.00000,1500.00000,0.00000,2681.54751,1100.00000,1000.00000,1200.00000
2012,Saxony-Anhalt,male,275,1525.30060,1377.74089,1672.86030,931.69955,1300.00000,2069.94235,0.00000,3777.30654,1300.00000,1169.50000,1550.75000
2012,Saxony-Anhalt,female,309,1216.80272,1124.23806,1309.36738,578.26339,1100.00000,1717.97277,0.00000,3427.53684,1100.00000,1000.00000,1300.00000
2012,Thuringa,male,301,1518.72047,1424.57886,1612.86208,1100.00000,1500.00000,1950.56924,0.00000,3226.42311,1500.00000,1310.00000,1600.00000
2012,Thuringa,female,317,1193.58944,1113.82330,1273.35559,700.00000,1100.00000,1700.00000,0.00000,3200.00000,1100.00000,1020.00000,1200.27500
2013,Schleswig-Holstein,male,312,2141.49405,2015.38765,2267.60044,1500.00000,1936.81348,2700.00000,0.00000,4500.00000,1920.00000,1800.00000,2100.00000
2013,Schleswig-Holstein,female,328,1121.89478,1038.07902,1205.71055,450.00000,988.60928,1527.17093,0.00000,3142.92732,995.00000,766.82500,1200.00000
2013,Hamburg,male,173,2188.78967,1998.96848,2378.61086,1500.00000,1800.00000,2686.73167,0.00000,4466.82917,1800.00000,1700.00000,2200.00000
2013,Hamburg,female,178,1489.26725,1334.92111,1643.61338,631.24532,1300.00000,2050.08926,0.00000,4178.35517,1300.00000,1180.00000,1560.57500
2013,Lower Saxony,male,872,1966.85714,1882.12596,2051.58832,1200.00000,1800.00000,2576.53662,0.00000,4641.34156,1800.00000,1800.00000,1982.15000
2013,Lower Saxony,female,895,1201.33394,1145.91258,1256.75529,540.00000,1080.00000,1666.44884,0.00000,3356.12209,1080.00000,1000.00000,1200.00000
2013,Bremen,male,59,1675.09113,1398.37627,1951.80599,944.11613,1444.03101,2172.08122,150.00000,4014.02885,1440.00000,998.75000,2000.00000
2013,Bremen,female,76,1460.88063,1247.83512,1673.92614,600.00000,1300.00000,2378.34143,0.00000,4800.00000,1300.00000,850.00000,2400.00000
2013,North Rhine-Westphalia,male,1973,2134.89465,2066.21504,2203.57426,1300.00000,1900.00000,2700.00000,0.00000,4800.00000,1900.00000,1800.00000,2000.00000
2013,North Rhine-Westphalia,female,1970,1211.36093,1171.32628,1251.39558,484.14714,1050.00000,1681.46814,0.00000,3477.44963,1050.00000,950.00000,1100.67500
2013,Hesse,male,721,2288.85193,2147.76647,2429.93740,1350.00000,1910.47954,2900.00000,0.00000,5225.00000,1900.00000,1800.00000,2100.00000
2013,Hesse,female,709,1343.36432,1268.59453,1418.13411,546.30386,1240.00000,1800.00000,0.00000,3680.54421,1240.00000,1119.47500,1360.50000
2013,"Rhineland-Palatinate, Saarland",male,573,2055.53807,1935.88148,2175.19466,1250.00000,1821.59156,2400.00000,0.00000,4125.00000,1816.00000,1700.00000,2000.00000
2013,"Rhineland-Palatinate, Saarland",female,551,1155.94883,1095.08486,1216.81280,550.00000,1050.95252,1624.50592,0.00000,3236.26480,1050.00000,900.00000,1200.00000
2013,Baden-Wuerttemberg,male,1273,2321.33193,2226.24081,2416.42305,1500.00000,2000.00000,2892.33164,0.00000,4980.82910,2000.00000,1999.75000,2100.00000
2013,Baden-Wuerttemberg,female,1239,1221.63094,1174.61503,1268.64686,550.00000,1100.00000,1700.00000,0.00000,3425.00000,1100.00000,956.00000,1200.00000
2013,Bavaria,male,1540,2234.65873,2163.79016,2305.52731,1450.00000,2000.00000,2798.11654,0.00000,4820.29135,2000.00000,1900.00000,2080.07500
2013,Bavaria,female,1657,1239.12015,1196.68328,1281.55702,575.77951,1118.16808,1650.00000,0.00000,3261.33074,1118.00000,1029.87500,1200.00000
2013,Berlin,male,325,1657.60086,1531.72786,1783.47386,825.25142,1547.56656,2199.69144,0.00000,4261.35146,1550.00000,1350.00000,1651.25000
2013,Berlin,female,365,1461.93828,1358.81291,1565.06365,877.99577,1371.24946,1900.00000,0.00000,3433.00635,1372.00000,1200.00000,1500.00000
2013,Brandenburg,male,288,1469.16992,1359.80438,1578.53547,900.00000,1250.00000,1900.00000,0.00000,3400.00000,1250.00000,1200.00000,1400.00000
2013,Brandenburg,female,323,1405.39208,1235.42660,1575.35756,800.00000,1300.00000,1700.00000,0.00000,3050.00000,1300.00000,1200.00000,1450.00000
2013,Mecklenburg-Western Pomerania,male,163,1480.46848,1345.00071,1615.93624,976.75199,1405.30899,1929.73170,0.00000,3359.20127,1400.00000,1200.00000,1652.00000
2013,Mecklenburg-Western Pomerania,female,186,1090.94707,984.39425,1197.49988,605.40807,987.69133,1444.04624,0.00000,2702.00350,997.00000,799.65000,1195.00000
2013,Saxony,male,559,1479.94692,1411.11407,1548.77977,1000.00000,1400.00000,1900.00000,0.00000,3250.00000,1400.00000,1279.77500,1500.00000
2013,Saxony,female,539,1159.66883,1105.19345,1214.14422,721.63018,1100.00000,1500.00000,0.00000,2667.55473,1100.00000,1000.00000,1186.07500
2013,Saxony-Anhalt,male,299,1544.75215,1430.97180,1658.53251,907.63258,1500.00000,2098.20165,0.00000,3884.05525,1500.00000,1252.92500,1600.00000
2013,Saxony-Anhalt,female,312,1273.72080,1173.02165,1374.41996,675.43458,1141.65586,1700.00000,0.00000,3236.84813,1140.00000,1014.62500,1237.10000
2013,Thuringa,male,297,1559.47759,1454.59213,1664.36305,1100.00000,1500.00000,1964.02827,0.00000,3260.07067,1500.00000,1300.00000,1600.00000
2013,Thuringa,female,325,1158.94223,1084.85900,1233.02546,677.72831,1098.18955,1550.98954,0.00000,2860.88139,1097.00000,960.00000,1200.00000
2014,Schleswig-Holstein,male,260,2123.69509,1977.02641,2270.36377,1524.68758,2000.00000,2705.36507,0.00000,4476.38129,2000.00000,1900.00000,2100.00000
2014,Schleswig-Holstein,female,302,1108.79873,1025.93812,1191.65934,446.96134,1100.00000,1600.00000,0.00000,3329.55799,1100.00000,838.90000,1258.07500
2014,Hamburg,male,141,2203.70693,1988.95895,2418.45492,1548.71803,1843.57547,2800.00000,0.00000,4676.92295,1836.00000,1699.37500,2302.00000
2014,Hamburg,female,137,1519.31038,1345.86805,1692.75270,700.00000,1439.51847,1892.84563,0.00000,3682.11407,1434.00000,1200.00000,1600.00000
2014,Lower Saxony,male,798,1971.13724,1886.68402,2055.59045,1249.05424,1800.00000,2500.00000,0.00000,4376.41864,1800.00000,1700.00000,2000.00000
2014,Lower Saxony,female,779,1278.75365,1218.94650,1338.56080,563.64060,1200.00000,1752.98468,0.00000,3537.00081,1200.00000,1098.97500,1250.00000
2014,Bremen,male,49,1873.65672,1406.57093,2340.74251,888.45707,1334.29713,2321.90613,98.00000,4472.07972,1300.00000,883.00000,2290.00000
2014,Bremen,female,67,1418.08049,1204.79580,1631.36518,800.00000,1255.60291,2218.58916,0.00000,4346.47290,1250.00000,899.25000,1655.75000
2014,North Rhine-Westphalia,male,1719,2136.13026,2062.47961,2209.78090,1400.00000,1914.95826,2600.00000,0.00000,4400.00000,1910.00000,1879.50000,2000.00000
2014,North Rhine-Westphalia,female,1776,1221.23093,1179.01347,1263.44838,477.00000,1034.12023,1700.00000,0.00000,3534.50000,1034.00000,946.87500,1118.00000
2014,Hesse,male,617,2366.58809,2211.08322,2522.09296,1235.15747,2000.00000,3000.00000,0.00000,5647.26379,2000.00000,1848.75000,2161.00000
2014,Hesse,female,614,1334.90999,1249.39270,1420.42728,520.00000,1150.00000,1800.00000,0.00000,3720.00000,1150.00000,979.25000,1260.00000
2014,"Rhineland-Palatinate, Saarland",male,497,2078.00644,1940.79166,2215.22122,1300.00000,1900.00000,2400.00000,0.00000,4050.00000,1900.00000,1800.00000,2000.00000
2014,"Rhineland-Palatinate, Saarland",female,491,1228.89967,1158.38846,1299.41088,600.00000,1157.35837,1658.61856,0.00000,3246.54641,1158.00000,1000.00000,1275.62500
2014,Baden-Wuerttemberg,male,1070,2388.70661,2286.55526,2490.85795,1544.98726,2100.00000,3000.00000,0.00000,5182.51912,2100.00000,2000.00000,2200.67500
2014,Baden-Wuerttemberg,female,1042,1236.57108,1179.71202,1293.43014,500.00000,1000.00000,1699.09572,0.00000,3497.73930,1000.00000,900.00000,1151.10000
2014,Bavaria,male,1412,2230.83514,2152.47190,2309.19839,1500.00000,2000.00000,2710.00000,0.00000,4525.00000,2000.00000,1980.00000,2100.00000
2014,Bavaria,female,1500,1271.40555,1222.48327,1320.32783,558.84207,1150.58260,1700.00000,0.00000,3411.73689,1152.00000,1059.95000,1218.67500
2014,Berlin,male,271,1642.94412,1504.38259,1781.50565,839.27043,1500.00000,2202.39230,0.00000,4247.07510,1500.00000,1300.00000,1690.25000
2014,Berlin,female,313,1552.81209,1438.89019,1666.73399,919.69501,1400.00000,1950.00000,0.00000,3495.45748,1400.00000,1300.00000,1500.00000
2014,Brandenburg,male,265,1616.87800,1505.01421,1728.74179,1030.99221,1450.00000,2026.93000,0.00000,3520.83668,1450.00000,1299.75000,1702.50000
2014,Brandenburg,female,282,1480.68069,1290.75441,1670.60697,770.60291,1300.00000,1734.36937,120.00000,3180.01905,1300.00000,1189.55000,1500.00000
2014,Mecklenburg-Western Pomerania,male,143,1559.68758,1411.80807,1707.56709,1000.00000,1400.00000,1923.06214,0.00000,3307.65536,1400.00000,1248.75000,1646.30000
2014,Mecklenburg-Western Pomerania,female,172,1153.51148,1037.09388,1269.92909,630.00000,1070.88014,1500.00000,0.00000,2805.00000,1072.00000,820.00000,1240.00000
2014,Saxony,male,505,1549.71942,1474.59363,1624.84521,1017.31324,1500.00000,1995.00278,0.00000,3461.53709,1500.00000,1300.00000,1599.00000
2014,Saxony,female,484,1231.69492,1170.44740,1292.94244,780.00000,1133.01955,1630.35086,0.00000,2905.87716,1133.00000,1002.92500,1250.00000
2014,Saxony-Anhalt,male,255,1704.08142,1573.11650,1835.04634,1134.34339,1586.39189,2200.00000,0.00000,3798.48491,1600.00000,1400.00000,1800.75000
2014,Saxony-Anhalt,female,276,1241.25405,1136.08885,1346.41925,546.77496,1127.06390,1700.00000,0.00000,3429.83756,1113.00000,940.00000,1200.00000
2014,Thuringa,male,284,1557.38027,1453.28004,1661.48051,1048.05149,1454.85599,1800.00000,0.00000,2927.92277,1450.00000,1348.75000,1550.00000
2014,Thuringa,female,301,1176.45952,1098.82883,1254.09020,721.19929,1110.22177,1640.00694,0.00000,3018.21842,1111.00000,959.75000,1200.00000
2015,Schleswig-Holstein,male,262,2126.85200,1992.76635,2260.93764,1507.60158,2000.00000,2700.00000,0.00000,4488.59763,2000.00000,1800.00000,2179.00000
2015,Schleswig-Holstein,female,286,1229.01686,1136.96659,1321.06712,591.30439,1200.00000,1699.70163,0.00000,3362.29749,1200.00000,900.00000,1300.00000
2015,Hamburg,male,146,2437.18431,2201.39970,2672.96893,1633.10723,2200.00000,3000.00000,0.00000,5050.33916,2200.00000,1800.00000,2800.00000
2015,Hamburg,female,142,1681.13275,1528.82274,1833.44276,1200.00000,1602.92855,2101.39979,180.00000,3453.49948,1604.00000,1499.37500,1870.00000
2015,Lower Saxony,male,782,2045.17622,1954.48150,2135.87094,1259.65226,1900.00000,2600.00000,0.00000,4610.52161,1900.00000,1700.00000,2000.00000
2015,Lower Saxony,female,807,1297.37167,1235.71628,1359.02706,595.66239,1186.36059,1900.00000,0.00000,3856.50642,1184.00000,1000.00000,1287.00000
2015,Bremen,male,44,1695.69805,1392.14624,1999.24985,1116.67827,1515.41061,2346.18518,98.00000,4190.44555,1500.00000,1197.50000,2240.00000
2015,Bremen,female,58,1615.89723,1332.11174,1899.68271,799.16549,1300.00000,2307.53430,140.00000,4407.00000,1300.00000,866.57500,2300.00000
2015,North Rhine-Westphalia,male,1653,2172.34272,2084.91852,2259.76692,1260.59446,1900.00000,2700.00000,0.00000,4859.10830,1900.00000,1850.00000,2000.00000
2015,North Rhine-Westphalia,female,1703,1307.10709,1253.91125,1360.30294,506.93639,1100.00000,1800.00000,0.00000,3739.59541,1100.00000,1000.00000,1200.00000
2015,Hesse,male,621,2332.62198,2178.03993,2487.20404,1204.54888,2071.36337,3000.00000,0.00000,5693.17668,2059.00000,1849.87500,2200.00000
2015,Hesse,female,614,1349.25119,1273.73000,1424.77239,586.84127,1200.00000,1900.00000,0.00000,3869.73809,1200.00000,1079.95000,1350.00000
2015,"Rhineland-Palatinate, Saarland",male,504,1989.97472,1881.32317,2098.62628,1200.00000,1897.80899,2500.00000,0.00000,4450.00000,1895.00000,1669.50000,2100.00000
2015,"Rhineland-Palatinate, Saarland",female,461,1259.74751,1189.81295,1329.68208,627.92132,1175.09490,1750.85708,0.00000,3435.26073,1162.00000,1006.00000,1300.00000
2015,Baden-Wuerttemberg,male,1098,2393.40958,2301.05312,2485.76604,1600.00000,2150.00000,3000.00000,0.00000,5100.00000,2150.00000,2000.00000,2200.00000
2015,Baden-Wuerttemberg,female,1033,1342.06106,1283.02843,1401.09369,650.00000,1200.00000,1870.85682,0.00000,3702.14204,1200.00000,1000.00000,1212.95000
2015,Bavaria,male,1439,2271.84446,2197.96716,2345.72176,1500.00000,2012.95627,2800.00000,0.00000,4750.00000,2010.00000,2000.00000,2100.00000
2015,Bavaria,female,1486,1343.51922,1294.21719,1392.82125,640.00000,1200.00000,1800.00000,0.00000,3540.00000,1200.00000,1100.00000,1300.00000
2015,Berlin,male,282,1618.74596,1492.22007,1745.27186,829.91386,1500.00000,2200.00000,0.00000,4255.12922,1500.00000,1281.00000,1723.00000
2015,Berlin,female,313,1527.71561,1419.21116,1636.22006,910.00000,1431.34613,2006.21703,0.00000,3650.54258,1429.00000,1272.67500,1600.00000
2015,Brandenburg,male,254,1584.30064,1463.11141,1705.48988,1000.00000,1391.12610,2000.00000,0.00000,3500.00000,1400.00000,1200.00000,1543.17500
2015,Brandenburg,female,291,1528.31667,1335.77056,1720.86278,850.00000,1350.00000,1800.00000,0.00000,3225.00000,1350.00000,1180.00000,1550.02500
2015,Mecklenburg-Western Pomerania,male,138,1538.29618,1381.30849,1695.28388,933.66553,1300.00000,1900.00000,0.00000,3349.50170,1300.00000,1149.72500,1600.00000
2015,Mecklenburg-Western Pomerania,female,167,1130.33786,1012.13925,1248.53647,639.27646,1000.00000,1550.00000,0.00000,2916.08531,1000.00000,849.25000,1186.35000
2015,Saxony,male,468,1585.08456,1500.21672,1669.95240,1092.97775,1412.97425,2000.00000,0.00000,3360.53337,1413.00000,1300.00000,1600.00000
2015,Saxony,female,461,1220.91646,1162.53760,1279.29533,800.00000,1155.72382,1600.00000,0.00000,2800.00000,1150.00000,1074.37500,1250.00000
2015,Saxony-Anhalt,male,234,1622.11513,1488.57392,1755.65634,1002.37852,1500.00000,2185.16735,0.00000,3959.35058,1500.00000,1304.90000,1700.00000
2015,Saxony-Anhalt,female,255,1270.90319,1156.37863,1385.42774,599.40186,1148.11944,1746.53200,0.00000,3467.22721,1150.00000,1000.00000,1253.20000
2015,Thuringa,male,277,1651.53116,1537.88686,1765.17547,1104.01360,1579.92184,1889.38082,0.00000,3067.43167,1580.00000,1450.00000,1600.00000
2015,Thuringa,female,297,1243.72600,1153.30619,1334.14582,800.00000,1100.00000,1680.73478,0.00000,3001.83696,1100.00000,1000.00000,1200.00000
2016,Schleswig-Holstein,male,254,2078.14860,1935.96361,2220.33358,1393.33936,1944.57050,2614.62252,0.00000,4446.54725,1950.00000,1700.00000,2200.00000
2016,Schleswig-Holstein,female,253,1274.63566,1180.82366,1368.44766,650.00000,1223.21854,1793.41369,0.00000,3508.53422,1224.00000,996.00000,1361.00000
2016,Hamburg,male,135,2401.58633,2149.05066,2654.12200,1675.81887,2100.00000,2826.44496,0.00000,4552.38410,2100.00000,1937.00000,2381.47500
2016,Hamburg,female,139,1776.14839,1607.42587,1944.87091,1200.00000,1800.00000,2096.86975,180.00000,3442.17437,1800.00000,1500.00000,2000.00000
2016,Lower Saxony,male,759,1971.44101,1882.47697,2060.40504,1200.00000,1850.02679,2500.00000,0.00000,4450.00000,1850.00000,1700.00000,2000.00000
2016,Lower Saxony,female,772,1341.08505,1279.22119,1402.94891,648.32620,1200.00000,1820.30121,0.00000,3578.26374,1200.00000,1050.00000,1280.12500
2016,Bremen,male,51,1780.18952,1382.30276,2178.07628,717.07833,1396.43176,2365.33499,0.00000,4837.71998,1400.00000,1194.15000,2300.00000
2016,Bremen,female,56,1466.48337,1179.22850,1753.73824,450.00000,1167.77066,2428.86378,0.00000,4500.00000,1150.00000,560.00000,2500.00000
2016,North Rhine-Westphalia,male,1605,2186.90805,2106.85990,2266.95621,1300.00000,2000.00000,2745.97063,0.00000,4914.92659,2000.00000,1900.00000,2051.25000
2016,North Rhine-Westphalia,female,1632,1309.35036,1259.70623,1358.99449,514.01047,1141.08073,1800.00000,0.00000,3728.98430,1141.00000,1025.00000,1200.00000
2016,Hesse,male,530,2368.81083,2191.74501,2545.87664,1300.00000,2100.00000,2924.15653,0.00000,5360.39133,2100.00000,1800.00000,2166.00000
2016,Hesse,female,542,1432.17380,1347.88151,1516.46609,730.85005,1300.00000,2000.00000,0.00000,3903.72492,1300.00000,1157.97500,1420.00000
2016,"Rhineland-Palatinate, Saarland",male,490,2087.52899,1944.64114,2230.41684,1300.00000,1800.00000,2560.46365,0.00000,4451.15913,1800.00000,1800.00000,2000.00000
2016,"Rhineland-Palatinate, Saarland",female,456,1275.31742,1194.98145,1355.65339,507.43622,1172.37336,1800.00000,0.00000,3738.84567,1160.00000,1000.00000,1260.50000
2016,Baden-Wuerttemberg,male,986,2394.67115,2285.53171,2503.81058,1600.00000,2200.00000,3000.00000,0.00000,5100.00000,2200.00000,2010.00000,2300.00000
2016,Baden-Wuerttemberg,female,996,1336.37712,1279.05284,1393.70139,680.00000,1200.00000,1820.00000,0.00000,3530.00000,1200.00000,1050.00000,1300.00000
2016,Bavaria,male,1300,2316.82342,2220.26531,2413.38153,1500.00000,2046.39682,2800.00000,0.00000,4750.00000,2050.00000,1999.87500,2189.00000
2016,Bavaria,female,1356,1338.99076,1288.33359,1389.64792,600.00000,1200.00000,1800.00000,0.00000,3600.00000,1200.00000,1100.00000,1350.00000
2016,Berlin,male,261,1801.14608,1666.76180,1935.53035,1128.48051,1700.00000,2300.00000,0.00000,4057.27923,1700.00000,1450.00000,2000.00000
2016,Berlin,female,294,1625.13337,1502.60129,1747.66545,1000.00000,1500.00000,2000.00000,0.00000,3500.00000,1500.00000,1400.00000,1650.00000
2016,Brandenburg,male,249,1809.24775,1685.38554,1933.10997,1145.58581,1552.00114,2289.13984,0.00000,4004.47090,1553.00000,1479.00000,1800.00000
2016,Brandenburg,female,278,1550.82771,1334.91498,1766.74045,800.00000,1300.00000,1800.00000,0.00000,3300.00000,1300.00000,1100.00000,1500.00000
2016,Mecklenburg-Western Pomerania,male,143,1532.61991,1380.25671,1684.98311,1075.27461,1300.00000,1983.49884,0.00000,3345.83517,1300.00000,1233.00000,1615.00000
2016,Mecklenburg-Western Pomerania,female,162,1211.38547,1087.14639,1335.62455,600.00000,1200.00000,1600.00000,0.00000,3100.00000,1200.00000,929.25000,1400.00000
2016,Saxony,male,445,1590.09384,1496.55010,1683.63758,1100.00000,1400.00000,1909.73717,0.00000,3124.34292,1400.00000,1339.50000,1516.00000
2016,Saxony,female,446,1289.47708,1227.74542,1351.20874,819.11184,1203.07826,1699.01627,0.00000,3018.87291,1204.00000,1100.00000,1400.00000
2016,Saxony-Anhalt,male,229,1564.52020,1435.99379,1693.04660,1017.67768,1400.00000,2085.30559,0.00000,3686.74744,1400.00000,1248.75000,1681.47500
2016,Saxony-Anhalt,female,247,1357.72230,1237.19583,1478.24877,608.10176,1242.82551,1818.53213,0.00000,3634.17769,1242.00000,1034.12500,1440.00000
2016,Thuringa,male,260,1718.56381,1587.20751,1849.92011,1108.35052,1500.00000,1906.76575,0.00000,3104.38859,1500.00000,1350.97500,1696.00000
2016,Thuringa,female,293,1255.32798,1166.62130,1344.03465,800.79189,1200.00000,1696.66064,0.00000,3040.46377,1200.00000,1000.00000,1250.00000
2017,Schleswig-Holstein,male,326,2152.28897,2021.87400,2282.70395,1350.98483,2016.64153,2800.00000,0.00000,4973.52275,2017.00000,1899.70000,2300.00000
2017,Schleswig-Holstein,female,320,1358.95143,1268.50728,1449.39557,687.63318,1300.00000,1800.00000,0.00000,3468.55023,1300.00000,1080.00000,1501.00000
2017,Hamburg,male,159,2602.53176,2381.14892,2823.91460,1764.44103,2485.41301,3500.00000,0.00000,6103.33846,2500.00000,2000.00000,2800.00000
2017,Hamburg,female,149,1753.70832,1584.47175,1922.94489,1000.00000,1698.24495,2138.10819,112.00000,3845.27048,1698.00000,1500.00000,1802.50000
2017,Lower Saxony,male,941,2018.30832,1937.06394,2099.55269,1200.00000,1900.00000,2599.11477,0.00000,4697.78693,1900.00000,1796.00000,2000.00000
2017,Lower Saxony,female,896,1338.99183,1273.35354,1404.63011,620.00000,1150.00000,1828.53465,0.00000,3641.33661,1150.00000,1024.37500,1286.15000
2017,Bremen,male,64,1677.63944,1349.06964,2006.20924,800.00000,1500.00000,2313.73133,78.00000,4584.32832,1500.00000,1250.00000,1990.00000
2017,Bremen,female,79,1576.59439,1358.84744,1794.34134,800.00000,1438.50760,2465.18617,80.00000,4962.96544,1434.00000,1025.67500,1910.00000
2017,North Rhine-Westphalia,male,1811,2233.69699,2159.21133,2308.18264,1350.00000,2000.00000,2800.00000,0.00000,4975.00000,2000.00000,1950.00000,2090.00000
2017,North Rhine-Westphalia,female,1812,1350.12821,1302.80384,1397.45258,600.00000,1150.00000,1800.00000,0.00000,3600.00000,1150.00000,1060.00000,1208.07500
2017,Hesse,male,632,2269.08662,2145.85622,2392.31701,1388.94010,2059.69046,2845.89334,0.00000,5031.32321,2058.00000,1900.00000,2200.52500
2017,Hesse,female,621,1406.18419,1312.09705,1500.27133,660.14612,1300.00000,1900.00000,0.00000,3759.78082,1300.00000,1158.00000,1400.00000
2017,"Rhineland-Palatinate, Saarland",male,526,2125.51873,2019.85078,2231.18667,1400.00000,2000.00000,2500.00000,0.00000,4150.00000,2000.00000,1800.00000,2100.00000
2017,"Rhineland-Palatinate, Saarland",female,486,1287.65721,1210.18672,1365.12770,560.00000,1200.00000,1799.14846,0.00000,3657.87114,1200.00000,1029.65000,1330.50000
2017,Baden-Wuerttemberg,male,1107,2573.16593,2431.95559,2714.37628,1671.04705,2291.92383,3117.95273,0.00000,5288.31126,2280.00000,2160.72500,2400.00000
2017,Baden-Wuerttemberg,female,1084,1407.24420,1347.41087,1467.07753,700.00000,1200.00000,1900.00000,0.00000,3700.00000,1200.00000,1100.00000,1348.00000
2017,Bavaria,male,1458,2336.38513,2251.57403,2421.19624,1500.00000,2090.00000,2700.00000,0.00000,4500.00000,2090.00000,2000.00000,2120.12500
2017,Bavaria,female,1524,1353.10554,1301.74437,1404.46671,600.00000,1200.00000,1800.00000,0.00000,3600.00000,1200.00000,1100.00000,1300.00000
2017,Berlin,male,314,1778.69874,1647.24257,1910.15491,1100.00000,1543.45639,2300.00000,0.00000,4100.00000,1548.00000,1400.00000,1766.85000
2017,Berlin,female,326,1572.80494,1476.96969,1668.64019,1065.12879,1508.04240,2000.00000,0.00000,3402.30681,1503.00000,1435.00000,1600.00000
2017,Brandenburg,male,294,1791.97034,1678.42013,1905.52055,1127.21110,1650.00000,2100.00000,0.00000,3559.18334,1650.00000,1499.60000,1800.00000
2017,Brandenburg,female,300,1606.02606,1432.69385,1779.35827,957.45812,1402.17902,1800.00000,0.00000,3063.81282,1405.00000,1200.00000,1600.00000
2017,Mecklenburg-Western Pomerania,male,156,1505.07741,1364.94754,1645.20728,1095.60427,1300.00000,1848.46085,0.00000,2977.74573,1300.00000,1200.00000,1600.00000
2017,Mecklenburg-Western Pomerania,female,177,1342.68759,1220.82004,1464.55515,900.00000,1200.00000,1700.00000,0.00000,2900.00000,1200.00000,1000.00000,1390.25000
2017,Saxony,male,518,1713.92148,1622.76338,1805.07958,1200.00000,1542.52969,2059.74114,0.00000,3349.35285,1543.00000,1400.00000,1620.17500
2017,Saxony,female,515,1259.09707,1199.04105,1319.15309,741.00000,1118.49726,1700.00000,0.00000,3138.50000,1116.00000,1100.00000,1200.00000
2017,Saxony-Anhalt,male,265,1569.44007,1451.06338,1687.81677,1100.00000,1423.02233,2166.06066,0.00000,3765.15166,1420.00000,1284.67500,1600.00000
2017,Saxony-Anhalt,female,287,1356.17687,1227.61070,1484.74304,628.79820,1290.48428,1825.90901,0.00000,3621.57524,1280.00000,1100.00000,1447.00000
2017,Thuringa,male,302,1554.61599,1447.82764,1661.40435,1000.00000,1520.04167,1956.88949,0.00000,3392.22371,1520.00000,1400.00000,1601.25000
2017,Thuringa,female,322,1387.64311,1292.49916,1482.78705,880.26328,1200.00000,1827.81478,0.00000,3249.14203,1200.00000,1100.00000,1400.00000
2018,Schleswig-Holstein,male,327,2271.12367,2134.03530,2408.21204,1573.77236,2003.53286,3000.00000,0.00000,5139.34146,2010.00000,1899.07500,2500.00000
2018,Schleswig-Holstein,female,318,1393.27505,1300.27539,1486.27471,650.59932,1300.00000,1900.00000,0.00000,3774.10103,1300.00000,1099.45000,1651.25000
2018,Hamburg,male,166,2670.16338,2382.72308,2957.60368,1594.48905,2500.00000,3300.00000,0.00000,5858.26643,2500.00000,1899.37500,2802.50000
2018,Hamburg,female,164,1852.62725,1696.39417,2008.86034,1200.00000,1800.00000,2300.00000,0.00000,3950.00000,1800.00000,1600.00000,1950.00000
2018,Lower Saxony,male,904,2023.45145,1933.45255,2113.45035,1128.49989,1885.80199,2600.00000,0.00000,4807.25017,1886.00000,1700.00000,2089.27500
2018,Lower Saxony,female,857,1415.73356,1348.51054,1482.95658,700.00000,1241.15155,1890.46328,0.00000,3676.15819,1247.00000,1130.00000,1394.00000
2018,Bremen,male,75,1878.80953,1517.94789,2239.67117,1013.47073,1442.86521,2616.85236,98.00000,5021.92479,1423.00000,1007.00000,2464.90000
2018,Bremen,female,75,1866.04041,1606.62504,2125.45579,1085.09558,1500.00000,2805.37694,0.00000,5000.00000,1500.00000,1169.00000,2710.00000
2018,North Rhine-Westphalia,male,1805,2230.44328,2160.25115,2300.63542,1309.16493,2062.29455,2836.47476,0.00000,5127.43952,2060.00000,1940.00000,2200.00000
2018,North Rhine-Westphalia,female,1785,1410.43227,1363.48319,1457.38136,662.56374,1200.00000,1900.00000,0.00000,3756.15439,1200.00000,1100.00000,1300.00000
2018,Hesse,male,635,2490.78423,2336.38288,2645.18558,1446.91999,2102.63811,3000.00000,0.00000,5329.62001,2100.00000,2000.00000,2300.00000
2018,Hesse,female,603,1440.71452,1359.11784,1522.31120,679.99625,1300.00000,1900.00000,0.00000,3730.00562,1300.00000,1180.00000,1500.00000
2018,"Rhineland-Palatinate, Saarland",male,541,2171.30610,2072.37974,2270.23246,1498.45715,2000.00000,2700.00000,0.00000,4502.31427,2000.00000,1900.00000,2200.00000
2018,"Rhineland-Palatinate, Saarland",female,502,1328.54861,1252.28698,1404.81025,580.00000,1200.00000,1800.00000,0.00000,3630.00000,1200.00000,1100.00000,1350.00000
2018,Baden-Wuerttemberg,male,1032,2590.69564,2372.44673,2808.94454,1600.00000,2300.00000,3134.78717,0.00000,5436.96791,2300.00000,2200.00000,2400.00000
2018,Baden-Wuerttemberg,female,970,1462.47440,1398.93500,1526.01380,710.00000,1300.00000,2000.00000,0.00000,3935.00000,1300.00000,1200.00000,1485.37500
2018,Bavaria,male,1380,2419.98656,2334.46942,2505.50371,1600.00000,2200.00000,2919.97656,0.00000,4899.94140,2200.00000,2050.00000,2300.00000
2018,Bavaria,female,1424,1388.90939,1338.99469,1438.82409,607.81499,1250.00000,1900.00000,0.00000,3838.27752,1250.00000,1173.00000,1300.00000
2018,Berlin,male,342,1872.14429,1722.46205,2021.82653,980.00000,1649.55728,2400.00000,0.00000,4530.00000,1650.00000,1500.00000,1999.00000
2018,Berlin,female,322,1727.01898,1619.32555,1834.71241,1120.79546,1700.00000,2196.65370,0.00000,3810.44105,1700.00000,1500.00000,1800.00000
2018,Brandenburg,male,310,1878.12344,1762.55089,1993.69599,1250.00000,1740.48093,2200.00000,0.00000,3625.00000,1750.00000,1580.00000,1900.00000
2018,Brandenburg,female,304,1601.85305,1405.25599,1798.45012,848.62541,1400.00000,1800.00000,0.00000,3227.06188,1400.00000,1189.72500,1500.00000
2018,Mecklenburg-Western Pomerania,male,161,1665.46444,1499.36853,1831.56034,1007.23256,1500.00000,2206.46186,50.00000,4005.30581,1500.00000,1200.00000,1800.00000
2018,Mecklenburg-Western Pomerania,female,185,1423.20560,1306.95110,1539.46011,912.00000,1292.19355,1768.44379,0.00000,3053.10948,1300.00000,1099.92500,1570.75000
2018,Saxony,male,516,1810.86386,1721.53253,1900.19519,1300.00000,1600.00000,2105.98950,91.01575,3314.97375,1600.00000,1529.90000,1800.00000
2018,Saxony,female,513,1285.45020,1227.13799,1343.76240,858.82490,1200.00000,1700.00000,30.00000,2961.76264,1200.00000,1115.00000,1300.00000
2018,Saxony-Anhalt,male,262,1674.83529,1546.54052,1803.13006,1124.41528,1600.00000,2200.00000,0.00000,3813.37708,1600.00000,1492.07500,1724.00000
2018,Saxony-Anhalt,female,287,1404.86782,1305.43370,1504.30195,857.97822,1340.54040,1886.34119,0.00000,3428.88563,1340.00000,1200.00000,1500.00000
2018,Thuringa,male,303,1700.98530,1578.11246,1823.85814,1155.08855,1700.00000,2100.00000,0.00000,3517.36717,1700.00000,1500.00000,1800.00000
2018,Thuringa,female,304,1424.15458,1331.39181,1516.91734,904.14109,1300.00000,1900.00000,0.00000,3393.78837,1300.00000,1080.47500,1560.00000
2019,Schleswig-Holstein,male,376,4277.09195,-1646.18878,10200.37269,1600.00000,2000.00000,2900.00000,0.00000,4850.00000,2000.00000,1843.87500,2300.00000
2019,Schleswig-Holstein,female,315,1397.82062,1305.71742,1489.92383,743.64679,1300.00000,1900.00000,0.00000,3634.52982,1300.00000,1100.00000,1500.00000
2019,Hamburg,male,189,2783.74565,2527.37357,3040.11774,1642.34953,2473.67840,3400.00000,0.00000,6036.47570,2500.00000,2000.00000,3000.00000
2019,Hamburg,female,175,1931.59444,1735.72063,2127.46825,1400.00000,1800.00000,2300.00000,50.00000,3650.00000,1800.00000,1600.00000,1970.50000
2019,Lower Saxony,male,928,2183.36067,2085.95560,2280.76574,1395.26936,2000.00000,2800.00000,0.00000,4907.09595,2000.00000,1900.00000,2200.00000
2019,Lower Saxony,female,879,1415.36288,1350.19747,1480.52830,688.35364,1250.00000,1900.00000,0.00000,3717.46953,1250.00000,1100.00000,1401.00000
2019,Bremen,male,66,1992.80500,1680.32496,2305.28504,1340.37954,1663.39098,2700.00000,121.00000,4739.43069,1645.00000,1500.00000,2678.00000
2019,Bremen,female,70,1955.06454,1671.51434,2238.61473,1100.00000,1800.00000,2866.05468,0.00000,4750.00000,1800.00000,1219.50000,2200.00000
2019,North Rhine-Westphalia,male,1995,2441.07587,2331.02645,2551.12530,1430.00000,2000.00000,3000.00000,0.00000,5355.00000,2000.00000,2000.00000,2100.00000
2019,North Rhine-Westphalia,female,1814,1448.74442,1403.66846,1493.82039,700.00000,1250.00000,2000.00000,0.00000,3950.00000,1250.00000,1177.85000,1350.00000
2019,Hesse,male,718,2489.30371,2356.63359,2621.97383,1590.00000,2251.27098,3040.33137,0.00000,5215.82841,2272.00000,2000.00000,2475.12500
2019,Hesse,female,592,1507.56620,1424.82509,1590.30732,750.00000,1400.00000,2000.00000,0.00000,3875.00000,1400.00000,1200.00000,1600.00000
2019,"Rhineland-Palatinate, Saarland",male,537,2325.40447,2197.05770,2453.75123,1500.00000,2200.00000,2712.37949,0.00000,4530.94872,2200.00000,2050.00000,2400.00000
2019,"Rhineland-Palatinate, Saarland",female,493,1368.70082,1281.29073,1456.11092,586.21309,1200.00000,1917.51559,0.00000,3914.46933,1200.00000,1021.57500,1350.00000
2019,Baden-Wuerttemberg,male,1120,2619.39712,2493.89509,2744.89914,1700.00000,2330.99141,3342.64568,0.00000,5806.61420,2330.00000,2200.00000,2450.00000
2019,Baden-Wuerttemberg,female,981,1584.89542,1501.35087,1668.43998,837.09623,1400.00000,2100.00000,0.00000,3994.35566,1400.00000,1300.00000,1570.55000
2019,Bavaria,male,1506,2527.11210,2428.79961,2625.42460,1600.00000,2300.00000,3000.00000,0.00000,5100.00000,2300.00000,2188.37500,2400.00000
2019,Bavaria,female,1401,1466.22502,1416.94140,1515.50863,750.00000,1392.24744,1949.43559,0.00000,3748.58897,1393.00000,1264.62500,1500.00000
2019,Berlin,male,388,1946.49735,1816.88970,2076.10500,1050.00000,1814.46278,2600.00000,0.00000,4925.00000,1817.00000,1600.00000,2300.00000
2019,Berlin,female,345,1745.59130,1641.06213,1850.12047,1104.62959,1700.00000,2193.06527,0.00000,3825.71879,1700.00000,1500.00000,1864.00000
2019,Brandenburg,male,361,1996.96744,1876.43696,2117.49791,1250.00000,1800.00000,2500.00000,0.00000,4375.00000,1800.00000,1700.00000,2000.00000
2019,Brandenburg,female,328,1612.95433,1520.40940,1705.49925,1100.00000,1500.00000,1960.95705,0.00000,3252.39263,1500.00000,1378.00000,1700.00000
2019,Mecklenburg-Western Pomerania,male,192,1747.41875,1470.09408,2024.74343,1085.04006,1661.52494,2037.11188,150.00000,3465.21962,1663.00000,1237.00000,1900.00000
2019,Mecklenburg-Western Pomerania,female,177,1382.43111,1262.08735,1502.77487,746.26166,1250.00000,1747.05236,0.00000,3248.23840,1250.00000,1131.00000,1500.00000
2019,Saxony,male,565,1852.66586,1764.96312,1940.36861,1400.00000,1750.00000,2200.00000,200.00000,3400.00000,1750.00000,1629.62500,1851.25000
2019,Saxony,female,535,1438.13153,1377.35960,1498.90346,1083.68278,1400.00000,1800.00000,9.20694,2874.47584,1400.00000,1272.42500,1456.12500
2019,Saxony-Anhalt,male,270,1739.07866,1602.06734,1876.08997,1200.00000,1600.57993,2300.00000,0.00000,3950.00000,1600.00000,1500.00000,1802.50000
2019,Saxony-Anhalt,female,287,1533.03493,1421.20560,1644.86426,853.36217,1500.00000,2100.00000,0.00000,3969.95675,1500.00000,1303.90000,1628.82500
2019,Thuringa,male,309,1829.36895,1709.61927,1949.11863,1300.00000,1800.37796,2100.00000,100.00000,3300.00000,1800.00000,1643.87500,1970.00000
2019,Thuringa,female,300,1469.24885,1373.51949,1564.97821,915.39089,1399.98378,1848.80909,50.00000,3248.93638,1400.00000,1100.00000,1580.00000
2020,Schleswig-Holstein,male,360,2395.04366,2262.71150,2527.37582,1638.47999,2300.00000,3000.00000,0.00000,5042.28001,2300.00000,2000.00000,2500.00000
2020,Schleswig-Holstein,female,305,1476.27245,1369.82703,1582.71788,728.06487,1411.01757,2035.70556,0.00000,3997.16658,1420.00000,1200.00000,1589.27500
2020,Hamburg,male,196,2918.04574,2646.55083,3189.54066,1900.00000,2468.00000,3500.00000,0.00000,5900.00000,2468.00000,2074.00000,2900.00000
2020,Hamburg,female,190,2174.02553,1992.93274,2355.11832,1518.63499,1900.00000,2500.00000,46.58747,3972.04752,1900.00000,1800.00000,2200.00000
2020,Lower Saxony,male,938,2217.72428,2123.70784,2311.74073,1400.00000,2147.65476,2707.56128,0.00000,4668.90320,2147.00000,1950.00000,2201.25000
2020,Lower Saxony,female,843,1493.50818,1426.40585,1560.61051,800.00000,1385.06314,2000.00000,0.00000,3800.00000,1390.00000,1219.00000,1500.75000
2020,Bremen,male,91,1863.36944,1610.45348,2116.28539,1028.39187,1665.38832,2838.50652,0.00000,5553.67849,1650.00000,1500.00000,2600.00000
2020,Bremen,female,68,1685.95957,1430.43856,1941.48058,918.11936,1349.24748,2300.00000,75.00000,4372.82096,1347.00000,953.00000,2202.50000
2020,North Rhine-Westphalia,male,2175,2488.77075,2393.10162,2584.43988,1451.84075,2100.00000,3000.00000,0.00000,5322.23887,2100.00000,2000.00000,2200.00000
2020,North Rhine-Westphalia,female,1777,1538.75913,1491.29920,1586.21906,780.00000,1387.96869,2100.00000,0.00000,4080.00000,1390.00000,1299.50000,1450.00000
2020,Hesse,male,743,2623.04314,2492.04465,2754.04163,1600.00000,2500.00000,3200.00000,0.00000,5600.00000,2500.00000,2200.00000,2665.00000
2020,Hesse,female,625,1567.98397,1480.62663,1655.34130,800.00000,1340.00000,2141.13781,0.00000,4152.84453,1340.00000,1230.97500,1511.22500
2020,"Rhineland-Palatinate, Saarland",male,513,2372.29414,2248.87175,2495.71652,1600.00000,2150.21277,2900.00000,0.00000,4850.00000,2150.00000,2000.00000,2300.00000
2020,"Rhineland-Palatinate, Saarland",female,451,1457.64510,1358.26648,1557.02373,703.37438,1250.47803,1997.76965,0.00000,3939.36256,1250.00000,1050.00000,1440.25000
2020,Baden-Wuerttemberg,male,1165,2712.50343,2619.00132,2806.00554,1800.00000,2500.00000,3343.93214,0.00000,5659.83034,2500.00000,2300.00000,2550.00000
2020,Baden-Wuerttemberg,female,985,1602.73302,1529.25077,1676.21528,794.67559,1400.00000,2148.65294,0.00000,4179.61897,1400.00000,1287.30000,1600.00000
2020,Bavaria,male,1607,2569.41443,2470.22796,2668.60090,1600.00000,2293.69198,3000.00000,0.00000,5100.00000,2293.00000,2200.00000,2400.00000
2020,Bavaria,female,1458,1521.95987,1470.65709,1573.26265,766.00000,1400.00000,2020.00000,0.00000,3901.00000,1400.00000,1300.00000,1550.00000
2020,Berlin,male,492,2134.00680,2002.59606,2265.41753,1061.69620,2000.00000,2997.07613,0.00000,5900.14602,2000.00000,1748.75000,2300.00000
2020,Berlin,female,411,1822.41810,1721.13528,1923.70092,1096.39766,1700.00000,2300.00000,0.00000,4105.40351,1700.00000,1600.00000,1986.35000
2020,Brandenburg,male,343,1973.23070,1851.24677,2095.21463,1300.00000,1800.00000,2588.38265,0.00000,4520.95664,1800.00000,1659.75000,2024.22500
2020,Brandenburg,female,318,1552.49932,1453.00430,1651.99435,941.71848,1500.00000,1900.00000,0.00000,3337.42228,1500.00000,1297.00000,1601.25000
2020,Mecklenburg-Western Pomerania,male,150,2005.24670,1677.62383,2332.86958,1271.39294,1800.00000,2300.00000,88.00000,3842.91059,1800.00000,1350.00000,1950.00000
2020,Mecklenburg-Western Pomerania,female,149,1508.74647,1383.33492,1634.15802,1091.68608,1498.94860,1890.58286,100.00000,3088.92802,1500.00000,1300.00000,1600.00000
2020,Saxony,male,542,1869.55857,1773.21150,1965.90565,1344.07346,1765.33898,2300.00000,0.00000,3733.88980,1765.00000,1700.00000,1824.40000
2020,Saxony,female,494,1506.02354,1441.35144,1570.69563,1024.72299,1430.14582,1948.13871,0.00000,3333.26229,1434.00000,1346.00000,1605.37500
2020,Saxony-Anhalt,male,274,1788.63801,1653.50083,1923.77519,1200.00000,1743.48934,2400.00000,0.00000,4200.00000,1749.00000,1500.00000,2000.00000
2020,Saxony-Anhalt,female,283,1641.51006,1507.91330,1775.10682,1048.81083,1545.47297,2100.00000,0.00000,3676.78376,1544.00000,1360.00000,1845.00000
2020,Thuringa,male,297,1976.07846,1845.87215,2106.28478,1349.59936,1800.00000,2500.00000,0.00000,4225.60096,1800.00000,1600.00000,2000.00000
2020,Thuringa,female,300,1479.43457,1377.90073,1580.96841,987.02393,1373.45736,1900.00000,0.00000,3269.46410,1370.00000,1199.50000,1502.00000
2021,Schleswig-Holstein,male,277,2652.13935,2499.37195,2804.90674,1825.32276,2500.00000,3344.73359,1.00000,5623.84985,2500.00000,2097.50000,3000.00000
2021,Schleswig-Holstein,female,236,1631.39915,1514.30075,1748.49754,1014.63417,1600.00000,2085.35628,70.00000,3691.43945,1600.00000,1397.50000,1850.00000
2021,Hamburg,male,145,3263.32117,2600.07623,3926.56611,1705.54718,2300.00000,3295.47112,0.00000,5680.35702,2300.00000,2200.00000,3000.00000
2021,Hamburg,female,132,2033.37766,1834.86616,2231.88915,1126.34980,1900.00000,2489.36033,0.00000,4533.87612,1900.00000,1397.00000,2300.50000
2021,Lower Saxony,male,607,2274.18851,2146.58891,2401.78810,1250.00000,2200.00000,2940.87841,0.00000,5477.19603,2200.00000,2000.00000,2301.65000
2021,Lower Saxony,female,589,1672.63057,1586.86281,1758.39833,840.13903,1550.00000,2223.02796,0.00000,4297.36135,1550.00000,1400.00000,1708.42500
2021,Bremen,male,47,2174.82287,1767.01094,2582.63479,1133.13601,1851.33260,2892.12094,100.00000,5530.59832,1888.00000,1500.00000,2900.00000
2021,Bremen,female,41,1936.82574,1563.35777,2310.29371,934.68899,1778.81492,3317.93980,100.00000,5200.00000,1768.00000,937.00000,3500.00000
2021,North Rhine-Westphalia,male,1345,2568.46854,2465.75576,2671.18132,1600.00000,2200.00000,3200.00000,0.00000,5600.00000,2200.00000,2100.00000,2400.00000
2021,North Rhine-Westphalia,female,1260,1591.78229,1529.06481,1654.49977,720.00000,1315.75453,2200.00000,0.00000,4420.00000,1315.00000,1200.00000,1500.75000
2021,Hesse,male,485,2755.22553,2584.72152,2925.72955,1700.00000,2600.00000,3284.84149,0.00000,5662.10372,2600.00000,2199.50000,2785.37500
2021,Hesse,female,384,1743.43328,1617.71807,1869.14850,850.00000,1646.70349,2300.00000,0.00000,4475.00000,1647.00000,1344.85000,1808.62500
2021,"Rhineland-Palatinate, Saarland",male,328,2318.82637,2172.64304,2465.00971,1400.54447,2200.00000,2942.17962,0.00000,5254.63235,2200.00000,2100.00000,2555.67500
2021,"Rhineland-Palatinate, Saarland",female,287,1512.58266,1376.55567,1648.60964,636.78399,1255.20853,2049.56315,0.00000,4168.73190,1260.00000,1016.00000,1540.00000
2021,Baden-Wuerttemberg,male,786,2827.22345,2669.55386,2984.89305,1900.00000,2439.19873,3300.00000,0.00000,5400.00000,2450.00000,2300.00000,2600.00000
2021,Baden-Wuerttemberg,female,701,1701.09426,1619.68055,1782.50797,911.13009,1600.00000,2200.00000,0.00000,4133.30486,1600.00000,1400.00000,1705.87500
2021,Bavaria,male,985,2804.60786,2655.79671,2953.41900,1796.09904,2400.00000,3300.00000,0.00000,5555.85144,2400.00000,2300.00000,2500.00000
2021,Bavaria,female,956,1581.04429,1512.19470,1649.89388,800.00000,1400.00000,2100.00000,0.00000,4050.00000,1400.00000,1300.00000,1600.00000
2021,Berlin,male,319,2436.78192,2249.50771,2624.05613,1103.47167,2300.00000,3500.00000,0.00000,7094.79249,2300.00000,2000.00000,2750.00000
2021,Berlin,female,263,2091.94786,1952.25396,2231.64176,1307.90966,2048.30062,2617.49225,0.00000,4581.86612,2050.00000,1898.75000,2200.00000
2021,Brandenburg,male,220,2039.13059,1864.66434,2213.59685,1200.00000,1895.58986,2745.96538,68.00000,5064.91344,1900.00000,1707.80000,2200.00000
2021,Brandenburg,female,222,1827.02635,1696.07224,1957.98047,1200.00000,1825.26436,2400.00000,0.00000,4200.00000,1826.00000,1547.77500,2002.50000
2021,Mecklenburg-Western Pomerania,male,117,1823.06329,1542.85586,2103.27071,1258.24671,1600.00000,2100.00000,0.00000,3362.62993,1600.00000,1340.00000,1819.05000
2021,Mecklenburg-Western Pomerania,female,121,1524.49149,1387.58222,1661.40077,1084.40421,1390.75100,1900.00000,0.00000,3123.39369,1350.00000,1260.00000,1660.00000
2021,Saxony,male,370,2011.81517,1886.78023,2136.85011,1400.00000,1800.00000,2400.00000,50.00000,3900.00000,1800.00000,1700.00000,2000.00000
2021,Saxony,female,361,1667.26101,1577.83330,1756.68873,1100.00000,1701.11040,2100.00000,0.00000,3600.00000,1700.00000,1447.50000,1850.00000
2021,Saxony-Anhalt,male,186,2013.04100,1861.30686,2164.77513,1300.00000,2021.00239,2700.00000,0.00000,4800.00000,2025.00000,1600.00000,2400.00000
2021,Saxony-Anhalt,female,175,1491.65132,1351.28344,1632.01920,775.34291,1589.19428,2030.16127,0.00000,3912.38882,1600.00000,1168.52500,1800.00000
2021,Thuringa,male,171,2120.55743,1957.05889,2284.05597,1500.00000,2081.47040,2606.03863,1.00000,4265.09658,2087.00000,1995.00000,2400.00000
2021,Thuringa,female,206,1516.07948,1388.08185,1644.07712,902.28556,1500.00000,2084.43487,0.00000,3857.65883,1500.00000,1283.00000,1700.00000
2022,Schleswig-Holstein,male,353,2716.58205,2560.80807,2872.35603,1750.00000,2600.00000,3445.19221,0.00000,5987.98053,2600.00000,2300.00000,3000.00000
2022,Schleswig-Holstein,female,339,1723.28126,1621.15907,1825.40345,1118.06561,1700.00000,2200.00000,0.00000,3822.90159,1700.00000,1569.77500,1800.00000
2022,Hamburg,male,234,2758.28160,2508.26609,3008.29711,1479.25399,2330.21309,3500.00000,0.00000,6531.11901,2330.00000,2299.45000,2800.00000
2022,Hamburg,female,225,2238.03780,2066.97845,2409.09716,1298.84217,2123.67648,2750.00000,0.00000,4926.73674,2123.00000,1967.00000,2450.00000
2022,Lower Saxony,male,877,2590.77935,2451.60675,2729.95195,1700.00000,2400.00000,3200.00000,0.00000,5450.00000,2400.00000,2300.00000,2600.00000
2022,Lower Saxony,female,789,1658.78205,1586.55812,1731.00597,900.00000,1542.26860,2200.00000,0.00000,4150.00000,1540.00000,1350.00000,1700.00000
2022,Bremen,male,75,2076.79526,1756.98544,2396.60508,517.10710,2213.79561,2917.00933,0.00000,6516.86266,2200.00000,1150.82500,2800.00000
2022,Bremen,female,68,2239.47044,1918.48098,2560.45990,1271.38717,1975.21081,3300.00000,0.00000,5805.00000,1975.00000,1600.00000,2900.00000
2022,North Rhine-Westphalia,male,2178,2776.78933,2687.47921,2866.09945,1771.92409,2400.00000,3459.58542,0.00000,5991.07742,2400.00000,2350.00000,2500.00000
2022,North Rhine-Westphalia,female,1969,1754.63735,1702.88370,1806.39099,877.14221,1587.43224,2378.97385,0.00000,4631.72130,1581.00000,1450.00000,1700.00000
2022,Hesse,male,698,2931.86356,2755.27997,3108.44716,1781.56907,2533.78182,3665.21218,0.00000,6490.67684,2547.00000,2300.00000,2751.25000
2022,Hesse,female,635,1771.71683,1667.51670,1875.91696,800.00000,1525.31463,2600.00000,0.00000,5300.00000,1523.00000,1300.00000,1851.10000
2022,"Rhineland-Palatinate, Saarland",male,461,2472.17862,2338.95355,2605.40369,1700.00000,2337.17996,3002.50593,0.00000,4956.26482,2329.00000,2250.00000,2525.52500
2022,"Rhineland-Palatinate, Saarland",female,436,1669.31905,1557.35873,1781.27937,852.12706,1550.00000,2156.37576,0.00000,4112.74881,1550.00000,1286.00000,1700.00000
2022,Baden-Wuerttemberg,male,1318,2930.41107,2787.53638,3073.28576,1800.00000,2600.00000,3600.00000,0.00000,6300.00000,2600.00000,2500.00000,2700.00000
2022,Baden-Wuerttemberg,female,1161,1743.07590,1680.18010,1805.97171,1000.00000,1600.00000,2250.00000,0.00000,4125.00000,1600.00000,1480.00000,1800.00000
2022,Bavaria,male,1693,2925.54488,2819.55708,3031.53267,1967.11974,2584.59866,3500.00000,0.00000,5799.32040,2585.00000,2454.87500,2600.00000
2022,Bavaria,female,1620,1643.78696,1581.50377,1706.07016,850.00000,1500.00000,2200.00000,0.00000,4225.00000,1500.00000,1353.60000,1627.32500
2022,Berlin,male,632,2443.13920,2311.98573,2574.29268,1350.00000,2359.00000,3300.00000,0.00000,6225.00000,2359.00000,2126.65000,2502.15000
2022,Berlin,female,555,2194.99228,2086.62510,2303.35946,1445.71633,2049.09171,2759.35488,0.00000,4729.81270,2051.00000,1900.00000,2240.27500
2022,Brandenburg,male,310,2426.69950,2264.63614,2588.76287,1600.00000,2243.02542,3000.00000,0.00000,5100.00000,2270.00000,1999.62500,2443.92500
2022,Brandenburg,female,337,1963.41188,1849.58998,2077.23378,1300.00000,1900.00000,2509.35549,0.00000,4323.38872,1900.00000,1800.00000,2025.00000
2022,Mecklenburg-Western Pomerania,male,183,2346.26807,1956.96691,2735.56923,1400.00000,2045.59682,2771.09924,0.00000,4827.74811,2047.00000,1833.15000,2327.00000
2022,Mecklenburg-Western Pomerania,female,198,1721.92859,1610.00682,1833.85036,1200.00000,1600.00000,2141.13469,350.00000,3552.83673,1600.00000,1500.00000,1876.00000
2022,Saxony,male,624,2087.74226,1997.41776,2178.06676,1500.00000,1900.00000,2598.97493,0.00000,4247.43733,1900.00000,1776.00000,2136.52500
2022,Saxony,female,615,1568.85772,1502.38977,1635.32567,1000.00000,1600.00000,2000.15121,0.00000,3500.37804,1600.00000,1400.00000,1700.00000
2022,Saxony-Anhalt,male,326,2452.16129,2072.20183,2832.12075,1400.00000,2000.00000,2900.00000,0.00000,5150.00000,2000.00000,1900.00000,2351.25000
2022,Saxony-Anhalt,female,298,1792.25387,1682.26590,1902.24183,1200.00000,1792.92661,2400.00000,0.00000,4200.00000,1792.00000,1510.72500,2000.00000
2022,Thuringa,male,284,2161.28719,2009.66493,2312.90946,1551.92151,2000.00000,2615.70071,0.00000,4211.36951,2000.00000,1800.00000,2100.00000
2022,Thuringa,female,290,1587.76317,1485.77010,1689.75623,993.18913,1500.00000,2004.05841,0.00000,3520.36234,1500.00000,1399.85000,1659.05000
