year,migback,quintil_oecd,n,mean,mean_lower_confidence,mean_upper_confidence,lower_quartile,boxplot_median,upper_quartile,lower_whisker,upper_whisker,median,median_lower_confidence,median_upper_confidence
1984,No migration background,1st Quintile,,,,,,,,,,,,
1984,No migration background,2nd Quintile,,,,,,,,,,,,
1984,No migration background,3rd Quintile,,,,,,,,,,,,
1984,No migration background,4th Quintile,,,,,,,,,,,,
1984,No migration background,5th Quintile,,,,,,,,,,,,
1984,Direct migration background,1st Quintile,,,,,,,,,,,,
1984,Direct migration background,2nd Quintile,,,,,,,,,,,,
1984,Direct migration background,3rd Quintile,,,,,,,,,,,,
1984,Direct migration background,4th Quintile,,,,,,,,,,,,
1984,Direct migration background,5th Quintile,,,,,,,,,,,,
1984,Indirect migration background,1st Quintile,,,,,,,,,,,,
1984,Indirect migration background,2nd Quintile,,,,,,,,,,,,
1984,Indirect migration background,3rd Quintile,,,,,,,,,,,,
1984,Indirect migration background,4th Quintile,,,,,,,,,,,,
1984,Indirect migration background,5th Quintile,,,,,,,,,,,,
1985,No migration background,1st Quintile,,,,,,,,,,,,
1985,No migration background,2nd Quintile,,,,,,,,,,,,
1985,No migration background,3rd Quintile,,,,,,,,,,,,
1985,No migration background,4th Quintile,,,,,,,,,,,,
1985,No migration background,5th Quintile,,,,,,,,,,,,
1985,Direct migration background,1st Quintile,,,,,,,,,,,,
1985,Direct migration background,2nd Quintile,,,,,,,,,,,,
1985,Direct migration background,3rd Quintile,,,,,,,,,,,,
1985,Direct migration background,4th Quintile,,,,,,,,,,,,
1985,Direct migration background,5th Quintile,,,,,,,,,,,,
1985,Indirect migration background,1st Quintile,,,,,,,,,,,,
1985,Indirect migration background,2nd Quintile,,,,,,,,,,,,
1985,Indirect migration background,3rd Quintile,,,,,,,,,,,,
1985,Indirect migration background,4th Quintile,,,,,,,,,,,,
1985,Indirect migration background,5th Quintile,,,,,,,,,,,,
1986,No migration background,1st Quintile,,,,,,,,,,,,
1986,No migration background,2nd Quintile,,,,,,,,,,,,
1986,No migration background,3rd Quintile,,,,,,,,,,,,
1986,No migration background,4th Quintile,,,,,,,,,,,,
1986,No migration background,5th Quintile,,,,,,,,,,,,
1986,Direct migration background,1st Quintile,,,,,,,,,,,,
1986,Direct migration background,2nd Quintile,,,,,,,,,,,,
1986,Direct migration background,3rd Quintile,,,,,,,,,,,,
1986,Direct migration background,4th Quintile,,,,,,,,,,,,
1986,Direct migration background,5th Quintile,,,,,,,,,,,,
1986,Indirect migration background,1st Quintile,,,,,,,,,,,,
1986,Indirect migration background,2nd Quintile,,,,,,,,,,,,
1986,Indirect migration background,3rd Quintile,,,,,,,,,,,,
1986,Indirect migration background,4th Quintile,,,,,,,,,,,,
1986,Indirect migration background,5th Quintile,,,,,,,,,,,,
1987,No migration background,1st Quintile,,,,,,,,,,,,
1987,No migration background,2nd Quintile,,,,,,,,,,,,
1987,No migration background,3rd Quintile,,,,,,,,,,,,
1987,No migration background,4th Quintile,,,,,,,,,,,,
1987,No migration background,5th Quintile,,,,,,,,,,,,
1987,Direct migration background,1st Quintile,,,,,,,,,,,,
1987,Direct migration background,2nd Quintile,,,,,,,,,,,,
1987,Direct migration background,3rd Quintile,,,,,,,,,,,,
1987,Direct migration background,4th Quintile,,,,,,,,,,,,
1987,Direct migration background,5th Quintile,,,,,,,,,,,,
1987,Indirect migration background,1st Quintile,,,,,,,,,,,,
1987,Indirect migration background,2nd Quintile,,,,,,,,,,,,
1987,Indirect migration background,3rd Quintile,,,,,,,,,,,,
1987,Indirect migration background,4th Quintile,,,,,,,,,,,,
1987,Indirect migration background,5th Quintile,,,,,,,,,,,,
1988,No migration background,1st Quintile,1124,3.74149,3.40119,4.08180,0.00000,2.00000,4.00000,0.0,10.00000,2.0,2.00000,3.00000
1988,No migration background,2nd Quintile,1304,3.59818,3.29552,3.90083,0.00000,2.00000,5.00000,0.0,12.50000,2.0,2.00000,2.00000
1988,No migration background,3rd Quintile,1435,3.12418,2.87319,3.37517,0.00000,2.00000,4.00000,0.0,10.00000,2.0,1.00000,2.00000
1988,No migration background,4th Quintile,1531,3.27264,3.01594,3.52934,0.00000,2.00000,4.00000,0.0,10.00000,2.0,2.00000,2.00000
1988,No migration background,5th Quintile,1666,2.79058,2.56011,3.02105,0.00000,1.00000,3.00000,0.0,7.50000,1.0,1.00000,2.00000
1988,Direct migration background,1st Quintile,774,3.37252,2.93977,3.80526,0.00000,1.00000,4.00000,0.0,10.00000,1.0,1.00000,2.00000
1988,Direct migration background,2nd Quintile,614,3.32586,2.90303,3.74868,0.00000,2.00000,4.00000,0.0,10.00000,2.0,1.00000,2.00000
1988,Direct migration background,3rd Quintile,522,3.74588,2.97547,4.51630,0.00000,1.00000,3.00000,0.0,7.50000,1.0,1.00000,2.00000
1988,Direct migration background,4th Quintile,491,2.89675,2.34780,3.44569,0.00000,1.00000,3.00000,0.0,7.50000,1.0,1.00000,1.00000
1988,Direct migration background,5th Quintile,255,2.24219,1.76879,2.71559,0.00000,1.00000,3.00000,0.0,7.50000,1.0,0.00000,1.00000
1988,Indirect migration background,1st Quintile,66,1.07263,0.51000,1.63527,0.00000,0.00000,1.83925,0.0,4.59813,0.0,0.00000,1.00000
1988,Indirect migration background,2nd Quintile,59,1.04746,0.62389,1.47104,0.00000,0.00000,2.00000,0.0,5.00000,0.0,0.00000,1.00000
1988,Indirect migration background,3rd Quintile,38,7.34669,3.46289,11.23050,1.00000,2.00000,10.00000,0.0,23.50000,2.0,1.00000,10.00000
1988,Indirect migration background,4th Quintile,41,4.50084,2.45892,6.54277,0.00000,2.00000,4.00000,0.0,10.00000,2.0,1.00000,4.00000
1988,Indirect migration background,5th Quintile,,,,,,,,,,,,
1989,No migration background,1st Quintile,1069,4.05204,3.64055,4.46352,0.00000,2.00000,5.00000,0.0,12.50000,2.0,2.00000,3.00000
1989,No migration background,2nd Quintile,1217,3.38115,3.00292,3.75937,0.00000,2.00000,3.00000,0.0,7.50000,2.0,1.00000,2.00000
1989,No migration background,3rd Quintile,1370,3.51194,3.18628,3.83760,0.00000,2.00000,4.00000,0.0,10.00000,2.0,2.00000,2.00000
1989,No migration background,4th Quintile,1529,3.10020,2.84131,3.35909,0.00000,2.00000,4.00000,0.0,10.00000,2.0,2.00000,2.00000
1989,No migration background,5th Quintile,1615,2.84608,2.62596,3.06621,0.00000,1.00000,3.00000,0.0,7.50000,1.0,1.00000,2.00000
1989,Direct migration background,1st Quintile,782,3.29644,2.89986,3.69302,0.00000,2.00000,4.00000,0.0,10.00000,2.0,1.00000,2.00000
1989,Direct migration background,2nd Quintile,659,2.84535,2.47148,3.21922,0.00000,2.00000,3.00000,0.0,7.50000,2.0,1.00000,2.00000
1989,Direct migration background,3rd Quintile,473,3.00746,2.40173,3.61320,0.00000,1.00000,4.00000,0.0,10.00000,1.0,1.00000,2.00000
1989,Direct migration background,4th Quintile,436,2.85763,2.42470,3.29055,0.00000,1.00000,3.00000,0.0,7.50000,1.0,1.00000,2.00000
1989,Direct migration background,5th Quintile,222,2.58975,2.10873,3.07077,0.00000,1.00000,3.00000,0.0,7.50000,1.0,1.00000,2.00000
1989,Indirect migration background,1st Quintile,68,1.72097,1.14953,2.29241,0.00000,1.00000,2.00000,0.0,5.00000,1.0,0.00000,2.00000
1989,Indirect migration background,2nd Quintile,79,4.57865,2.43381,6.72349,0.00000,1.00000,3.00000,0.0,7.50000,1.0,0.00000,2.00000
1989,Indirect migration background,3rd Quintile,43,2.04352,1.46305,2.62400,1.00000,2.00000,3.00000,0.0,6.00000,2.0,1.00000,3.00000
1989,Indirect migration background,4th Quintile,41,2.73923,1.48610,3.99236,0.00000,1.43415,4.00000,0.0,10.00000,1.0,0.00000,4.00000
1989,Indirect migration background,5th Quintile,,,,,,,,,,,,
1990,No migration background,1st Quintile,,,,,,,,,,,,
1990,No migration background,2nd Quintile,,,,,,,,,,,,
1990,No migration background,3rd Quintile,,,,,,,,,,,,
1990,No migration background,4th Quintile,,,,,,,,,,,,
1990,No migration background,5th Quintile,,,,,,,,,,,,
1990,Direct migration background,1st Quintile,,,,,,,,,,,,
1990,Direct migration background,2nd Quintile,,,,,,,,,,,,
1990,Direct migration background,3rd Quintile,,,,,,,,,,,,
1990,Direct migration background,4th Quintile,,,,,,,,,,,,
1990,Direct migration background,5th Quintile,,,,,,,,,,,,
1990,Indirect migration background,1st Quintile,,,,,,,,,,,,
1990,Indirect migration background,2nd Quintile,,,,,,,,,,,,
1990,Indirect migration background,3rd Quintile,,,,,,,,,,,,
1990,Indirect migration background,4th Quintile,,,,,,,,,,,,
1990,Indirect migration background,5th Quintile,,,,,,,,,,,,
1991,No migration background,1st Quintile,993,4.54798,3.97827,5.11769,1.00000,2.00000,5.00000,0.0,11.00000,2.0,2.00000,3.00000
1991,No migration background,2nd Quintile,1198,3.19129,2.91158,3.47100,0.00000,2.00000,4.00000,0.0,10.00000,2.0,2.00000,2.00000
1991,No migration background,3rd Quintile,1321,3.21087,2.95208,3.46966,0.00000,2.00000,4.00000,0.0,10.00000,2.0,2.00000,2.00000
1991,No migration background,4th Quintile,1481,3.24218,2.98806,3.49630,0.00000,2.00000,4.00000,0.0,10.00000,2.0,2.00000,2.00000
1991,No migration background,5th Quintile,1565,2.81625,2.59086,3.04164,0.00000,1.00000,3.00000,0.0,7.50000,1.0,1.00000,2.00000
1991,Direct migration background,1st Quintile,739,3.50026,3.06742,3.93310,0.00000,2.00000,4.00000,0.0,10.00000,2.0,1.00000,2.00000
1991,Direct migration background,2nd Quintile,600,3.06612,2.65966,3.47257,0.00000,2.00000,4.00000,0.0,10.00000,2.0,2.00000,2.00000
1991,Direct migration background,3rd Quintile,483,3.08143,2.55615,3.60672,0.00000,2.00000,4.00000,0.0,10.00000,2.0,1.00000,2.00000
1991,Direct migration background,4th Quintile,392,2.39792,1.98422,2.81163,0.00000,1.00000,3.00000,0.0,7.50000,1.0,1.00000,2.00000
1991,Direct migration background,5th Quintile,238,3.06987,2.44722,3.69251,0.00000,1.00000,3.00000,0.0,7.50000,1.0,1.00000,2.00000
1991,Indirect migration background,1st Quintile,97,4.29910,2.16850,6.42970,0.00000,1.00000,3.00000,0.0,7.50000,1.0,0.00000,2.00000
1991,Indirect migration background,2nd Quintile,86,2.77544,1.80859,3.74230,0.00000,1.04886,3.00000,0.0,7.50000,1.0,1.00000,3.00000
1991,Indirect migration background,3rd Quintile,74,2.85877,1.74455,3.97299,0.00000,1.00000,3.00000,0.0,7.50000,1.0,0.00000,3.00000
1991,Indirect migration background,4th Quintile,53,1.89627,1.13121,2.66133,0.00000,1.00000,2.00000,0.0,5.00000,1.0,0.00000,2.00000
1991,Indirect migration background,5th Quintile,,,,,,,,,,,,
1992,No migration background,1st Quintile,2156,3.37131,3.14255,3.60008,0.00000,2.00000,4.00000,0.0,10.00000,2.0,2.00000,2.00000
1992,No migration background,2nd Quintile,2142,3.10201,2.88463,3.31940,0.00000,2.00000,3.00000,0.0,7.50000,2.0,1.00000,2.00000
1992,No migration background,3rd Quintile,1951,2.92556,2.71148,3.13964,0.00000,2.00000,3.00000,0.0,7.50000,2.0,1.00000,2.00000
1992,No migration background,4th Quintile,1957,3.40675,3.12199,3.69152,0.00000,2.00000,4.00000,0.0,10.00000,2.0,2.00000,2.00000
1992,No migration background,5th Quintile,2059,2.65669,2.48250,2.83089,0.00000,2.00000,3.00000,0.0,7.50000,2.0,1.00000,2.00000
1992,Direct migration background,1st Quintile,508,3.61682,3.14771,4.08593,0.00000,2.00000,5.00000,0.0,12.50000,2.0,2.00000,3.00000
1992,Direct migration background,2nd Quintile,597,3.22521,2.78330,3.66712,0.00000,2.00000,4.00000,0.0,10.00000,2.0,1.00000,2.00000
1992,Direct migration background,3rd Quintile,586,2.72098,2.21628,3.22568,0.00000,1.00000,3.00000,0.0,7.50000,1.0,1.00000,1.00000
1992,Direct migration background,4th Quintile,526,2.47632,2.05777,2.89486,0.00000,1.00000,3.00000,0.0,7.50000,1.0,1.00000,2.00000
1992,Direct migration background,5th Quintile,272,2.72591,2.07888,3.37295,0.00000,1.73609,3.00000,0.0,7.50000,2.0,1.00000,2.00000
1992,Indirect migration background,1st Quintile,74,2.50629,1.60558,3.40699,0.00000,1.00000,3.00000,0.0,7.50000,1.0,0.97500,2.00000
1992,Indirect migration background,2nd Quintile,97,3.66054,2.05784,5.26325,0.00000,2.00000,3.00000,0.0,7.50000,2.0,0.00000,2.00000
1992,Indirect migration background,3rd Quintile,100,2.35104,1.77506,2.92703,0.00000,1.00000,3.93210,0.0,9.83026,1.0,1.00000,3.00000
1992,Indirect migration background,4th Quintile,93,1.75236,0.99184,2.51288,0.00000,0.00000,2.00000,0.0,5.00000,0.0,0.00000,1.00000
1992,Indirect migration background,5th Quintile,35,4.47591,2.68570,6.26613,0.00000,1.00000,10.00000,0.0,15.0,1.0,0.00000,10.00000
1993,No migration background,1st Quintile,,,,,,,,,,,,
1993,No migration background,2nd Quintile,,,,,,,,,,,,
1993,No migration background,3rd Quintile,,,,,,,,,,,,
1993,No migration background,4th Quintile,,,,,,,,,,,,
1993,No migration background,5th Quintile,,,,,,,,,,,,
1993,Direct migration background,1st Quintile,,,,,,,,,,,,
1993,Direct migration background,2nd Quintile,,,,,,,,,,,,
1993,Direct migration background,3rd Quintile,,,,,,,,,,,,
1993,Direct migration background,4th Quintile,,,,,,,,,,,,
1993,Direct migration background,5th Quintile,,,,,,,,,,,,
1993,Indirect migration background,1st Quintile,,,,,,,,,,,,
1993,Indirect migration background,2nd Quintile,,,,,,,,,,,,
1993,Indirect migration background,3rd Quintile,,,,,,,,,,,,
1993,Indirect migration background,4th Quintile,,,,,,,,,,,,
1993,Indirect migration background,5th Quintile,,,,,,,,,,,,
1994,No migration background,1st Quintile,,,,,,,,,,,,
1994,No migration background,2nd Quintile,,,,,,,,,,,,
1994,No migration background,3rd Quintile,,,,,,,,,,,,
1994,No migration background,4th Quintile,,,,,,,,,,,,
1994,No migration background,5th Quintile,,,,,,,,,,,,
1994,Direct migration background,1st Quintile,,,,,,,,,,,,
1994,Direct migration background,2nd Quintile,,,,,,,,,,,,
1994,Direct migration background,3rd Quintile,,,,,,,,,,,,
1994,Direct migration background,4th Quintile,,,,,,,,,,,,
1994,Direct migration background,5th Quintile,,,,,,,,,,,,
1994,Indirect migration background,1st Quintile,,,,,,,,,,,,
1994,Indirect migration background,2nd Quintile,,,,,,,,,,,,
1994,Indirect migration background,3rd Quintile,,,,,,,,,,,,
1994,Indirect migration background,4th Quintile,,,,,,,,,,,,
1994,Indirect migration background,5th Quintile,,,,,,,,,,,,
1995,No migration background,1st Quintile,1535,3.64507,3.33129,3.95885,0.00000,2.00000,4.00000,0.0,10.00000,2.0,2.00000,2.00000
1995,No migration background,2nd Quintile,2011,3.66059,3.39138,3.92979,1.00000,2.00000,4.00000,0.0,8.50000,2.0,2.00000,2.00000
1995,No migration background,3rd Quintile,2081,3.10871,2.89870,3.31872,0.00000,2.00000,4.00000,0.0,10.00000,2.0,2.00000,2.00000
1995,No migration background,4th Quintile,2177,3.21106,3.00329,3.41883,0.00000,2.00000,4.00000,0.0,10.00000,2.0,2.00000,2.00000
1995,No migration background,5th Quintile,2111,2.94182,2.72688,3.15675,0.00000,2.00000,3.00000,0.0,7.50000,2.0,1.00000,2.00000
1995,Direct migration background,1st Quintile,845,2.80675,2.46948,3.14403,0.00000,1.00000,3.00000,0.0,7.50000,1.0,1.00000,2.00000
1995,Direct migration background,2nd Quintile,714,3.07346,2.70803,3.43890,0.00000,2.00000,4.00000,0.0,10.00000,2.0,2.00000,2.00000
1995,Direct migration background,3rd Quintile,526,3.47476,2.99295,3.95656,0.00000,2.00000,4.00000,0.0,10.00000,2.0,1.00000,2.00000
1995,Direct migration background,4th Quintile,386,2.60313,2.13750,3.06875,0.00000,1.00000,3.00000,0.0,7.50000,1.0,1.00000,1.00000
1995,Direct migration background,5th Quintile,286,2.85955,2.40379,3.31531,0.00000,1.00000,3.00000,0.0,7.50000,1.0,1.00000,2.00000
1995,Indirect migration background,1st Quintile,132,2.69340,1.55294,3.83386,0.00000,0.00000,3.00000,0.0,7.50000,0.0,0.00000,1.00000
1995,Indirect migration background,2nd Quintile,132,3.47616,1.90248,5.04983,0.00000,1.00000,3.00000,0.0,7.50000,1.0,0.00000,2.00000
1995,Indirect migration background,3rd Quintile,99,2.39985,1.38660,3.41310,0.00000,1.67652,3.00000,0.0,7.50000,2.0,1.00000,2.00000
1995,Indirect migration background,4th Quintile,85,1.34315,0.88480,1.80150,0.00000,1.00000,2.00000,0.0,5.00000,1.0,0.00000,1.00000
1995,Indirect migration background,5th Quintile,53,1.37098,0.86083,1.88114,0.00000,1.00000,2.00000,0.0,5.00000,1.0,0.00000,2.00000
1996,No migration background,1st Quintile,1535,3.19277,2.96250,3.42304,0.00000,2.00000,4.00000,0.0,10.00000,2.0,2.00000,2.00000
1996,No migration background,2nd Quintile,1867,3.44126,3.19558,3.68694,0.00000,2.00000,4.00000,0.0,10.00000,2.0,2.00000,2.00000
1996,No migration background,3rd Quintile,2082,3.30245,3.07824,3.52666,0.00000,2.00000,4.00000,0.0,10.00000,2.0,2.00000,2.00000
1996,No migration background,4th Quintile,2202,2.95983,2.75752,3.16214,0.00000,2.00000,3.00000,0.0,7.50000,2.0,1.00000,2.00000
1996,No migration background,5th Quintile,2110,2.94033,2.74007,3.14059,0.00000,2.00000,3.00000,0.0,7.50000,2.0,2.00000,2.00000
1996,Direct migration background,1st Quintile,838,3.23151,2.84696,3.61606,0.00000,2.00000,4.00000,0.0,10.00000,2.0,1.00000,2.00000
1996,Direct migration background,2nd Quintile,622,3.53910,3.06394,4.01425,0.00000,2.00000,4.00000,0.0,10.00000,2.0,2.00000,2.00000
1996,Direct migration background,3rd Quintile,452,3.55025,2.96907,4.13143,0.00000,2.00000,4.00000,0.0,10.00000,2.0,1.00000,2.00000
1996,Direct migration background,4th Quintile,387,2.62601,2.24798,3.00405,0.00000,1.00000,4.00000,0.0,10.00000,1.0,1.00000,2.00000
1996,Direct migration background,5th Quintile,262,2.55618,2.10446,3.00790,0.00000,1.00000,3.00000,0.0,7.50000,1.0,1.00000,2.00000
1996,Indirect migration background,1st Quintile,161,2.88955,1.92497,3.85413,0.00000,1.59074,3.00000,0.0,7.50000,1.0,0.00000,2.00000
1996,Indirect migration background,2nd Quintile,114,2.03847,1.51292,2.56402,0.00000,1.00000,3.00000,0.0,7.50000,1.0,1.00000,2.00000
1996,Indirect migration background,3rd Quintile,111,2.45214,1.78391,3.12036,0.00000,2.00000,3.00000,0.0,7.50000,2.0,0.00000,2.00000
1996,Indirect migration background,4th Quintile,91,2.14297,1.28070,3.00524,0.00000,1.00000,3.00000,0.0,7.50000,1.0,0.00000,2.00000
1996,Indirect migration background,5th Quintile,56,1.94075,0.83374,3.04777,0.00000,1.00000,2.00000,0.0,5.00000,1.0,0.00000,2.00000
1997,No migration background,1st Quintile,1397,3.47675,3.20502,3.74849,0.00000,2.00000,4.00000,0.0,10.00000,2.0,2.00000,2.00000
1997,No migration background,2nd Quintile,1985,3.20447,3.00243,3.40651,0.00000,2.00000,4.00000,0.0,10.00000,2.0,2.00000,2.00000
1997,No migration background,3rd Quintile,2073,3.15430,2.94455,3.36404,0.00000,2.00000,4.00000,0.0,10.00000,2.0,2.00000,2.00000
1997,No migration background,4th Quintile,2191,2.82611,2.63871,3.01351,0.00000,2.00000,3.00000,0.0,7.50000,2.0,1.00000,2.00000
1997,No migration background,5th Quintile,2112,2.72360,2.55462,2.89259,0.00000,2.00000,3.00000,0.0,7.50000,2.0,1.00000,2.00000
1997,Direct migration background,1st Quintile,810,2.83872,2.52692,3.15052,0.00000,1.00000,3.00000,0.0,7.50000,1.0,1.00000,2.00000
1997,Direct migration background,2nd Quintile,598,3.05033,2.66545,3.43520,0.00000,2.00000,3.00000,0.0,7.50000,2.0,1.00000,2.00000
1997,Direct migration background,3rd Quintile,433,2.76174,2.34866,3.17483,0.00000,1.00000,3.00000,0.0,7.50000,1.0,1.00000,2.00000
1997,Direct migration background,4th Quintile,374,2.81607,2.33462,3.29752,0.00000,2.00000,3.00000,0.0,7.50000,2.0,1.00000,2.00000
1997,Direct migration background,5th Quintile,236,2.63272,2.22119,3.04424,0.00000,2.00000,3.00000,0.0,7.50000,2.0,1.00000,2.00000
1997,Indirect migration background,1st Quintile,164,1.99758,1.46897,2.52620,0.00000,1.00000,3.00000,0.0,7.50000,1.0,1.00000,1.00000
1997,Indirect migration background,2nd Quintile,148,1.98381,1.55906,2.40855,0.00000,1.00000,3.00000,0.0,7.50000,1.0,0.00000,2.00000
1997,Indirect migration background,3rd Quintile,105,1.16943,0.87760,1.46126,0.00000,1.00000,2.00000,0.0,5.00000,1.0,0.00000,1.00000
1997,Indirect migration background,4th Quintile,90,2.58548,1.87633,3.29462,0.00000,2.00000,3.68634,0.0,9.21584,2.0,0.00000,3.00000
1997,Indirect migration background,5th Quintile,55,2.16053,1.30836,3.01269,0.00000,1.00000,3.00000,0.0,7.50000,1.0,0.00000,3.00000
1998,No migration background,1st Quintile,1392,3.22177,2.94979,3.49375,0.00000,2.00000,4.00000,0.0,10.00000,2.0,1.00000,2.00000
1998,No migration background,2nd Quintile,1835,3.02167,2.78264,3.26070,0.00000,2.00000,4.00000,0.0,10.00000,2.0,2.00000,2.00000
1998,No migration background,3rd Quintile,2058,3.18613,2.98998,3.38228,0.00000,2.00000,4.00000,0.0,10.00000,2.0,2.00000,2.00000
1998,No migration background,4th Quintile,2160,2.64288,2.48050,2.80527,0.00000,2.00000,3.00000,0.0,7.50000,2.0,1.00000,2.00000
1998,No migration background,5th Quintile,2002,2.76374,2.58774,2.93975,0.00000,2.00000,4.00000,0.0,10.00000,2.0,1.00000,2.00000
1998,Direct migration background,1st Quintile,745,2.59770,2.26346,2.93194,0.00000,1.00000,3.00000,0.0,7.50000,1.0,1.00000,1.02500
1998,Direct migration background,2nd Quintile,519,2.69589,2.36243,3.02934,0.00000,2.00000,3.00000,0.0,7.50000,2.0,1.00000,2.00000
1998,Direct migration background,3rd Quintile,393,2.79477,2.42013,3.16941,0.00000,1.00000,3.00000,0.0,7.50000,1.0,1.00000,2.00000
1998,Direct migration background,4th Quintile,330,3.24712,2.82787,3.66638,0.00000,2.00000,4.00000,0.0,10.00000,2.0,2.00000,3.00000
1998,Direct migration background,5th Quintile,213,3.09617,2.49621,3.69614,0.00000,1.00000,3.83586,0.0,9.58964,1.0,1.00000,2.00000
1998,Indirect migration background,1st Quintile,176,1.70040,1.20383,2.19697,0.00000,1.00000,2.00000,0.0,5.00000,1.0,0.00000,1.00000
1998,Indirect migration background,2nd Quintile,135,2.15166,1.60175,2.70158,0.00000,1.00000,3.00000,0.0,7.50000,1.0,0.00000,2.00000
1998,Indirect migration background,3rd Quintile,104,2.21427,1.65525,2.77329,0.00000,1.00000,3.00000,0.0,7.50000,1.0,0.00000,2.00000
1998,Indirect migration background,4th Quintile,105,1.54062,1.00230,2.07893,0.00000,1.00000,2.00000,0.0,5.00000,1.0,0.00000,2.00000
1998,Indirect migration background,5th Quintile,61,1.83198,1.09185,2.57210,0.00000,1.00000,2.00000,0.0,5.00000,1.0,0.00000,2.00000
1999,No migration background,1st Quintile,1679,3.05352,2.81725,3.28979,0.00000,2.00000,4.00000,0.0,10.00000,2.0,2.00000,2.00000
1999,No migration background,2nd Quintile,2138,2.87876,2.68049,3.07704,0.00000,2.00000,4.00000,0.0,10.00000,2.0,2.00000,2.00000
1999,No migration background,3rd Quintile,2310,2.92843,2.76386,3.09299,1.00000,2.00000,4.00000,0.0,8.50000,2.0,2.00000,2.00000
1999,No migration background,4th Quintile,2334,2.95754,2.77946,3.13561,0.00000,2.00000,3.00000,0.0,7.50000,2.0,2.00000,2.00000
1999,No migration background,5th Quintile,2360,2.66966,2.50288,2.83644,0.00000,1.00000,3.00000,0.0,7.50000,1.0,1.00000,2.00000
1999,Direct migration background,1st Quintile,712,2.87599,2.47086,3.28112,0.00000,1.00000,3.00000,0.0,7.50000,1.0,1.00000,2.00000
1999,Direct migration background,2nd Quintile,583,3.08575,2.51684,3.65465,0.00000,2.00000,3.34733,0.0,8.36831,2.0,1.00000,2.00000
1999,Direct migration background,3rd Quintile,389,2.53858,2.23517,2.84200,0.00000,2.00000,3.00000,0.0,7.50000,2.0,1.00000,2.00000
1999,Direct migration background,4th Quintile,314,2.96238,2.58156,3.34320,0.00000,2.00000,4.00000,0.0,10.00000,2.0,2.00000,3.00000
1999,Direct migration background,5th Quintile,194,2.12334,1.59007,2.65660,0.00000,1.00000,3.00000,0.0,7.50000,1.0,1.00000,2.00000
1999,Indirect migration background,1st Quintile,185,2.40973,1.13428,3.68518,0.00000,1.00000,2.75073,0.0,6.87681,1.0,0.00000,1.00000
1999,Indirect migration background,2nd Quintile,139,1.51245,1.19670,1.82820,0.00000,1.00000,2.52566,0.0,6.31415,1.0,0.00000,2.00000
1999,Indirect migration background,3rd Quintile,117,2.50669,1.70235,3.31102,0.00000,1.00000,3.59787,0.0,8.99467,1.0,0.97500,3.00000
1999,Indirect migration background,4th Quintile,104,2.20382,1.68035,2.72729,0.00000,1.46331,4.00000,0.0,10.00000,1.0,1.00000,3.00000
1999,Indirect migration background,5th Quintile,53,2.38918,1.62469,3.15366,0.00000,1.00000,4.00000,0.0,10.00000,1.0,1.00000,3.00000
2000,No migration background,1st Quintile,1680,3.11362,2.89252,3.33473,0.00000,2.00000,4.00000,0.0,10.00000,2.0,2.00000,2.00000
2000,No migration background,2nd Quintile,2057,2.85535,2.68676,3.02394,0.00000,2.00000,4.00000,0.0,10.00000,2.0,2.00000,2.00000
2000,No migration background,3rd Quintile,2274,2.71213,2.54453,2.87973,0.00000,2.00000,3.00000,0.0,7.50000,2.0,1.00000,2.00000
2000,No migration background,4th Quintile,2279,2.75978,2.59452,2.92504,0.00000,2.00000,3.00000,0.0,7.50000,2.0,1.00000,2.00000
2000,No migration background,5th Quintile,2263,2.62599,2.45396,2.79802,0.00000,2.00000,3.00000,0.0,7.50000,2.0,1.00000,2.00000
2000,Direct migration background,1st Quintile,720,2.75477,2.42049,3.08904,0.00000,2.00000,3.00000,0.0,7.50000,2.0,1.00000,2.00000
2000,Direct migration background,2nd Quintile,521,3.03222,2.65221,3.41223,0.00000,2.00000,4.00000,0.0,10.00000,2.0,2.00000,2.00000
2000,Direct migration background,3rd Quintile,336,2.46751,2.02673,2.90829,0.00000,1.00000,3.00000,0.0,7.50000,1.0,1.00000,2.00000
2000,Direct migration background,4th Quintile,305,2.43383,2.08581,2.78186,0.00000,2.00000,3.00000,0.0,7.50000,2.0,1.00000,2.00000
2000,Direct migration background,5th Quintile,203,2.16775,1.73987,2.59563,0.00000,1.00000,3.00000,0.0,7.50000,1.0,1.00000,2.00000
2000,Indirect migration background,1st Quintile,172,1.64880,1.24855,2.04905,0.00000,1.00000,2.00000,0.0,5.00000,1.0,0.00000,1.00000
2000,Indirect migration background,2nd Quintile,150,2.04413,1.62893,2.45932,0.00000,1.00000,3.00000,0.0,7.50000,1.0,1.00000,2.00000
2000,Indirect migration background,3rd Quintile,113,2.78693,1.93936,3.63451,0.00000,2.00000,3.91200,0.0,9.78001,2.0,1.00000,3.00000
2000,Indirect migration background,4th Quintile,97,1.51945,1.14063,1.89828,0.00000,1.00000,2.00000,0.0,5.00000,1.0,1.00000,2.00000
2000,Indirect migration background,5th Quintile,67,2.10317,1.42747,2.77887,0.00000,1.00000,3.92412,0.0,9.81030,1.0,0.00000,2.02500
2001,No migration background,1st Quintile,2716,3.19225,2.98704,3.39746,0.00000,2.00000,4.00000,0.0,10.00000,2.0,2.00000,2.00000
2001,No migration background,2nd Quintile,3414,2.78278,2.65362,2.91195,0.00000,2.00000,3.00000,0.0,7.50000,2.0,2.00000,2.00000
2001,No migration background,3rd Quintile,3835,2.86172,2.71809,3.00535,0.00000,2.00000,3.00000,0.0,7.50000,2.0,2.00000,2.00000
2001,No migration background,4th Quintile,4076,2.70460,2.56670,2.84250,0.00000,1.00000,3.00000,0.0,7.50000,1.0,1.00000,2.00000
2001,No migration background,5th Quintile,4127,2.77291,2.63615,2.90966,0.00000,2.00000,3.00000,0.0,7.50000,2.0,1.00000,2.00000
2001,Direct migration background,1st Quintile,962,2.72788,2.35643,3.09934,0.00000,1.00000,3.00000,0.0,7.50000,1.0,1.00000,2.00000
2001,Direct migration background,2nd Quintile,725,2.50249,2.19584,2.80915,0.00000,1.00000,3.00000,0.0,7.50000,1.0,1.00000,2.00000
2001,Direct migration background,3rd Quintile,545,2.48232,2.19981,2.76483,0.00000,1.00000,3.00000,0.0,7.50000,1.0,1.00000,2.00000
2001,Direct migration background,4th Quintile,384,2.64624,2.27656,3.01591,0.00000,1.00000,3.00000,0.0,7.50000,1.0,1.00000,2.00000
2001,Direct migration background,5th Quintile,289,2.47741,2.01918,2.93563,0.00000,1.00000,3.00000,0.0,7.50000,1.0,1.00000,1.00000
2001,Indirect migration background,1st Quintile,187,2.58259,1.91121,3.25396,0.00000,1.00000,3.00000,0.0,7.50000,1.0,1.00000,2.00000
2001,Indirect migration background,2nd Quintile,195,1.23935,0.90883,1.56987,0.00000,0.00000,2.00000,0.0,5.00000,0.0,0.00000,1.00000
2001,Indirect migration background,3rd Quintile,142,2.80997,1.98496,3.63497,0.00000,2.00000,3.00000,0.0,7.50000,2.0,1.00000,2.00000
2001,Indirect migration background,4th Quintile,135,1.98436,1.31309,2.65564,0.00000,1.00000,2.00000,0.0,5.00000,1.0,0.00000,1.00000
2001,Indirect migration background,5th Quintile,102,1.83042,1.28599,2.37484,0.00000,1.00000,3.00000,0.0,7.50000,1.0,0.00000,2.00000
2002,No migration background,1st Quintile,2421,2.89434,2.71797,3.07070,0.00000,2.00000,3.00000,0.0,7.50000,2.0,2.00000,2.00000
2002,No migration background,2nd Quintile,3054,2.84431,2.67457,3.01406,0.00000,2.00000,3.00000,0.0,7.50000,2.0,2.00000,2.00000
2002,No migration background,3rd Quintile,3466,2.79155,2.61345,2.96965,0.00000,1.00000,3.00000,0.0,7.50000,1.0,1.00000,2.00000
2002,No migration background,4th Quintile,3848,2.73345,2.59537,2.87154,0.00000,2.00000,3.00000,0.0,7.50000,2.0,1.00000,2.00000
2002,No migration background,5th Quintile,4532,2.50264,2.38827,2.61701,0.00000,1.00000,3.00000,0.0,7.50000,1.0,1.00000,1.00000
2002,Direct migration background,1st Quintile,848,2.75008,2.44785,3.05231,0.00000,1.00000,3.00000,0.0,7.50000,1.0,1.00000,2.00000
2002,Direct migration background,2nd Quintile,700,2.53956,2.16499,2.91413,0.00000,1.00000,3.00000,0.0,7.50000,1.0,1.00000,1.00000
2002,Direct migration background,3rd Quintile,432,2.26515,1.97508,2.55523,0.00000,1.00000,3.00000,0.0,7.50000,1.0,1.00000,2.00000
2002,Direct migration background,4th Quintile,375,2.14791,1.84726,2.44855,0.00000,1.00000,3.00000,0.0,7.50000,1.0,1.00000,2.00000
2002,Direct migration background,5th Quintile,333,2.68970,2.08489,3.29451,0.00000,1.00000,3.00000,0.0,7.50000,1.0,1.00000,1.02500
2002,Indirect migration background,1st Quintile,183,1.79554,1.24168,2.34940,0.00000,1.00000,3.00000,0.0,7.50000,1.0,0.00000,1.00000
2002,Indirect migration background,2nd Quintile,159,1.81724,1.33144,2.30304,0.00000,1.00000,3.00000,0.0,7.50000,1.0,0.00000,1.00000
2002,Indirect migration background,3rd Quintile,130,1.54584,1.11337,1.97831,0.00000,1.00000,2.00000,0.0,5.00000,1.0,0.00000,1.00000
2002,Indirect migration background,4th Quintile,134,1.72430,1.25221,2.19638,0.00000,1.00000,2.00000,0.0,5.00000,1.0,1.00000,2.00000
2002,Indirect migration background,5th Quintile,120,1.79073,1.25158,2.32988,0.00000,1.00000,3.00000,0.0,7.50000,1.0,0.00000,1.00000
2003,No migration background,1st Quintile,2423,3.04902,2.88147,3.21657,0.00000,2.00000,4.00000,0.0,10.00000,2.0,2.00000,2.00000
2003,No migration background,2nd Quintile,3085,2.82358,2.67993,2.96724,0.00000,2.00000,3.00000,0.0,7.50000,2.0,2.00000,2.00000
2003,No migration background,3rd Quintile,3439,2.80537,2.66343,2.94730,0.00000,2.00000,3.00000,0.0,7.50000,2.0,2.00000,2.00000
2003,No migration background,4th Quintile,3905,2.76165,2.62027,2.90303,0.00000,2.00000,3.00000,0.0,7.50000,2.0,1.00000,2.00000
2003,No migration background,5th Quintile,5824,2.58472,2.48383,2.68561,0.00000,2.00000,3.00000,0.0,7.50000,2.0,1.00000,2.00000
2003,Direct migration background,1st Quintile,781,2.76054,2.41438,3.10670,0.00000,2.00000,3.00000,0.0,7.50000,2.0,1.00000,2.00000
2003,Direct migration background,2nd Quintile,606,2.34856,2.02365,2.67348,0.00000,1.00000,3.00000,0.0,7.50000,1.0,1.00000,1.00000
2003,Direct migration background,3rd Quintile,457,2.27225,2.01818,2.52631,0.00000,1.00000,3.00000,0.0,7.50000,1.0,1.00000,2.00000
2003,Direct migration background,4th Quintile,407,2.68541,2.24639,3.12444,0.00000,1.00000,3.00000,0.0,7.50000,1.0,1.00000,2.00000
2003,Direct migration background,5th Quintile,349,2.47696,2.11769,2.83624,0.58220,2.00000,3.00000,0.0,6.62671,2.0,1.00000,2.00000
2003,Indirect migration background,1st Quintile,181,1.93810,1.46734,2.40886,0.00000,1.00000,2.00000,0.0,5.00000,1.0,0.00000,1.00000
2003,Indirect migration background,2nd Quintile,150,1.85350,1.23618,2.47082,0.00000,1.00000,2.00000,0.0,5.00000,1.0,0.00000,1.00000
2003,Indirect migration background,3rd Quintile,151,2.20237,1.71209,2.69264,0.00000,1.00000,3.00000,0.0,7.50000,1.0,1.00000,2.00000
2003,Indirect migration background,4th Quintile,135,2.23410,1.82423,2.64397,0.00000,2.00000,3.00000,0.0,7.50000,2.0,1.00000,2.00000
2003,Indirect migration background,5th Quintile,151,1.21052,0.95317,1.46787,0.00000,1.00000,2.00000,0.0,5.00000,1.0,0.00000,1.00000
2004,No migration background,1st Quintile,2313,2.59578,2.44835,2.74321,0.00000,2.00000,3.00000,0.0,7.50000,2.0,1.00000,2.00000
2004,No migration background,2nd Quintile,2989,2.78901,2.60625,2.97177,0.00000,2.00000,3.00000,0.0,7.50000,2.0,1.00000,2.00000
2004,No migration background,3rd Quintile,3372,2.51872,2.39541,2.64203,0.00000,1.00000,3.00000,0.0,7.50000,1.0,1.00000,2.00000
2004,No migration background,4th Quintile,3852,2.54042,2.41221,2.66862,0.00000,1.00000,3.00000,0.0,7.50000,1.0,1.00000,1.00000
2004,No migration background,5th Quintile,5686,2.36190,2.25463,2.46916,0.00000,1.00000,3.00000,0.0,7.50000,1.0,1.00000,1.00000
2004,Direct migration background,1st Quintile,753,2.59728,2.28263,2.91193,0.00000,1.00000,3.00000,0.0,7.50000,1.0,1.00000,2.00000
2004,Direct migration background,2nd Quintile,621,2.07777,1.83586,2.31969,0.00000,1.00000,3.00000,0.0,7.50000,1.0,1.00000,1.00000
2004,Direct migration background,3rd Quintile,453,2.51199,2.14059,2.88339,0.00000,1.00000,3.00000,0.0,7.50000,1.0,1.00000,1.00000
2004,Direct migration background,4th Quintile,352,1.96646,1.69553,2.23740,0.00000,1.00000,3.00000,0.0,7.50000,1.0,1.00000,1.00000
2004,Direct migration background,5th Quintile,342,2.06875,1.72793,2.40958,0.00000,1.00000,3.00000,0.0,7.50000,1.0,1.00000,1.00000
2004,Indirect migration background,1st Quintile,184,2.09657,1.54177,2.65137,0.00000,1.00000,3.00000,0.0,7.50000,1.0,0.00000,1.00000
2004,Indirect migration background,2nd Quintile,160,1.72244,1.33153,2.11334,0.00000,1.00000,2.00000,0.0,5.00000,1.0,0.97500,1.00000
2004,Indirect migration background,3rd Quintile,176,1.63154,1.30132,1.96176,0.00000,1.00000,2.00000,0.0,5.00000,1.0,1.00000,1.00000
2004,Indirect migration background,4th Quintile,130,1.51646,1.10324,1.92967,0.00000,1.00000,2.00000,0.0,5.00000,1.0,0.00000,2.00000
2004,Indirect migration background,5th Quintile,146,1.89036,1.53410,2.24662,0.00000,2.00000,3.00000,0.0,7.50000,2.0,1.00000,2.00000
2005,No migration background,1st Quintile,2229,2.84906,2.67360,3.02452,0.00000,2.00000,3.00000,0.0,7.50000,2.0,2.00000,2.00000
2005,No migration background,2nd Quintile,2913,2.85469,2.69554,3.01384,0.00000,2.00000,3.00000,0.0,7.50000,2.0,2.00000,2.00000
2005,No migration background,3rd Quintile,3156,2.67325,2.52298,2.82353,0.00000,2.00000,3.00000,0.0,7.50000,2.0,1.00000,2.00000
2005,No migration background,4th Quintile,3769,2.70232,2.57275,2.83189,0.00000,2.00000,3.00000,0.0,7.50000,2.0,2.00000,2.00000
2005,No migration background,5th Quintile,5350,2.41965,2.32662,2.51268,0.00000,1.00000,3.00000,0.0,7.50000,1.0,1.00000,2.00000
2005,Direct migration background,1st Quintile,701,3.01050,2.65108,3.36992,0.00000,2.00000,4.00000,0.0,10.00000,2.0,1.00000,2.00000
2005,Direct migration background,2nd Quintile,542,2.51450,2.18602,2.84299,0.00000,1.00000,3.00000,0.0,7.50000,1.0,1.00000,1.00000
2005,Direct migration background,3rd Quintile,421,2.26042,1.91555,2.60528,0.00000,1.00000,3.00000,0.0,7.50000,1.0,1.00000,2.00000
2005,Direct migration background,4th Quintile,361,2.51827,2.08535,2.95119,0.00000,1.00000,3.00000,0.0,7.50000,1.0,1.00000,1.00000
2005,Direct migration background,5th Quintile,328,1.89276,1.63764,2.14788,0.00000,1.00000,3.00000,0.0,7.50000,1.0,1.00000,2.00000
2005,Indirect migration background,1st Quintile,213,3.16193,2.32745,3.99642,0.00000,1.00000,3.00000,0.0,7.50000,1.0,1.00000,2.00000
2005,Indirect migration background,2nd Quintile,152,1.62891,1.19547,2.06235,0.00000,1.00000,2.00000,0.0,5.00000,1.0,0.00000,1.00000
2005,Indirect migration background,3rd Quintile,161,1.70174,1.28894,2.11455,0.00000,1.00000,2.00000,0.0,5.00000,1.0,1.00000,1.00000
2005,Indirect migration background,4th Quintile,154,1.26821,0.97016,1.56626,0.00000,1.00000,2.00000,0.0,5.00000,1.0,0.00000,1.00000
2005,Indirect migration background,5th Quintile,143,1.81573,1.38058,2.25088,0.00000,1.00000,2.00000,0.0,5.00000,1.0,1.00000,1.00000
2006,No migration background,1st Quintile,2122,2.54643,2.37775,2.71511,0.00000,1.00000,3.00000,0.0,7.50000,1.0,1.00000,2.00000
2006,No migration background,2nd Quintile,2692,2.78528,2.62982,2.94073,0.00000,2.00000,3.00000,0.0,7.50000,2.0,2.00000,2.00000
2006,No migration background,3rd Quintile,3019,2.59646,2.45492,2.73801,0.00000,2.00000,3.00000,0.0,7.50000,2.0,1.00000,2.00000
2006,No migration background,4th Quintile,3502,2.65080,2.51489,2.78670,0.00000,1.00000,3.00000,0.0,7.50000,1.0,1.00000,2.00000
2006,No migration background,5th Quintile,5055,2.36203,2.26777,2.45629,0.00000,1.00000,3.00000,0.0,7.50000,1.0,1.00000,2.00000
2006,Direct migration background,1st Quintile,617,2.52189,2.18098,2.86281,0.00000,2.00000,3.00000,0.0,7.50000,2.0,1.00000,2.00000
2006,Direct migration background,2nd Quintile,494,2.57500,2.18034,2.96965,0.00000,1.00000,3.00000,0.0,7.50000,1.0,1.00000,1.00000
2006,Direct migration background,3rd Quintile,397,2.91085,2.46324,3.35845,0.00000,2.00000,4.00000,0.0,10.00000,2.0,1.00000,2.00000
2006,Direct migration background,4th Quintile,321,2.37535,1.80091,2.94980,0.00000,1.00000,3.00000,0.0,7.50000,1.0,1.00000,2.00000
2006,Direct migration background,5th Quintile,324,1.80088,1.50274,2.09902,0.00000,1.00000,3.00000,0.0,7.50000,1.0,1.00000,1.00000
2006,Indirect migration background,1st Quintile,202,2.63673,1.94454,3.32892,0.00000,1.00000,3.00000,0.0,7.50000,1.0,1.00000,1.00000
2006,Indirect migration background,2nd Quintile,128,2.30138,1.72725,2.87551,0.00000,1.00000,3.00000,0.0,7.50000,1.0,0.00000,2.00000
2006,Indirect migration background,3rd Quintile,158,1.86101,1.27399,2.44802,0.00000,1.00000,2.00000,0.0,5.00000,1.0,0.00000,1.00000
2006,Indirect migration background,4th Quintile,139,1.89690,1.43667,2.35712,0.00000,1.00000,3.00000,0.0,7.50000,1.0,1.00000,2.00000
2006,Indirect migration background,5th Quintile,138,1.59748,1.13297,2.06200,0.00000,1.00000,2.00000,0.0,5.00000,1.0,1.00000,1.00000
2007,No migration background,1st Quintile,2371,2.60107,2.45363,2.74852,0.00000,2.00000,3.00000,0.0,7.50000,2.0,1.00000,2.00000
2007,No migration background,2nd Quintile,2849,2.95505,2.78521,3.12490,0.00000,2.00000,4.00000,0.0,10.00000,2.0,2.00000,2.00000
2007,No migration background,3rd Quintile,3309,2.64138,2.51855,2.76421,0.00000,2.00000,3.00000,0.0,7.50000,2.0,2.00000,2.00000
2007,No migration background,4th Quintile,3839,2.61540,2.49045,2.74035,0.00000,2.00000,3.00000,0.0,7.50000,2.0,2.00000,2.00000
2007,No migration background,5th Quintile,5157,2.68588,2.56813,2.80364,0.00000,2.00000,3.00000,0.0,7.50000,2.0,1.00000,2.00000
2007,Direct migration background,1st Quintile,620,2.92346,2.48393,3.36299,0.00000,2.00000,4.00000,0.0,10.00000,2.0,1.00000,2.00000
2007,Direct migration background,2nd Quintile,497,2.52337,2.18858,2.85815,0.00000,1.00000,3.00000,0.0,7.50000,1.0,1.00000,2.00000
2007,Direct migration background,3rd Quintile,383,2.25722,1.89178,2.62267,0.00000,1.00000,3.00000,0.0,7.50000,1.0,1.00000,2.00000
2007,Direct migration background,4th Quintile,318,2.58390,2.20074,2.96705,0.00000,1.00000,3.00000,0.0,7.50000,1.0,1.00000,2.00000
2007,Direct migration background,5th Quintile,292,2.16074,1.79465,2.52683,0.00000,1.00000,3.00000,0.0,7.50000,1.0,1.00000,2.00000
2007,Indirect migration background,1st Quintile,183,2.80763,2.05615,3.55912,0.00000,1.00000,4.00000,0.0,10.00000,1.0,1.00000,2.00000
2007,Indirect migration background,2nd Quintile,157,1.72818,1.31893,2.13744,0.00000,1.00000,3.00000,0.0,7.50000,1.0,0.00000,1.00000
2007,Indirect migration background,3rd Quintile,165,1.82951,1.22429,2.43474,0.00000,1.00000,2.00000,0.0,5.00000,1.0,0.00000,1.00000
2007,Indirect migration background,4th Quintile,140,2.02088,1.51951,2.52224,0.00000,1.00000,3.00000,0.0,7.50000,1.0,1.00000,1.02500
2007,Indirect migration background,5th Quintile,132,2.06086,1.49235,2.62937,0.00000,1.00000,3.00000,0.0,7.50000,1.0,1.00000,2.00000
2008,No migration background,1st Quintile,2174,2.63847,2.47291,2.80404,0.00000,2.00000,3.00000,0.0,7.50000,2.0,1.00000,2.00000
2008,No migration background,2nd Quintile,2807,2.68713,2.54349,2.83077,0.00000,2.00000,3.00000,0.0,7.50000,2.0,2.00000,2.00000
2008,No migration background,3rd Quintile,3266,2.66746,2.52541,2.80951,0.00000,2.00000,3.00000,0.0,7.50000,2.0,2.00000,2.00000
2008,No migration background,4th Quintile,3455,2.49546,2.36865,2.62227,0.00000,2.00000,3.00000,0.0,7.50000,2.0,1.00000,2.00000
2008,No migration background,5th Quintile,4867,2.36085,2.25879,2.46290,0.00000,1.00000,3.00000,0.0,7.50000,1.0,1.00000,2.00000
2008,Direct migration background,1st Quintile,596,3.09214,2.52446,3.65982,0.00000,2.00000,3.00000,0.0,7.50000,2.0,2.00000,2.00000
2008,Direct migration background,2nd Quintile,408,2.47265,2.15629,2.78901,0.00000,1.00000,3.00000,0.0,7.50000,1.0,1.00000,2.00000
2008,Direct migration background,3rd Quintile,367,2.11136,1.81734,2.40538,0.00000,1.00000,3.00000,0.0,7.50000,1.0,1.00000,2.00000
2008,Direct migration background,4th Quintile,284,2.15715,1.84227,2.47204,0.00000,1.00000,3.00000,0.0,7.50000,1.0,1.00000,2.00000
2008,Direct migration background,5th Quintile,243,2.41594,2.01931,2.81257,0.00000,1.89638,3.00000,0.0,7.50000,2.0,1.00000,2.00000
2008,Indirect migration background,1st Quintile,186,1.72490,1.32455,2.12526,0.00000,0.00000,2.41419,0.0,6.03547,0.0,0.00000,1.00000
2008,Indirect migration background,2nd Quintile,144,1.72101,1.32331,2.11871,0.00000,1.00000,3.00000,0.0,7.50000,1.0,0.00000,1.00000
2008,Indirect migration background,3rd Quintile,165,1.78827,1.46547,2.11107,0.00000,1.00000,3.00000,0.0,7.50000,1.0,1.00000,2.00000
2008,Indirect migration background,4th Quintile,126,1.53818,1.19501,1.88136,0.00000,1.00000,2.00000,0.0,5.00000,1.0,1.00000,2.00000
2008,Indirect migration background,5th Quintile,137,1.99360,1.50225,2.48496,0.00000,1.00000,2.00000,0.0,5.00000,1.0,1.00000,1.00000
2009,No migration background,1st Quintile,2159,2.88547,2.70742,3.06353,0.00000,2.00000,4.00000,0.0,10.00000,2.0,2.00000,2.00000
2009,No migration background,2nd Quintile,2626,2.87028,2.72655,3.01400,1.00000,2.00000,4.00000,0.0,8.50000,2.0,2.00000,2.00000
2009,No migration background,3rd Quintile,2987,2.75956,2.61270,2.90641,0.00000,2.00000,3.00000,0.0,7.50000,2.0,2.00000,2.00000
2009,No migration background,4th Quintile,3365,2.64139,2.51657,2.76622,0.00000,2.00000,3.00000,0.0,7.50000,2.0,2.00000,2.00000
2009,No migration background,5th Quintile,4435,2.47377,2.36198,2.58557,0.00000,2.00000,3.00000,0.0,7.50000,2.0,1.00000,2.00000
2009,Direct migration background,1st Quintile,512,2.65810,2.37015,2.94605,0.00000,2.00000,3.00000,0.0,7.50000,2.0,1.00000,2.00000
2009,Direct migration background,2nd Quintile,378,2.14084,1.86738,2.41430,0.00000,1.87500,3.00000,0.0,7.50000,2.0,1.00000,2.00000
2009,Direct migration background,3rd Quintile,284,2.30887,1.87335,2.74439,0.00000,1.00000,3.00000,0.0,7.50000,1.0,1.00000,2.00000
2009,Direct migration background,4th Quintile,262,2.89679,2.40626,3.38731,1.00000,2.00000,3.21680,0.0,6.54199,2.0,1.00000,2.00000
2009,Direct migration background,5th Quintile,214,2.32318,1.94793,2.69844,0.00000,2.00000,3.00000,0.0,7.50000,2.0,1.00000,2.00000
2009,Indirect migration background,1st Quintile,177,1.92755,1.35505,2.50004,0.00000,1.00000,3.00000,0.0,7.50000,1.0,0.00000,1.00000
2009,Indirect migration background,2nd Quintile,148,1.82520,1.43555,2.21484,0.00000,1.00000,3.00000,0.0,7.50000,1.0,0.00000,2.00000
2009,Indirect migration background,3rd Quintile,124,1.46001,1.07092,1.84911,0.00000,1.00000,2.00000,0.0,5.00000,1.0,0.00000,1.00000
2009,Indirect migration background,4th Quintile,131,1.70034,1.17495,2.22574,0.00000,1.00000,2.00000,0.0,5.00000,1.0,0.00000,1.00000
2009,Indirect migration background,5th Quintile,128,1.82461,1.44497,2.20424,0.00000,1.00000,3.00000,0.0,7.50000,1.0,1.00000,2.00000
2010,No migration background,1st Quintile,1932,2.61907,2.46027,2.77787,0.00000,2.00000,3.00000,0.0,7.50000,2.0,1.00000,2.00000
2010,No migration background,2nd Quintile,2521,3.00309,2.84199,3.16419,1.00000,2.00000,4.00000,0.0,8.50000,2.0,2.00000,2.00000
2010,No migration background,3rd Quintile,2776,2.52481,2.39024,2.65938,1.00000,2.00000,3.00000,0.0,6.00000,2.0,2.00000,2.00000
2010,No migration background,4th Quintile,3133,2.46484,2.33085,2.59884,0.00000,2.00000,3.00000,0.0,7.50000,2.0,1.00000,2.00000
2010,No migration background,5th Quintile,4024,2.37848,2.26488,2.49208,0.00000,2.00000,3.00000,0.0,7.50000,2.0,1.00000,2.00000
2010,Direct migration background,1st Quintile,454,2.55456,2.28772,2.82140,0.00000,2.00000,4.00000,0.0,10.00000,2.0,1.00000,2.00000
2010,Direct migration background,2nd Quintile,334,2.13290,1.81486,2.45093,0.00000,1.00000,3.00000,0.0,7.50000,1.0,1.00000,2.00000
2010,Direct migration background,3rd Quintile,259,2.02335,1.67176,2.37495,0.00000,1.00000,3.00000,0.0,7.50000,1.0,1.00000,2.00000
2010,Direct migration background,4th Quintile,219,1.99517,1.64819,2.34214,0.00000,1.00000,3.00000,0.0,7.50000,1.0,1.00000,2.00000
2010,Direct migration background,5th Quintile,194,1.61129,1.26454,1.95805,0.00000,1.00000,2.00000,0.0,5.00000,1.0,1.00000,1.00000
2010,Indirect migration background,1st Quintile,166,1.57247,1.19919,1.94575,0.00000,1.00000,2.00000,0.0,5.00000,1.0,0.00000,1.00000
2010,Indirect migration background,2nd Quintile,129,1.65018,1.29080,2.00955,0.00000,1.00000,3.00000,0.0,7.50000,1.0,0.00000,2.00000
2010,Indirect migration background,3rd Quintile,138,1.37706,1.08658,1.66753,0.00000,1.00000,2.00000,0.0,5.00000,1.0,0.00000,1.00000
2010,Indirect migration background,4th Quintile,97,0.76954,0.55219,0.98689,0.00000,0.00000,1.00000,0.0,2.50000,0.0,0.00000,1.00000
2010,Indirect migration background,5th Quintile,120,1.85574,1.41274,2.29874,0.00000,1.00000,3.00000,0.0,7.50000,1.0,1.00000,1.00000
2011,No migration background,1st Quintile,3304,2.77027,2.63949,2.90105,1.00000,2.00000,3.00000,0.0,6.00000,2.0,2.00000,2.00000
2011,No migration background,2nd Quintile,3482,2.56472,2.45062,2.67883,1.00000,2.00000,3.00000,0.0,6.00000,2.0,2.00000,2.00000
2011,No migration background,3rd Quintile,3576,2.66343,2.53262,2.79423,0.00000,2.00000,3.00000,0.0,7.50000,2.0,2.00000,2.00000
2011,No migration background,4th Quintile,3680,2.37576,2.26182,2.48969,0.00000,2.00000,3.00000,0.0,7.50000,2.0,1.00000,2.00000
2011,No migration background,5th Quintile,4279,2.63352,2.50284,2.76419,0.00000,2.00000,3.00000,0.0,7.50000,2.0,1.00000,2.00000
2011,Direct migration background,1st Quintile,982,2.74486,2.47119,3.01854,0.00000,2.00000,3.00000,0.0,7.50000,2.0,1.00000,2.00000
2011,Direct migration background,2nd Quintile,612,2.11101,1.88948,2.33254,0.00000,1.00000,3.00000,0.0,7.50000,1.0,1.00000,2.00000
2011,Direct migration background,3rd Quintile,372,2.13970,1.82477,2.45462,0.00000,1.00000,3.00000,0.0,7.50000,1.0,1.00000,2.00000
2011,Direct migration background,4th Quintile,285,2.24746,1.80931,2.68561,0.00000,1.00000,3.00000,0.0,7.50000,1.0,1.00000,2.00000
2011,Direct migration background,5th Quintile,258,2.35743,1.76493,2.94992,0.00000,1.00000,3.00000,0.0,7.50000,1.0,1.00000,2.00000
2011,Indirect migration background,1st Quintile,291,2.07035,1.62342,2.51727,0.00000,1.00000,3.00000,0.0,7.50000,1.0,0.00000,1.00000
2011,Indirect migration background,2nd Quintile,214,2.15506,1.68212,2.62799,0.00000,1.00000,3.00000,0.0,7.50000,1.0,0.97500,2.00000
2011,Indirect migration background,3rd Quintile,173,1.41543,1.04385,1.78700,0.00000,0.00000,2.00000,0.0,5.00000,0.0,0.00000,1.00000
2011,Indirect migration background,4th Quintile,155,1.59608,1.23461,1.95755,0.00000,1.00000,2.00000,0.0,5.00000,1.0,1.00000,2.00000
2011,Indirect migration background,5th Quintile,171,1.79892,1.35130,2.24655,0.00000,1.00000,2.00000,0.0,5.00000,1.0,0.00000,2.00000
2012,No migration background,1st Quintile,3921,2.77102,2.60001,2.94203,0.00000,2.00000,3.00000,0.0,7.50000,2.0,1.00000,2.00000
2012,No migration background,2nd Quintile,3989,2.63936,2.51984,2.75887,0.00000,2.00000,3.00000,0.0,7.50000,2.0,2.00000,2.00000
2012,No migration background,3rd Quintile,4168,2.50448,2.39786,2.61110,0.00000,2.00000,3.00000,0.0,7.50000,2.0,2.00000,2.00000
2012,No migration background,4th Quintile,4272,2.45517,2.35435,2.55598,0.00000,2.00000,3.00000,0.0,7.50000,2.0,1.00000,2.00000
2012,No migration background,5th Quintile,4786,2.28014,2.17969,2.38059,0.00000,1.00000,3.00000,0.0,7.50000,1.0,1.00000,1.00000
2012,Direct migration background,1st Quintile,1058,2.73361,2.44813,3.01909,0.00000,2.00000,3.00000,0.0,7.50000,2.0,1.00000,2.00000
2012,Direct migration background,2nd Quintile,695,2.28128,2.01484,2.54772,0.00000,1.00000,3.00000,0.0,7.50000,1.0,1.00000,2.00000
2012,Direct migration background,3rd Quintile,456,1.94510,1.61000,2.28020,0.00000,1.00000,3.00000,0.0,7.50000,1.0,1.00000,1.00000
2012,Direct migration background,4th Quintile,345,2.11086,1.78373,2.43800,0.00000,1.00000,3.00000,0.0,7.50000,1.0,1.00000,2.00000
2012,Direct migration background,5th Quintile,290,2.00564,1.63810,2.37318,0.00000,1.00000,3.00000,0.0,7.50000,1.0,1.00000,2.00000
2012,Indirect migration background,1st Quintile,326,2.67428,2.23764,3.11092,0.00000,1.00000,4.00000,0.0,10.00000,1.0,1.00000,2.00000
2012,Indirect migration background,2nd Quintile,247,1.95689,1.57444,2.33934,0.00000,1.00000,3.00000,0.0,7.50000,1.0,0.00000,1.00000
2012,Indirect migration background,3rd Quintile,192,1.41232,1.06867,1.75596,0.00000,1.00000,2.00000,0.0,5.00000,1.0,0.00000,1.00000
2012,Indirect migration background,4th Quintile,171,1.10568,0.84059,1.37078,0.00000,0.00000,2.00000,0.0,5.00000,0.0,0.00000,1.00000
2012,Indirect migration background,5th Quintile,170,2.20091,1.75379,2.64802,0.00000,2.00000,3.00000,0.0,7.50000,2.0,1.00000,2.00000
2013,No migration background,1st Quintile,3850,2.91335,2.74486,3.08184,1.00000,2.00000,3.00000,0.0,6.00000,2.0,2.00000,2.00000
2013,No migration background,2nd Quintile,4256,2.74447,2.62820,2.86074,1.00000,2.00000,3.00000,0.0,6.00000,2.0,2.00000,2.00000
2013,No migration background,3rd Quintile,4229,2.62397,2.50616,2.74178,1.00000,2.00000,3.00000,0.0,6.00000,2.0,2.00000,2.00000
2013,No migration background,4th Quintile,4353,2.47622,2.37375,2.57868,0.00000,2.00000,3.00000,0.0,7.50000,2.0,1.00000,2.00000
2013,No migration background,5th Quintile,4976,2.34008,2.24631,2.43385,0.00000,2.00000,3.00000,0.0,7.50000,2.0,1.00000,2.00000
2013,Direct migration background,1st Quintile,995,2.94361,2.71064,3.17658,0.00000,2.00000,3.00000,0.0,7.50000,2.0,2.00000,3.00000
2013,Direct migration background,2nd Quintile,727,2.09355,1.85379,2.33330,0.00000,1.00000,3.00000,0.0,7.50000,1.0,1.00000,2.00000
2013,Direct migration background,3rd Quintile,468,2.06991,1.82420,2.31562,0.00000,1.00000,3.00000,0.0,7.50000,1.0,1.00000,2.00000
2013,Direct migration background,4th Quintile,328,1.99520,1.73450,2.25591,0.00000,1.00000,3.00000,0.0,7.50000,1.0,1.00000,2.00000
2013,Direct migration background,5th Quintile,334,2.31173,1.93474,2.68871,0.00000,1.00000,3.00000,0.0,7.50000,1.0,1.00000,2.00000
2013,Indirect migration background,1st Quintile,309,2.70134,2.29357,3.10911,0.00000,1.00000,4.00000,0.0,10.00000,1.0,1.00000,2.00000
2013,Indirect migration background,2nd Quintile,251,1.47459,1.24117,1.70800,0.00000,1.00000,2.00000,0.0,5.00000,1.0,1.00000,1.00000
2013,Indirect migration background,3rd Quintile,200,1.92773,1.60678,2.24868,0.00000,1.00000,3.00000,0.0,7.50000,1.0,1.00000,2.00000
2013,Indirect migration background,4th Quintile,173,1.86082,1.47169,2.24996,0.00000,1.00000,3.00000,0.0,7.50000,1.0,0.00000,1.00000
2013,Indirect migration background,5th Quintile,191,2.07782,1.63728,2.51835,0.00000,1.00000,2.62215,0.0,6.55537,1.0,1.00000,2.00000
2014,No migration background,1st Quintile,3324,2.75132,2.61063,2.89201,0.00000,2.00000,3.00000,0.0,7.50000,2.0,2.00000,2.00000
2014,No migration background,2nd Quintile,3774,2.91909,2.76791,3.07028,0.00000,2.00000,3.00000,0.0,7.50000,2.0,2.00000,2.00000
2014,No migration background,3rd Quintile,3979,2.45209,2.34421,2.55998,0.00000,2.00000,3.00000,0.0,7.50000,2.0,1.00000,2.00000
2014,No migration background,4th Quintile,4277,2.44520,2.32760,2.56279,0.00000,1.00000,3.00000,0.0,7.50000,1.0,1.00000,2.00000
2014,No migration background,5th Quintile,4665,2.21098,2.12085,2.30111,0.00000,1.00000,3.00000,0.0,7.50000,1.0,1.00000,2.00000
2014,Direct migration background,1st Quintile,1949,2.55605,2.37128,2.74083,0.00000,1.00000,3.00000,0.0,7.50000,1.0,1.00000,2.00000
2014,Direct migration background,2nd Quintile,1328,2.16001,1.96723,2.35278,0.00000,1.00000,3.00000,0.0,7.50000,1.0,1.00000,2.00000
2014,Direct migration background,3rd Quintile,890,1.87926,1.68998,2.06853,0.00000,1.00000,2.00000,0.0,5.00000,1.0,1.00000,1.00000
2014,Direct migration background,4th Quintile,597,2.18256,1.91801,2.44712,0.00000,1.00000,3.00000,0.0,7.50000,1.0,1.00000,2.00000
2014,Direct migration background,5th Quintile,501,1.86992,1.63709,2.10276,0.00000,1.00000,3.00000,0.0,7.50000,1.0,1.00000,1.00000
2014,Indirect migration background,1st Quintile,523,1.91621,1.66942,2.16300,0.00000,1.00000,3.00000,0.0,7.50000,1.0,1.00000,1.00000
2014,Indirect migration background,2nd Quintile,382,1.68223,1.38496,1.97950,0.00000,1.00000,2.00000,0.0,5.00000,1.0,0.00000,1.00000
2014,Indirect migration background,3rd Quintile,282,1.47112,1.23901,1.70324,0.00000,1.00000,2.00000,0.0,5.00000,1.0,1.00000,1.00000
2014,Indirect migration background,4th Quintile,274,1.43986,1.21658,1.66314,0.00000,1.00000,2.00000,0.0,5.00000,1.0,1.00000,1.00000
2014,Indirect migration background,5th Quintile,228,1.68632,1.42779,1.94486,0.00000,1.00000,2.00000,0.0,5.00000,1.0,1.00000,2.00000
2015,No migration background,1st Quintile,3022,2.81720,2.65373,2.98066,0.00000,2.00000,3.00000,0.0,7.50000,2.0,1.00000,2.00000
2015,No migration background,2nd Quintile,3762,2.91270,2.72978,3.09563,0.00000,2.00000,3.00000,0.0,7.50000,2.0,2.00000,2.00000
2015,No migration background,3rd Quintile,3744,2.43182,2.32309,2.54056,0.00000,2.00000,3.00000,0.0,7.50000,2.0,1.00000,2.00000
2015,No migration background,4th Quintile,3979,2.47679,2.37110,2.58249,1.00000,2.00000,3.00000,0.0,6.00000,2.0,2.00000,2.00000
2015,No migration background,5th Quintile,4449,2.24462,2.15629,2.33295,0.00000,1.00000,3.00000,0.0,7.50000,1.0,1.00000,2.00000
2015,Direct migration background,1st Quintile,1570,3.13717,2.86152,3.41283,0.00000,2.00000,3.00000,0.0,7.50000,2.0,1.00000,2.00000
2015,Direct migration background,2nd Quintile,1128,2.41293,2.17107,2.65478,0.00000,1.00000,3.00000,0.0,7.50000,1.0,1.00000,2.00000
2015,Direct migration background,3rd Quintile,808,1.96146,1.75560,2.16732,0.00000,1.00000,3.00000,0.0,7.50000,1.0,1.00000,1.00000
2015,Direct migration background,4th Quintile,507,1.88091,1.69359,2.06824,0.00000,1.00000,3.00000,0.0,7.50000,1.0,1.00000,2.00000
2015,Direct migration background,5th Quintile,449,2.03523,1.74581,2.32465,0.00000,1.00000,2.00000,0.0,5.00000,1.0,1.00000,1.00000
2015,Indirect migration background,1st Quintile,476,2.01299,1.77894,2.24703,0.00000,1.00000,3.00000,0.0,7.50000,1.0,1.00000,2.00000
2015,Indirect migration background,2nd Quintile,341,1.90097,1.42031,2.38163,0.00000,1.00000,2.00000,0.0,5.00000,1.0,0.97500,1.00000
2015,Indirect migration background,3rd Quintile,271,1.62767,1.36733,1.88802,0.00000,1.00000,2.00000,0.0,5.00000,1.0,1.00000,2.00000
2015,Indirect migration background,4th Quintile,256,1.86577,1.55162,2.17992,0.71606,1.00000,2.00000,0.0,3.92592,1.0,1.00000,2.00000
2015,Indirect migration background,5th Quintile,193,2.20995,1.84227,2.57762,0.00000,2.00000,3.00000,0.0,7.50000,2.0,1.00000,2.00000
2016,No migration background,1st Quintile,2766,2.97418,2.74372,3.20464,0.00000,2.00000,3.00000,0.0,7.50000,2.0,1.00000,2.00000
2016,No migration background,2nd Quintile,3445,2.72123,2.58102,2.86143,1.00000,2.00000,3.00000,0.0,6.00000,2.0,2.00000,2.00000
2016,No migration background,3rd Quintile,3539,2.47049,2.33130,2.60967,0.00000,1.00000,3.00000,0.0,7.50000,1.0,1.00000,2.00000
2016,No migration background,4th Quintile,3767,2.25539,2.15809,2.35269,0.00000,2.00000,3.00000,0.0,7.50000,2.0,1.00000,2.00000
2016,No migration background,5th Quintile,4157,2.17349,2.08066,2.26631,0.00000,1.00000,3.00000,0.0,7.50000,1.0,1.00000,1.00000
2016,Direct migration background,1st Quintile,1794,2.64889,2.44521,2.85258,0.00000,1.00000,3.00000,0.0,7.50000,1.0,1.00000,1.02500
2016,Direct migration background,2nd Quintile,1244,1.80027,1.61516,1.98538,0.00000,1.00000,2.00000,0.0,5.00000,1.0,1.00000,1.00000
2016,Direct migration background,3rd Quintile,793,1.88646,1.67737,2.09554,0.00000,1.00000,3.00000,0.0,7.50000,1.0,1.00000,1.00000
2016,Direct migration background,4th Quintile,606,1.93127,1.68946,2.17309,0.00000,1.00000,3.00000,0.0,7.50000,1.0,1.00000,1.00000
2016,Direct migration background,5th Quintile,486,1.63703,1.43756,1.83651,0.00000,1.00000,2.00000,0.0,5.00000,1.0,1.00000,1.00000
2016,Indirect migration background,1st Quintile,420,2.12960,1.85539,2.40382,0.00000,1.99106,3.00000,0.0,7.50000,2.0,1.00000,2.00000
2016,Indirect migration background,2nd Quintile,352,1.54456,1.29376,1.79536,0.00000,1.00000,2.00000,0.0,5.00000,1.0,0.00000,1.00000
2016,Indirect migration background,3rd Quintile,260,1.73236,1.47016,1.99455,0.00000,1.00000,2.00000,0.0,5.00000,1.0,1.00000,2.00000
2016,Indirect migration background,4th Quintile,233,1.82363,1.56773,2.07953,0.00000,1.00000,3.00000,0.0,7.50000,1.0,1.00000,2.00000
2016,Indirect migration background,5th Quintile,187,2.12315,1.60084,2.64545,0.00000,1.00000,2.00000,0.0,5.00000,1.0,1.00000,2.00000
2017,No migration background,1st Quintile,2621,3.18717,2.97880,3.39555,1.00000,2.00000,4.00000,0.0,8.50000,2.0,2.00000,2.00000
2017,No migration background,2nd Quintile,3293,2.72347,2.55978,2.88715,1.00000,2.00000,3.00000,0.0,6.00000,2.0,2.00000,2.00000
2017,No migration background,3rd Quintile,3427,2.56519,2.44011,2.69027,1.00000,2.00000,3.00000,0.0,6.00000,2.0,2.00000,2.00000
2017,No migration background,4th Quintile,3620,2.37094,2.26385,2.47803,1.00000,2.00000,3.00000,0.0,6.00000,2.0,2.00000,2.00000
2017,No migration background,5th Quintile,3905,2.32331,2.22129,2.42534,0.00000,1.00000,3.00000,0.0,7.50000,1.0,1.00000,2.00000
2017,Direct migration background,1st Quintile,1587,2.67358,2.47214,2.87503,0.00000,2.00000,3.00000,0.0,7.50000,2.0,1.00000,2.00000
2017,Direct migration background,2nd Quintile,1166,2.06118,1.87627,2.24609,0.00000,1.00000,3.00000,0.0,7.50000,1.0,1.00000,1.02500
2017,Direct migration background,3rd Quintile,707,1.76517,1.58908,1.94127,0.00000,1.00000,2.00000,0.0,5.00000,1.0,1.00000,1.00000
2017,Direct migration background,4th Quintile,502,1.91174,1.66943,2.15405,0.00000,1.00000,2.00000,0.0,5.00000,1.0,1.00000,1.00000
2017,Direct migration background,5th Quintile,433,1.66269,1.47386,1.85152,0.00000,1.00000,2.00000,0.0,5.00000,1.0,1.00000,1.00000
2017,Indirect migration background,1st Quintile,432,2.47890,2.10846,2.84934,0.00000,1.00000,3.00000,0.0,7.50000,1.0,1.00000,2.00000
2017,Indirect migration background,2nd Quintile,291,1.85671,1.46552,2.24790,0.00000,1.00000,2.00000,0.0,5.00000,1.0,0.00000,1.00000
2017,Indirect migration background,3rd Quintile,248,1.69631,1.45089,1.94172,0.00000,1.00000,3.00000,0.0,7.50000,1.0,1.00000,2.00000
2017,Indirect migration background,4th Quintile,211,1.91710,1.51419,2.32001,1.00000,1.00000,2.00000,0.0,3.50000,1.0,1.00000,1.02500
2017,Indirect migration background,5th Quintile,193,2.21281,1.82919,2.59643,1.00000,2.00000,2.17614,0.0,3.94036,2.0,1.00000,2.00000
2018,No migration background,1st Quintile,2839,2.97633,2.77193,3.18072,0.00000,2.00000,4.00000,0.0,10.00000,2.0,2.00000,2.00000
2018,No migration background,2nd Quintile,3649,2.57995,2.47012,2.68978,1.00000,2.00000,3.00000,0.0,6.00000,2.0,2.00000,2.00000
2018,No migration background,3rd Quintile,3688,2.52319,2.41934,2.62704,1.00000,2.00000,3.00000,0.0,6.00000,2.0,2.00000,2.00000
2018,No migration background,4th Quintile,3994,2.35224,2.24754,2.45695,0.00000,2.00000,3.00000,0.0,7.50000,2.0,1.00000,2.00000
2018,No migration background,5th Quintile,4413,2.25821,2.13631,2.38010,0.00000,1.00000,3.00000,0.0,7.50000,1.0,1.00000,2.00000
2018,Direct migration background,1st Quintile,1440,2.79665,2.57872,3.01458,0.00000,2.00000,3.00000,0.0,7.50000,2.0,1.00000,2.00000
2018,Direct migration background,2nd Quintile,1068,1.93297,1.75476,2.11118,0.00000,1.00000,2.00000,0.0,5.00000,1.0,1.00000,1.00000
2018,Direct migration background,3rd Quintile,751,1.81321,1.64083,1.98560,0.00000,1.00000,3.00000,0.0,7.50000,1.0,1.00000,1.00000
2018,Direct migration background,4th Quintile,506,2.10497,1.86961,2.34033,0.00000,1.00000,3.00000,0.0,7.50000,1.0,1.00000,2.00000
2018,Direct migration background,5th Quintile,424,1.87320,1.64474,2.10166,0.00000,1.00000,3.00000,0.0,7.50000,1.0,1.00000,2.00000
2018,Indirect migration background,1st Quintile,419,2.38474,1.93846,2.83101,0.00000,1.00000,3.00000,0.0,7.50000,1.0,1.00000,1.00000
2018,Indirect migration background,2nd Quintile,377,1.77062,1.50341,2.03783,0.00000,1.00000,2.74647,0.0,6.86617,1.0,0.00000,1.00000
2018,Indirect migration background,3rd Quintile,293,2.13897,1.70306,2.57488,0.00000,1.00000,3.00000,0.0,7.50000,1.0,1.00000,1.02500
2018,Indirect migration background,4th Quintile,195,1.83549,1.44150,2.22949,0.00000,1.00000,2.00000,0.0,5.00000,1.0,1.00000,2.00000
2018,Indirect migration background,5th Quintile,210,2.59584,2.18694,3.00473,1.00000,2.00000,3.00000,0.0,6.00000,2.0,1.00000,2.00000
2019,No migration background,1st Quintile,2708,2.85127,2.67864,3.02391,1.00000,2.00000,3.00000,0.0,6.00000,2.0,2.00000,2.00000
2019,No migration background,2nd Quintile,3471,2.64673,2.51778,2.77569,1.00000,2.00000,3.00000,0.0,6.00000,2.0,2.00000,2.00000
2019,No migration background,3rd Quintile,3482,2.44652,2.32117,2.57187,0.00000,1.00000,3.00000,0.0,7.50000,1.0,1.00000,2.00000
2019,No migration background,4th Quintile,3639,2.38908,2.28887,2.48928,1.00000,2.00000,3.00000,0.0,6.00000,2.0,1.97500,2.00000
2019,No migration background,5th Quintile,4148,2.20339,2.11410,2.29268,0.00000,2.00000,3.00000,0.0,7.50000,2.0,1.00000,2.00000
2019,Direct migration background,1st Quintile,1308,2.59264,2.40117,2.78411,0.00000,2.00000,3.00000,0.0,7.50000,2.0,1.00000,2.00000
2019,Direct migration background,2nd Quintile,975,1.86327,1.71629,2.01024,0.00000,1.00000,3.00000,0.0,7.50000,1.0,1.00000,2.00000
2019,Direct migration background,3rd Quintile,652,2.29392,2.02380,2.56404,0.00000,1.00000,3.00000,0.0,7.50000,1.0,1.00000,2.00000
2019,Direct migration background,4th Quintile,436,1.66377,1.42337,1.90418,0.00000,1.00000,2.00000,0.0,5.00000,1.0,1.00000,1.00000
2019,Direct migration background,5th Quintile,449,1.86123,1.63098,2.09148,0.00000,1.00000,3.00000,0.0,7.50000,1.0,1.00000,2.00000
2019,Indirect migration background,1st Quintile,414,2.56837,2.18368,2.95305,0.00000,1.00000,3.00000,0.0,7.50000,1.0,1.00000,1.00000
2019,Indirect migration background,2nd Quintile,312,1.71786,1.37849,2.05723,0.00000,1.00000,2.00000,0.0,5.00000,1.0,1.00000,1.00000
2019,Indirect migration background,3rd Quintile,280,2.31212,1.70630,2.91793,0.00000,1.00000,2.00000,0.0,5.00000,1.0,1.00000,2.00000
2019,Indirect migration background,4th Quintile,187,1.88809,1.50522,2.27096,0.00000,1.00000,3.00000,0.0,7.50000,1.0,1.00000,2.00000
2019,Indirect migration background,5th Quintile,211,2.00513,1.63720,2.37307,0.00000,1.00000,3.00000,0.0,7.50000,1.0,1.00000,2.00000
2020,No migration background,1st Quintile,2622,2.63816,2.44059,2.83573,0.00000,1.00000,3.00000,0.0,7.50000,1.0,1.00000,2.00000
2020,No migration background,2nd Quintile,3431,2.35592,2.24852,2.46332,0.00000,1.00000,3.00000,0.0,7.50000,1.0,1.00000,2.00000
2020,No migration background,3rd Quintile,3403,2.17809,2.07454,2.28165,0.00000,1.00000,3.00000,0.0,7.50000,1.0,1.00000,2.00000
2020,No migration background,4th Quintile,3804,2.10217,1.99630,2.20805,0.00000,1.00000,3.00000,0.0,7.50000,1.0,1.00000,1.00000
2020,No migration background,5th Quintile,5149,1.97794,1.90210,2.05378,0.00000,1.00000,3.00000,0.0,7.50000,1.0,1.00000,1.00000
2020,Direct migration background,1st Quintile,3523,2.10933,2.00060,2.21806,0.00000,1.00000,3.00000,0.0,7.50000,1.0,1.00000,2.00000
2020,Direct migration background,2nd Quintile,1062,1.62779,1.45248,1.80310,0.00000,1.00000,2.00000,0.0,5.00000,1.0,0.00000,1.00000
2020,Direct migration background,3rd Quintile,576,1.66237,1.46045,1.86430,0.00000,1.00000,2.00000,0.0,5.00000,1.0,0.97500,1.00000
2020,Direct migration background,4th Quintile,474,1.66725,1.48908,1.84541,0.00000,1.00000,3.00000,0.0,7.50000,1.0,1.00000,2.00000
2020,Direct migration background,5th Quintile,499,1.75852,1.51631,2.00073,0.00000,1.00000,2.00000,0.0,5.00000,1.0,0.97500,1.00000
2020,Indirect migration background,1st Quintile,406,1.85883,1.42484,2.29282,0.00000,1.00000,2.00000,0.0,5.00000,1.0,0.00000,1.00000
2020,Indirect migration background,2nd Quintile,316,1.85829,1.38914,2.32743,0.00000,1.00000,2.00000,0.0,5.00000,1.0,0.00000,1.00000
2020,Indirect migration background,3rd Quintile,276,1.37495,1.05667,1.69322,0.00000,1.00000,2.00000,0.0,5.00000,1.0,0.00000,1.00000
2020,Indirect migration background,4th Quintile,232,1.39423,1.17003,1.61843,0.00000,1.00000,2.00000,0.0,5.00000,1.0,0.00000,1.00000
2020,Indirect migration background,5th Quintile,285,1.75596,1.52588,1.98604,0.00000,1.00000,2.00000,0.0,5.00000,1.0,1.00000,2.00000
2021,No migration background,1st Quintile,1890,3.01776,2.82419,3.21134,1.00000,2.00000,4.00000,0.0,8.50000,2.0,2.00000,2.00000
2021,No migration background,2nd Quintile,2303,2.41557,2.27276,2.55839,1.00000,2.00000,3.00000,0.0,6.00000,2.0,2.00000,2.00000
2021,No migration background,3rd Quintile,2369,2.56903,2.39983,2.73823,1.00000,2.00000,3.00000,0.0,6.00000,2.0,2.00000,2.00000
2021,No migration background,4th Quintile,2521,2.63588,2.47985,2.79191,1.00000,2.00000,3.00000,0.0,6.00000,2.0,2.00000,2.00000
2021,No migration background,5th Quintile,3493,2.51902,2.39746,2.64057,1.00000,2.00000,3.00000,0.0,6.00000,2.0,2.00000,2.00000
2021,Direct migration background,1st Quintile,999,2.38053,2.05777,2.70328,0.00000,1.00000,3.00000,0.0,7.50000,1.0,1.00000,2.00000
2021,Direct migration background,2nd Quintile,704,2.60402,2.29278,2.91527,0.00000,2.00000,3.00000,0.0,7.50000,2.0,1.00000,2.00000
2021,Direct migration background,3rd Quintile,461,2.63840,2.03564,3.24117,0.00000,1.00000,3.00000,0.0,7.50000,1.0,1.00000,2.00000
2021,Direct migration background,4th Quintile,367,2.35100,2.02808,2.67392,0.00000,1.00000,3.00000,0.0,7.50000,1.0,1.00000,2.00000
2021,Direct migration background,5th Quintile,417,1.80021,1.56163,2.03880,0.00000,1.00000,2.00000,0.0,5.00000,1.0,1.00000,2.00000
2021,Indirect migration background,1st Quintile,227,2.53783,2.11515,2.96052,0.00000,2.00000,3.00000,0.0,7.50000,2.0,1.00000,2.00000
2021,Indirect migration background,2nd Quintile,199,1.89467,1.51176,2.27759,0.00000,1.00000,3.00000,0.0,7.50000,1.0,1.00000,2.00000
2021,Indirect migration background,3rd Quintile,138,2.22044,1.68805,2.75283,0.00000,1.00000,3.12528,0.0,7.81320,1.0,0.00000,2.00000
2021,Indirect migration background,4th Quintile,146,2.38662,1.96446,2.80877,1.00000,1.00000,4.00000,0.0,8.50000,1.0,1.00000,2.00000
2021,Indirect migration background,5th Quintile,177,2.54751,1.92682,3.16819,1.00000,2.00000,3.00000,0.0,6.00000,2.0,1.00000,2.00000
2022,No migration background,1st Quintile,1692,2.98183,2.76461,3.19905,1.00000,2.00000,4.00000,0.0,8.50000,2.0,2.00000,2.00000
2022,No migration background,2nd Quintile,2108,2.61796,2.47508,2.76083,1.00000,2.00000,3.00000,0.0,6.00000,2.0,2.00000,2.00000
2022,No migration background,3rd Quintile,2215,2.72649,2.59248,2.86049,1.00000,2.00000,3.00000,0.0,6.00000,2.0,2.00000,2.00000
2022,No migration background,4th Quintile,2444,2.72506,2.56452,2.88561,1.00000,2.00000,3.00000,0.0,6.00000,2.0,2.00000,2.00000
2022,No migration background,5th Quintile,3249,2.61390,2.48891,2.73888,1.00000,2.00000,3.00000,0.0,6.00000,2.0,2.00000,2.00000
2022,Direct migration background,1st Quintile,2219,2.46710,2.32336,2.61084,0.00000,2.00000,3.00000,0.0,7.50000,2.0,1.00000,2.00000
2022,Direct migration background,2nd Quintile,778,1.99920,1.80952,2.18888,0.00000,1.00000,3.00000,0.0,7.50000,1.0,1.00000,1.00000
2022,Direct migration background,3rd Quintile,474,2.21170,1.88575,2.53766,0.00000,1.00000,3.00000,0.0,7.50000,1.0,1.00000,2.00000
2022,Direct migration background,4th Quintile,374,2.52318,2.14395,2.90241,0.00000,2.00000,3.00000,0.0,7.50000,2.0,1.00000,2.00000
2022,Direct migration background,5th Quintile,358,1.95433,1.70657,2.20208,0.00000,1.00000,3.00000,0.0,7.50000,1.0,1.00000,2.00000
2022,Indirect migration background,1st Quintile,188,2.38632,1.96767,2.80497,0.88941,2.00000,3.00000,0.0,6.16588,2.0,1.00000,2.00000
2022,Indirect migration background,2nd Quintile,164,1.45039,1.06431,1.83646,0.00000,0.00000,2.00000,0.0,5.00000,0.0,0.00000,2.00000
2022,Indirect migration background,3rd Quintile,143,2.16545,1.69013,2.64077,0.19519,1.00000,3.00000,0.0,7.20721,1.0,1.00000,2.00000
2022,Indirect migration background,4th Quintile,124,2.37704,1.84668,2.90740,0.00000,2.00000,3.00000,0.0,7.50000,2.0,1.00000,2.00000
2022,Indirect migration background,5th Quintile,153,1.94143,1.51668,2.36619,0.00000,1.00000,3.00000,0.0,7.50000,1.0,1.00000,2.00000
