year,quintil_oecd,sex,n,mean,mean_lower_confidence,mean_upper_confidence,lower_quartile,boxplot_median,upper_quartile,lower_whisker,upper_whisker,median,median_lower_confidence,median_upper_confidence
1984,1. Quintil,maennlich,,,,,,,,,,,,
1984,1. Quintil,weiblich,,,,,,,,,,,,
1984,2. Quintil,maennlich,,,,,,,,,,,,
1984,2. Quintil,weiblich,,,,,,,,,,,,
1984,3. Quintil,maennlich,,,,,,,,,,,,
1984,3. Quintil,weiblich,,,,,,,,,,,,
1984,4. Quintil,maennlich,,,,,,,,,,,,
1984,4. Quintil,weiblich,,,,,,,,,,,,
1984,5. Quintil,maennlich,,,,,,,,,,,,
1984,5. Quintil,weiblich,,,,,,,,,,,,
1985,1. Quintil,maennlich,2806,0.38057323500792467,0.36255017726869626,0.3985962927471531,0.0,0.0,0.0,0.0,0.0,0.0,0.0,0.0
1985,1. Quintil,weiblich,3214,1.37405890056969,1.3261880627407445,1.4219297383986353,7.642585867265794,0.03818602896902621,0.0,19.106464668164485,-11.46387880089869,0.0,0.0,0.0
1985,2. Quintil,maennlich,1464,0.32204707498618873,0.29338525624021733,0.35070889373216013,0.0,0.0,0.0,0.0,0.0,0.0,0.0,0.0
1985,2. Quintil,weiblich,1349,1.14440163946419,1.0763316872247828,1.2124715917035973,8.2651091542713,0.0,0.0,20.66277288567825,-12.39766373140695,0.0,0.0,0.0
1985,3. Quintil,maennlich,659,0.1802962550426678,0.15731467957693765,0.20327783050839796,0.0,0.4990741236695462,0.0,1.0,0.0,0.0,0.0,0.0
1985,3. Quintil,weiblich,620,0.8258405675464453,0.742250564412358,0.9094305706805326,0.0,0.0,0.5878466686509815,13.0,1.4696166716274535,0.0,0.0,0.0
1985,4. Quintil,maennlich,244,0.09602833692933438,0.0653664562788937,0.12669021757977506,0.0,0.0,0.1727205205884208,0.0,0.0,0.0,0.0,0.0
1985,4. Quintil,weiblich,236,0.4879142068081635,0.3950110325336558,0.5808173810826712,0.0,0.0,0.0,2.0,0.0,0.0,0.0,0.0
1985,5. Quintil,maennlich,89,0.2379667895791153,0.13267568192931462,0.343257897228916,0.0,0.0030318487486372145,0.0,1.0,0.0,0.0,0.0,0.0
1985,5. Quintil,weiblich,76,1.3280776255899938,1.0111454802260345,1.645009770953953,0.0,0.0,2.0,10.0,0.0,0.0,0.0,0.0
1986,1. Quintil,maennlich,2553,0.46179701187350636,0.4371315103131813,0.4864625134338314,0.0517533602453657,0.0,6.761520416531927,0.0,0.0,0.0,0.0,0.0
1986,1. Quintil,weiblich,2883,1.496789188858227,1.4425114340085878,1.5510669437078661,0.0,3.8065641578042024,2.8852928834338645,0.0,0.0,0.0,0.0,0.0
1986,2. Quintil,maennlich,1468,0.2825437430926514,0.2610133093302879,0.3040741768550149,0.0,0.0,0.0,0.0,0.0,0.0,0.0,0.0
1986,2. Quintil,weiblich,1355,1.1639488667228783,1.0972047482246943,1.2306929852210624,0.7446247271109177,0.0,0.09823470306291382,4.0,-0.8713503330090919,0.0,0.0,0.0
1986,3. Quintil,maennlich,715,0.22659932346464529,0.2010267679403882,0.25217187898890236,0.0,0.0,0.0,1.0,0.0,0.0,0.0,0.0
1986,3. Quintil,weiblich,664,0.9676283509577546,0.8727323252281559,1.0625243766873533,0.0,1.9077591474747315,0.0,0.0,0.0,0.0,0.0,0.0
1986,4. Quintil,maennlich,267,0.11325926004889776,0.08676056355064812,0.1397579565471474,0.0,0.0,0.0,0.0,0.0,0.0,0.0,0.0
1986,4. Quintil,weiblich,250,0.64498617523572,0.49987440041978703,0.790097950051653,0.0,0.0,0.0,0.0,0.0,0.0,0.0,0.0
1986,5. Quintil,maennlich,86,0.15682759912999272,0.10574435146544496,0.20791084679454047,0.0,0.0,0.0,0.0,0.0,0.0,0.0,0.0
1986,5. Quintil,weiblich,76,0.7186374607302082,0.5068022771494599,0.9304726443109564,0.0,0.8969078544759566,0.0,0.0,0.0,0.0,0.0,0.0
1987,1. Quintil,maennlich,2284,0.5129573434581839,0.48542256852286014,0.5404921183935076,0.0,0.0,0.9317403008858137,0.0,0.0,0.0,0.0,0.0
1987,1. Quintil,weiblich,2621,1.6793053291385225,1.6162029451901048,1.7424077130869402,8.181465845776597,10.742254751944683,0.5708045943369826,19.597457722936017,-10.845187282822438,0.0,0.0,0.0
1987,2. Quintil,maennlich,1487,0.3261305782011607,0.30253037693826024,0.34973077946406117,1.5818643801394514,0.0,1.0461298930383167,2.3854661107911532,0.0,0.0,0.0,0.0
1987,2. Quintil,weiblich,1392,1.3530153119765571,1.2736712692063956,1.4323593547467186,3.2001468752740267,1.2237050933457545,0.0,8.000367188185066,-4.800220312911041,0.0,0.0,0.0
1987,3. Quintil,maennlich,850,0.21239720210448768,0.18968739668511136,0.235107007523864,0.0,1.78396978598439,0.0,0.0,0.0,0.0,0.0,0.0
1987,3. Quintil,weiblich,755,0.8911254602105054,0.8111333486465729,0.9711175717744379,0.0,0.07848565017628342,8.13545688028936,0.0,2.0,0.0,0.0,0.0
1987,4. Quintil,maennlich,316,0.13318895869280806,0.11034136137142916,0.15603655601418695,0.0,0.0,0.0,0.0,0.0,0.0,0.0,0.0
1987,4. Quintil,weiblich,279,0.8787331437126885,0.7446429958991845,1.0128232915261925,0.39686239017842473,8.350544542422572,3.5812800244543888,0.0,3.0,0.0,0.0,0.0
1987,5. Quintil,maennlich,122,0.10056025088755535,0.06594335404591195,0.13517714772919875,0.0,0.7397921476122916,0.7875299417990781,0.0,0.0,0.0,0.0,0.0
1987,5. Quintil,weiblich,108,0.9636768200367063,0.7159973558604852,1.2113562842129273,0.0,0.0,0.0,0.0,0.0,0.0,0.0,0.0
1988,1. Quintil,maennlich,1986,0.5296829786306121,0.5043787928128949,0.5549871644483293,0.7358903436161739,0.0,1.8437257882830655,0.0,0.0,0.0,0.0,0.0
1988,1. Quintil,weiblich,2354,1.7003474129957408,1.634308050786131,1.7663867752053506,4.55604988319082,0.9414314708159448,9.371275458697385,0.0,0.0,0.0,0.0,0.0
1988,2. Quintil,maennlich,1489,0.3341810947780139,0.3098408511653975,0.3585213383906303,0.0,0.0,0.0,2.0,0.0,0.0,0.0,0.0
1988,2. Quintil,weiblich,1384,1.465620584324249,1.3850212071990757,1.546219961449422,0.0,0.40807757523862764,0.0,2.0,0.0,0.0,0.0,0.0
1988,3. Quintil,maennlich,856,0.2927494151020643,0.24972846561226464,0.335770364591864,0.795657620984576,0.0,0.0,1.98914405246144,-1.193486431476864,0.0,0.0,0.0
1988,3. Quintil,weiblich,758,0.8973769248035619,0.8166127456254392,0.9781411039816846,0.0,0.0,5.882283816649764,0.0,0.0,0.0,0.0,0.0
1988,4. Quintil,maennlich,353,0.14546185402347112,0.1193425996573803,0.17158110838956192,0.09365174228595519,0.0,0.0,0.23412935571488797,-0.14047761342893278,0.0,0.0,0.0
1988,4. Quintil,weiblich,327,0.9606671017546229,0.8101919605739495,1.1111422429352964,0.0,0.0,0.0,0.0,0.0,0.0,0.0,0.0
1988,5. Quintil,maennlich,131,0.09762242800146838,0.05270021891069811,0.14254463709223864,0.0,0.0,0.0,0.0,0.0,0.0,0.0,0.0
1988,5. Quintil,weiblich,118,0.8819612448951032,0.5914433228343233,1.172479166955883,0.0,2.999199543220646,0.0,0.0,0.0,0.0,0.0,0.0
1989,1. Quintil,maennlich,1748,0.6517031117001325,0.6143291002450104,0.6890771231552546,1.4496129154961936,1.1719893791724407,0.0,3.624032288740484,-2.1744193732442905,0.0,0.0,0.0
1989,1. Quintil,weiblich,2079,1.8342592104458202,1.758165496767245,1.9103529241243953,0.8676897000353128,0.6633569476387602,0.0,3.0,-1.3015345500529691,0.0,0.0,0.0
1989,2. Quintil,maennlich,1449,0.374283193216848,0.3505920976045932,0.3979742888291028,0.0,0.0,0.0,1.0,0.0,0.0,0.0,0.0
1989,2. Quintil,weiblich,1386,1.5769222547156294,1.4888644669901023,1.6649800424411565,0.0,6.4226374035192775,0.0,5.0,0.0,0.0,0.0,0.0
1989,3. Quintil,maennlich,911,0.2695882423208975,0.24288126167486424,0.2962952229669308,0.0,0.0,0.0,0.0,0.0,0.0,0.0,0.0
1989,3. Quintil,weiblich,830,1.0084029719039926,0.9199448382672953,1.0968611055406898,3.8459047151256627,0.0,0.0,9.614761787814157,-5.768857072688494,0.0,0.0,0.0
1989,4. Quintil,maennlich,423,0.15617269425535507,0.12576217889185978,0.18658320961885036,0.0,0.0,0.0,0.0,0.0,0.0,0.0,0.0
1989,4. Quintil,weiblich,374,0.9967437182150947,0.8613008884114903,1.132186548018699,2.7025657404014183,0.0,5.772716148448255,0.0,0.0,0.0,0.0,0.0
1989,5. Quintil,maennlich,145,0.0838340549547479,0.04997726268079794,0.11769084722869785,0.0,0.0,0.6753050037320283,0.0,0.0,0.0,0.0,0.0
1989,5. Quintil,weiblich,135,1.241439510142879,0.9245556467658992,1.5583233735198587,1.0549101389749844,0.0,0.568638462976607,1.7843176529725504,-0.16076905102095906,0.0,0.0,0.0
1990,1. Quintil,maennlich,1571,0.6487163807455342,0.6104146296937496,0.6870181317973187,0.0,0.0,0.018125771461765892,0.0,0.0,0.0,0.0,0.0
1990,1. Quintil,weiblich,1876,2.2000314033628245,2.1083317540412376,2.2917310526844115,1.3307041634885213,0.17511344821243546,0.0,3.326760408721303,-1.996056245232782,0.0,0.0,0.0
1990,2. Quintil,maennlich,1383,0.4330882260890637,0.4053737030122596,0.46080274916586783,1.0,1.1710128874059853,0.0,2.5,-1.5,0.0,0.0,0.0
1990,2. Quintil,weiblich,1365,1.8684887792552358,1.7684504540952157,1.968527104415256,0.0,0.0,0.0,12.0,0.0,0.0,0.0,0.0
1990,3. Quintil,maennlich,925,0.2676296649560572,0.24069482069313988,0.2945645092189746,0.0,1.9391965102045399,0.0,0.0,0.0,0.0,0.0,0.0
1990,3. Quintil,weiblich,851,0.9812706359699783,0.8988874379325233,1.0636538340074333,0.0,0.7720193534470189,7.558906144290331,0.0,0.0,0.0,0.0,0.0
1990,4. Quintil,maennlich,494,0.16384257377736336,0.13851556677636226,0.18916958077836446,0.0,0.0,3.3063674163577454,0.0,0.0,0.0,0.0,0.0
1990,4. Quintil,weiblich,444,1.019941455791118,0.8757900448007971,1.1640928667814388,0.0,6.847764584222638,0.0,0.0,0.0,0.0,0.0,0.0
1990,5. Quintil,maennlich,197,0.13884151695047256,0.09059032629919023,0.1870927076017549,0.0,0.0,0.7944134790716952,0.0,0.0,0.0,0.0,0.0
1990,5. Quintil,weiblich,169,1.0379696447406346,0.8016218798332015,1.2743174096480676,0.0,0.0,2.3806155775284643,0.0,0.0,0.0,0.0,0.0
1991,1. Quintil,maennlich,1277,0.6076997441297868,0.5669385223307404,0.6484609659288332,2.2140989254099717,0.0,2.0,2.535247313524929,0.0,0.0,0.0,0.0
1991,1. Quintil,weiblich,1588,1.8460488854960064,1.759145797633894,1.9329519733581189,0.791299065068895,8.853519775117917,4.302180236177783,0.0,0.0,0.0,0.0,0.0
1991,2. Quintil,maennlich,1285,0.4622838588268582,0.4352560777142742,0.48931163993944216,0.0,0.11439255203093612,0.6745850205558548,0.0,0.0,0.0,0.0,0.0
1991,2. Quintil,weiblich,1317,1.8395020749149427,1.7433856852839769,1.9356184645459085,2.0905900878925396,0.0,0.0,5.226475219731348,-3.1358851318388092,0.0,0.0,0.0
1991,3. Quintil,maennlich,1059,0.244734580485212,0.22372802921051302,0.265741131759911,0.49424480629003265,0.2960132795440571,0.5035195016639179,0.48033276322920476,0.0,0.0,0.0,0.0
1991,3. Quintil,weiblich,948,1.4164325562607922,1.3092486159587349,1.5236164965628496,0.24761468648167773,0.0,0.8245581112791142,0.0,0.0,0.0,0.0,0.0
1991,4. Quintil,maennlich,692,0.161702749456985,0.1426435419344456,0.18076195697952444,0.966050613317096,0.0,0.0,2.41512653329274,-1.449075919975644,0.0,0.0,0.0
1991,4. Quintil,weiblich,614,0.9507650276582158,0.846429652187147,1.0551004031292845,0.8075657115284952,0.0,0.0,2.018914278821238,-1.2113485672927429,0.0,0.0,0.0
1991,5. Quintil,maennlich,235,0.1444093249232442,0.1149207814246932,0.17389786842179522,1.4421553918277699,0.0,0.0,3.6053884795694247,-2.163233087741655,0.0,0.0,0.0
1991,5. Quintil,weiblich,227,0.7637231677230798,0.6094519132338497,0.9179944222123099,0.24425834830006254,0.0,0.0,0.6106458707501563,-0.3663875224500938,0.0,0.0,0.0
1992,1. Quintil,maennlich,2187,0.6389510919440814,0.6106279872131164,0.6672741966750464,0.0,0.0,0.08321856629943918,0.0,0.0,0.0,0.0,0.0
1992,1. Quintil,weiblich,2684,1.93163818424581,1.861291702749055,2.001984665742565,0.0,1.2245076405702193,9.536812881341971,0.0,3.0,0.0,0.0,0.0
1992,2. Quintil,maennlich,1736,0.5358589744184181,0.50931625153556,0.5624016973012762,2.0,0.0,0.0,5.0,-3.0,0.0,0.0,0.0
1992,2. Quintil,weiblich,1859,1.8322509166236467,1.7487451325939118,1.9157567006533816,1.2331102775045897,1.2688047156725266,0.0,9.0,-1.8496654162568844,0.0,0.0,0.0
1992,3. Quintil,maennlich,1224,0.3078443574131176,0.28456579401570575,0.33112292081052946,0.0,0.0,0.5634274240919543,0.0,0.0,0.0,0.0,0.0
1992,3. Quintil,weiblich,1130,1.4503772788614473,1.3566846531067036,1.544069904616191,2.207728063463601,7.574624530666463,0.0,5.519320158659003,-3.3115920951954014,0.0,0.0,0.0
1992,4. Quintil,maennlich,887,0.2312777219998614,0.20685313023576749,0.25570231376395536,0.0,0.0,0.0,0.0,0.0,0.0,0.0,0.0
1992,4. Quintil,weiblich,778,1.0366075643319008,0.9349096069460341,1.1383055217177676,0.9550137973344677,0.0,0.0,2.387534493336169,-1.4325206960017014,0.0,0.0,0.0
1992,5. Quintil,maennlich,310,0.14962493763321555,0.11940348531658554,0.17984638994984556,0.0,0.0,0.0,0.0,0.0,0.0,0.0,0.0
1992,5. Quintil,weiblich,288,0.8950228503628479,0.7449525418571293,1.0450931588685664,0.0,0.0,0.0,7.0,0.0,0.0,0.0,0.0
1993,1. Quintil,maennlich,1744,0.4938180112794316,0.46681343955776894,0.5208225830010943,0.0,1.3607346294123444,0.0,0.0,0.0,0.0,0.0,0.0
1993,1. Quintil,weiblich,2210,1.82681432519627,1.7472077481266781,1.906420902265862,0.0,0.9948512952876554,0.7606432697427672,0.0,0.0,0.0,0.0,0.0
1993,2. Quintil,maennlich,1727,0.553952274400801,0.5218880953535237,0.5860164534480783,0.0,1.8529381466070651,0.0,0.0,0.0,0.0,0.0,0.0
1993,2. Quintil,weiblich,1839,2.075140969997596,1.9855542598828724,2.1647276801123194,3.613617811050303,4.537407889912794,2.3355939977007907,5.530653531074572,0.0,0.0,0.0,0.0
1993,3. Quintil,maennlich,1404,0.33454198841784094,0.3129087005462322,0.35617527628944967,0.0,0.0,0.0,0.0,0.0,0.0,0.0,0.0
1993,3. Quintil,weiblich,1345,1.5788910112305368,1.4774638409156124,1.680318181545461,0.0,1.7348640309189176,2.047009307299456,2.0,0.0,0.0,0.0,0.0
1993,4. Quintil,maennlich,957,0.22187853430355353,0.18782290488268827,0.2559341637244188,0.0,0.0,0.444712211560088,0.0,1.11178052890022,0.0,0.0,0.0
1993,4. Quintil,weiblich,854,1.0122470808216648,0.9179321961114277,1.106561965531902,0.0,0.0,0.6589527383478461,2.0,0.0,0.0,0.0,0.0
1993,5. Quintil,maennlich,423,0.15732315617131282,0.13006932652494854,0.1845769858176771,0.7821276972515981,0.0,0.0,1.9553192431289954,-1.1731915458773972,0.0,0.0,0.0
1993,5. Quintil,weiblich,367,0.9642949910305806,0.8319254985558248,1.0966644835053363,1.6131109653964246,0.6918475901243466,0.0,4.032777413491061,-2.419666448094637,0.0,0.0,0.0
1994,1. Quintil,maennlich,1367,0.5934662002957255,0.5542263361376308,0.6327060644538202,0.0,0.0,0.0,0.0,0.0,0.0,0.0,0.0
1994,1. Quintil,weiblich,1809,1.7933543495722448,1.7082668336125433,1.8784418655319464,1.1464161221902507,0.0,0.0,2.866040305475627,-1.719624183285376,0.0,0.0,0.0
1994,2. Quintil,maennlich,1723,0.607936565928027,0.5762782587065414,0.6395948731495127,0.0,0.814895254054363,1.180477625988584,0.0,1.0,0.0,0.0,0.0
1994,2. Quintil,weiblich,1887,2.0450724718309985,1.955739657058651,2.134405286603346,0.0,3.878791837130702,0.4759560173680377,0.0,1.0,0.0,0.0,0.0
1994,3. Quintil,maennlich,1449,0.42726975058695515,0.40041280617486746,0.45412669499904285,0.0,0.0,0.0,2.0,0.0,0.0,0.0,0.0
1994,3. Quintil,weiblich,1401,1.6859837079396027,1.5870585739695222,1.7849088419096832,0.0,1.3836279322331464,1.728684740806248,0.0,4.32171185201562,0.0,0.0,0.0
1994,4. Quintil,maennlich,1073,0.2915921283921001,0.2623804151962316,0.32080384158796854,0.07059613766758366,0.8381866995436988,0.01793368596275391,0.14958981522482828,-0.061059991594490715,0.0,0.0,0.0
1994,4. Quintil,weiblich,987,1.2084751216222611,1.1135185821817577,1.3034316610627645,0.0,0.3648034521953805,0.0,0.0,0.0,0.0,0.0,0.0
1994,5. Quintil,maennlich,524,0.13614897863330827,0.11695038297934521,0.15534757428727133,0.0,0.0,0.0,0.0,0.0,0.0,0.0,0.0
1994,5. Quintil,weiblich,459,0.7961617564306549,0.6913810442780844,0.9009424685832254,0.0,0.0,0.0,0.0,0.0,0.0,0.0,0.0
1995,1. Quintil,maennlich,1436,0.6635480713615163,0.619738423728382,0.7073577189946506,0.0,0.0,0.2432312222489514,0.0,0.6080780556223785,0.0,0.0,0.0
1995,1. Quintil,weiblich,1849,2.2015416065479045,2.102634958088101,2.300448255007708,2.551507315975524,0.0,0.0,6.37876828993881,-3.827260973963286,0.0,0.0,0.0
1995,2. Quintil,maennlich,1759,0.5950837649475558,0.5622864972846546,0.6278810326104569,0.0,1.0,0.0,3.0,0.0,0.0,0.0,0.0
1995,2. Quintil,weiblich,1913,2.0830028023805336,1.9890604970465111,2.176945107714556,0.4608966434378887,2.577114922812774,0.5514023388036475,0.3251381003892505,0.6871608818522857,0.0,0.0,0.0
1995,3. Quintil,maennlich,1493,0.4185407907435108,0.38892446587840646,0.44815711560861515,0.5467251348823171,0.0,0.0,1.3668128372057926,-0.8200877023234756,0.0,0.0,0.0
1995,3. Quintil,weiblich,1484,1.5523614074972412,1.4645596050853793,1.640163209909103,0.7696851206312161,2.664817584200916,0.0,1.9242128015780402,-1.1545276809468241,0.0,0.0,0.0
1995,4. Quintil,maennlich,1070,0.25603798647191445,0.23183213079607515,0.2802438421477538,0.0,0.0,0.0,0.0,0.0,0.0,0.0,0.0
1995,4. Quintil,weiblich,1002,1.2524821645880502,1.1533651911758687,1.3515991380002317,1.1154591855592884,0.0,0.0,2.788647963898221,-1.6731887783389325,0.0,0.0,0.0
1995,5. Quintil,maennlich,540,0.21333830544438878,0.17647048529232062,0.25020612559645694,0.3625481673038559,0.15525040107049282,0.0,0.9063704182596397,-0.5438222509557838,0.0,0.0,0.0
1995,5. Quintil,weiblich,515,0.9498843406452172,0.838240427510774,1.0615282537796604,0.4629680310855716,3.8745827019539005,0.0,1.1574200777139292,-0.6944520466283575,0.0,0.0,0.0
1996,1. Quintil,maennlich,1229,0.744131004963386,0.6953189064128906,0.7929431035138814,0.0,0.0,2.2507536815746363,0.0,3.0,0.0,0.0,0.0
1996,1. Quintil,weiblich,1617,2.3342630047578696,2.220940759260441,2.4475852502552984,3.608125531312906,0.0,0.31032782516150803,8.554822090540004,-4.636368734065589,0.0,0.0,0.0
1996,2. Quintil,maennlich,1736,0.6117944579607615,0.5834033485565567,0.6401855673649662,2.4878623530576847,0.0,1.3945651268310169,4.127808192397686,-0.24538071250898486,0.0,0.0,0.0
1996,2. Quintil,weiblich,1950,2.259134729746911,2.15947039303891,2.3587990664549117,0.0,5.628107371873641,0.25640104397887953,0.0,0.6410026099471988,0.0,0.0,0.0
1996,3. Quintil,maennlich,1496,0.5088964149413742,0.4716702485545256,0.5461225813282227,0.0,0.0,0.0,0.0,0.0,0.0,0.0,0.0
1996,3. Quintil,weiblich,1481,1.6800935700172102,1.5851913860898483,1.774995753944572,0.0,0.0,0.0,0.0,0.0,0.0,0.0,0.0
1996,4. Quintil,maennlich,1167,0.33196562483647307,0.30377993073578996,0.3601513189371562,0.0,1.0,0.0,0.0,0.0,0.0,0.0,0.0
1996,4. Quintil,weiblich,1091,1.499025955164893,1.3877745754011312,1.6102773349286548,0.0,0.30356615156945527,0.9684470345390059,0.0,0.0,0.0,0.0,0.0
1996,5. Quintil,maennlich,555,0.20883877301970297,0.18143767386720966,0.23623987217219627,0.0,0.7740039570448554,0.0,0.0,0.0,0.0,0.0,0.0
1996,5. Quintil,weiblich,499,0.896288253457612,0.7845715165356322,1.0080049903795918,0.0,0.0,1.1616750510647627,0.0,0.0,0.0,0.0,0.0
1997,1. Quintil,maennlich,1034,0.658346781052639,0.6081623976347286,0.7085311644705494,0.0,3.9745863393743983,1.6113104836090875,0.0,1.0,0.0,0.0,0.0
1997,1. Quintil,weiblich,1371,2.2432577496820056,2.1258418034407778,2.3606736959232335,0.0,3.348257346906147,0.0,0.0,0.0,0.0,0.0,0.0
1997,2. Quintil,maennlich,1692,0.6426048460626875,0.6059187276939311,0.679290964431444,1.6353494449575001,0.0,0.8302659202219327,2.842974732060851,-0.37735936688141836,0.0,0.0,0.0
1997,2. Quintil,weiblich,1906,2.1764442483203856,2.077190407053519,2.275698089587252,1.6666810566432995,0.0,0.7149955182798071,4.0,-0.7125327892654314,0.0,0.0,0.0
1997,3. Quintil,maennlich,1587,0.43213614208318557,0.4039808725977808,0.4602914115685903,0.0,0.0,0.0,0.0,0.0,0.0,0.0,0.0
1997,3. Quintil,weiblich,1610,1.733352226886284,1.6384591375050777,1.8282453162674903,3.9466341003642698,0.0,9.138275143881486,0.0,0.0,0.0,0.0,0.0
1997,4. Quintil,maennlich,1161,0.22794606863812056,0.20791028088301852,0.2479818563932226,0.0,0.0,0.0,0.0,0.0,0.0,0.0,0.0
1997,4. Quintil,weiblich,1095,1.3045099279510335,1.2002462490697077,1.4087736068323593,0.0,0.0,0.0,0.0,0.0,0.0,0.0,0.0
1997,5. Quintil,maennlich,594,0.15102744414698505,0.12724692539050625,0.17480796290346384,0.0,0.0,0.0,0.0,0.0,0.0,0.0,0.0
1997,5. Quintil,weiblich,527,1.1294449731454594,0.9793012384607257,1.279588707830193,5.245117797153645,0.0,0.0,13.112794492884113,-7.867676695730467,0.0,0.0,0.0
1998,1. Quintil,maennlich,1135,0.5890662031244174,0.5444696899199158,0.6336627163289189,0.5079769638389575,0.0,0.0,1.2699424095973937,-0.7619654457584363,0.0,0.0,0.0
1998,1. Quintil,weiblich,1489,2.035701335572458,1.9258504888845982,2.1455521822603174,0.0,0.0,0.7854761883921797,0.0,0.0,0.0,0.0,0.0
1998,2. Quintil,maennlich,1879,0.559200717508533,0.5294255765079119,0.588975858509154,1.0667103996023524,0.0,0.0,2.666775999005881,-1.6000655994035284,0.0,0.0,0.0
1998,2. Quintil,weiblich,2071,2.012338618074654,1.9248773671945143,2.0997998689547934,1.122052416210481,1.110140703025349,0.22704315236207506,2.4645663119830896,-1.1154707434105338,0.0,0.0,0.0
1998,3. Quintil,maennlich,1656,0.382356868992692,0.35758175433463046,0.40713198365075354,1.081936501202728,0.0,0.0988866657652836,2.5565112543588944,-1.375688087390883,0.0,0.0,0.0
1998,3. Quintil,weiblich,1718,1.4030188887403028,1.3212606572351142,1.4847771202454914,2.5522657615964075,0.0,0.0,6.380664403991019,-3.8283986423946113,0.0,0.0,0.0
1998,4. Quintil,maennlich,1348,0.24220657247291869,0.22269053197428842,0.2617226129715489,0.0,0.34967401789204183,0.0,1.0,0.0,0.0,0.0,0.0
1998,4. Quintil,weiblich,1263,1.0893317748121911,0.998949752005629,1.1797137976187533,0.0,0.0,0.9027157370431538,0.0,2.2567893426078847,0.0,0.0,0.0
1998,5. Quintil,maennlich,747,0.1900368694531201,0.16573276467858455,0.21434097422765563,0.0,0.0,0.832466316358796,0.0,0.0,0.0,0.0,0.0
1998,5. Quintil,weiblich,691,0.9418474249076046,0.8367935566217671,1.046901293193442,0.9022684363090534,0.0,0.09778684419655748,2.1089908244777975,-1.1089355439721864,0.0,0.0,0.0
1999,1. Quintil,maennlich,954,0.6134444629730159,0.5599758645012396,0.6669130614447922,0.04865908996960689,1.2476728558342431,0.0,0.12164772492401724,-0.07298863495441034,0.0,0.0,0.0
1999,1. Quintil,weiblich,1279,2.197994365266273,2.073039302494565,2.3229494280379805,0.0,0.0,2.4475825499328843,0.0,0.0,0.0,0.0,0.0
1999,2. Quintil,maennlich,1788,0.5431990680592739,0.5154381399313283,0.5709599961872195,0.0,0.0,0.0,0.0,0.0,0.0,0.0,0.0
1999,2. Quintil,weiblich,1948,2.1196425896793816,2.0231939913650314,2.2160911879937317,0.0,1.7679270140301753,2.751749786067043,0.0,0.0,0.0,0.0,0.0
1999,3. Quintil,maennlich,1592,0.40832211248893513,0.38045007752361354,0.4361941474542567,0.0,0.0,0.40155086965040243,0.0,1.0,0.0,0.0,0.0
1999,3. Quintil,weiblich,1663,1.8112189913794243,1.7114214358376096,1.911016546921239,2.9473515225245497,0.0,1.2481571814733905,5.496143034101289,-1.3006343301033483,0.0,0.0,0.0
1999,4. Quintil,maennlich,1354,0.29720637151327894,0.2741585318701704,0.32025421115638747,0.0,0.37046000083876596,0.0,0.0,0.0,0.0,0.0,0.0
1999,4. Quintil,weiblich,1336,1.1579994014127728,1.0733994676494694,1.2425993351760762,1.7529217116124771,0.0,0.0,4.382304279031192,-2.6293825674187157,0.0,0.0,0.0
1999,5. Quintil,maennlich,805,0.17568692759237664,0.1548898314787117,0.1964840237060416,0.0,0.0,0.0,0.0,0.0,0.0,0.0,0.0
1999,5. Quintil,weiblich,729,1.1875089313273846,1.0556614211852047,1.3193564414695644,2.2111658613598575,0.0,0.0,5.527914653399644,-3.3167487920397862,0.0,0.0,0.0
2000,1. Quintil,maennlich,1554,0.6684492747076118,0.618415032087682,0.7184835173275417,0.0,0.0,1.0942817258406663,0.0,0.0,0.0,0.0,0.0
2000,1. Quintil,weiblich,2188,1.8530959709433565,1.769203374523521,1.9369885673631921,4.695019487973404,0.8407725474827377,0.0,11.73754871993351,-7.042529231960106,0.0,0.0,0.0
2000,2. Quintil,maennlich,2676,0.49716382944523013,0.4750938506891777,0.5192338082012825,0.0,0.02424596181331684,0.0,0.0,0.0,0.0,0.0,0.0
2000,2. Quintil,weiblich,3051,1.8707449092840178,1.8010208881637486,1.940468930404287,0.0,0.0,1.5522123040040519,2.0,0.0,0.0,0.0,0.0
2000,3. Quintil,maennlich,2958,0.43789745355280846,0.4181783517469778,0.4576165553586391,0.0,0.0,0.12110053548136285,1.0,0.0,0.0,0.0,0.0
2000,3. Quintil,weiblich,3036,1.7991505377082853,1.7282294829109848,1.8700715925055857,0.0,1.4239920104282024,0.0,10.0,0.0,0.0,0.0,0.0
2000,4. Quintil,maennlich,2533,0.34089905048847396,0.31606904494054644,0.3657290560364015,0.0,0.0,0.0,0.0,0.0,0.0,0.0,0.0
2000,4. Quintil,weiblich,2467,1.312310255112648,1.2420143898556588,1.3826061203696371,0.0,1.95980411694592,7.035540087691339,24.0,0.0,0.0,0.0,0.0
2000,5. Quintil,maennlich,1661,0.20603089813415038,0.18962063353830438,0.22244116272999637,0.0,0.0,1.965449076496539,0.0,0.0,0.0,0.0,0.0
2000,5. Quintil,weiblich,1592,1.0859520203898432,1.0090184499001549,1.1628855908795315,0.0,0.0,7.516463877880861,0.0,0.0,0.0,0.0,0.0
2001,1. Quintil,maennlich,1274,0.5797536407658419,0.5313879407793537,0.6281193407523301,0.0,0.0,0.0,0.0,0.0,0.0,0.0,0.0
2001,1. Quintil,weiblich,1772,1.8383658864317753,1.747111350359502,1.9296204225040487,0.0,5.157141643038641,5.467312198165833,0.0,10.0,0.0,0.0,0.0
2001,2. Quintil,maennlich,2227,0.5513286666061759,0.5247311182853953,0.5779262149269564,0.0,0.0,0.979852431582257,3.0,2.449631078955642,0.0,0.0,0.0
2001,2. Quintil,weiblich,2610,2.035941518039575,1.956271976015011,2.1156110600641393,6.194920971251021,0.0,0.0,15.48730242812755,-9.29238145687653,0.0,0.0,0.0
2001,3. Quintil,maennlich,2753,0.46775669547297394,0.4460941662473629,0.48941922469858495,0.0,2.7760173717152004,2.5359711539185446,0.0,0.0,0.0,0.0,0.0
2001,3. Quintil,weiblich,2889,1.7471862924387562,1.675180190715362,1.8191923941621504,0.0,1.3842955874689005,0.0,3.0,0.0,0.0,0.0,0.0
2001,4. Quintil,maennlich,2482,0.387280651039264,0.36022903776110715,0.4143322643174209,0.0,0.29720967155621614,0.22561394844693738,0.0,0.0,0.0,0.0,0.0
2001,4. Quintil,weiblich,2426,1.367969902591259,1.299191937704251,1.4367478674782672,0.0,0.0,0.0,10.0,0.0,0.0,0.0,0.0
2001,5. Quintil,maennlich,1641,0.17978923322686086,0.1648936569833643,0.1946848094703574,0.0,0.0,0.0,0.0,0.0,0.0,0.0,0.0
2001,5. Quintil,weiblich,1534,1.0576865732258278,0.9789776514212839,1.1363954950303716,0.0,9.291920177631434,0.0,0.0,0.0,0.0,0.0,0.0
2002,1. Quintil,maennlich,1169,0.5337888025221914,0.4912281283662053,0.5763494766781776,1.7817850763398257,7.4973805645555185,0.0,4.454462690849564,-2.6726776145097384,0.0,0.0,0.0
2002,1. Quintil,weiblich,1629,1.9427442489462075,1.8428038806274805,2.0426846172649347,6.104748487882387,5.822235128426034,6.442451486696174,5.598193989661706,0.0,0.0,0.0,0.0
2002,2. Quintil,maennlich,2008,0.5448625331492762,0.5146148402552047,0.5751102260433478,0.0,0.10580958708201103,0.9345354845605376,2.0,0.0,0.0,0.0,0.0
2002,2. Quintil,weiblich,2355,1.8531552761309886,1.7688759447857962,1.937434607476181,0.07419410249060633,0.0,0.0,0.18548525622651585,-0.1112911537359095,0.0,0.0,0.0
2002,3. Quintil,maennlich,2403,0.5107926245305349,0.48733207184390953,0.5342531772171601,0.0,0.0,5.4132678346255805,0.0,1.0,0.0,0.0,0.0
2002,3. Quintil,weiblich,2591,1.9573984599529537,1.8802276723266718,2.0345692475792356,10.008788384045134,0.0,8.704267428768194,11.965569816960546,0.0,0.0,0.0,0.0
2002,4. Quintil,maennlich,2560,0.3649833352917736,0.34643462393861585,0.3835320466449314,0.0,2.8575182392600884,0.0,1.0,0.0,0.0,0.0,0.0
2002,4. Quintil,weiblich,2471,1.3831988461864095,1.3159346704729344,1.4504630218998846,0.5169557527131438,0.6582719205527635,0.0,1.2923893817828596,-0.7754336290697157,0.0,0.0,0.0
2002,5. Quintil,maennlich,2808,0.2005439721182305,0.18704101982805946,0.21404692440840153,0.0,0.0,0.0,0.0,0.0,0.0,0.0,0.0
2002,5. Quintil,weiblich,2660,0.9497289093682987,0.8983520902756265,1.001105728460971,0.13398851460654493,0.0,3.7687075039828173,0.0,0.0,0.0,0.0,0.0
2003,1. Quintil,maennlich,1052,0.5390853626199622,0.4868494561281448,0.5913212691117796,0.0,0.4861465901683218,0.0,0.0,0.0,0.0,0.0,0.0
2003,1. Quintil,weiblich,1502,2.166509860927914,2.048737588986258,2.2842821328695697,0.0,4.903774222494145,21.08075712047989,0.0,0.0,0.0,0.0,0.0
2003,2. Quintil,maennlich,1740,0.6646689079195142,0.6199425020434242,0.7093953137956042,0.4109315927623174,0.6346317749668788,0.9189703979047339,2.0,0.0,0.0,0.0,0.0
2003,2. Quintil,weiblich,2086,1.9479484960568592,1.8539370355132536,2.041959956600465,0.0,4.617629572271862,5.813376049578579,0.0,4.0,0.0,0.0,0.0
2003,3. Quintil,maennlich,2326,0.47995944268197044,0.45553149345887395,0.5043873919050669,0.9431166860341762,3.173738654028215,0.0,2.3577917150854404,-1.4146750290512644,0.0,0.0,0.0
2003,3. Quintil,weiblich,2512,1.9739471299674518,1.890361715633256,2.057532544301648,0.0,0.8224903445932849,1.321700701003847,16.0,0.0,0.0,0.0,0.0
2003,4. Quintil,maennlich,2559,0.47016777526286535,0.43951386225683553,0.5008216882688952,0.0,0.0,0.0,0.0,0.0,0.0,0.0,0.0
2003,4. Quintil,weiblich,2512,1.6086242642846584,1.5369373123686705,1.6803112162006464,0.8371970913147974,12.874956254816631,2.2526650858417328,0.0,0.0,0.0,0.0,0.0
2003,5. Quintil,maennlich,2821,0.2317687720479198,0.2181764309143112,0.2453611131815284,0.0,1.0162468556089574,0.3520732252846332,0.0,0.0,0.0,0.0,0.0
2003,5. Quintil,weiblich,2700,1.1672406979269396,1.1030805349160298,1.2314008609378495,0.0,0.0,0.0,0.0,0.0,0.0,0.0,0.0
2004,1. Quintil,maennlich,1017,0.5207829406120111,0.4796380603054813,0.561927820918541,0.0,0.0,1.0,0.0,1.0,0.0,0.0,0.0
2004,1. Quintil,weiblich,1459,1.8833284904929952,1.7782099748582807,1.9884470061277097,12.0,9.691080940027222,4.104995239761356,23.842507140357966,-7.73751190059661,0.0,0.0,0.0
2004,2. Quintil,maennlich,1672,0.5650796062132717,0.5279724792763234,0.60218673315022,0.0,0.0,0.632467716396421,0.0,1.5811692909910524,0.0,0.0,0.0
2004,2. Quintil,weiblich,2056,1.8609703962504043,1.7707789330913346,1.951161859409474,0.0,3.9065984836315515,3.1094340161272473,0.0,7.773585040318118,0.0,0.0,0.0
2004,3. Quintil,maennlich,2284,0.5254044942000531,0.4971536810405335,0.5536553073595727,0.0,0.0,0.7688942308832489,0.0,1.0,0.0,0.0,0.0
2004,3. Quintil,weiblich,2464,1.8086191874802942,1.728160784417647,1.8890775905429413,0.0,0.0,0.0,0.0,0.0,0.0,0.0,0.0
2004,4. Quintil,maennlich,2492,0.38745985840285546,0.3636274795630027,0.41129223724270825,1.7057774664831347,1.0,0.0,4.264443666207837,-2.558666199724702,0.0,0.0,0.0
2004,4. Quintil,weiblich,2499,1.5837272166208791,1.5102574288006274,1.6571970044411308,1.1593572740336622,1.487475089565521,0.7967761764194411,1.7032289204549937,0.0,0.0,0.0,0.0
2004,5. Quintil,maennlich,2738,0.21600092788867023,0.2029039331605296,0.22909792261681086,0.0,0.0,0.0,0.0,0.0,0.0,0.0,0.0
2004,5. Quintil,weiblich,2568,0.9761470581867108,0.9199717880268254,1.032322328346596,0.0,0.0,0.0,0.0,0.0,0.0,0.0,0.0
2005,1. Quintil,maennlich,979,0.7272476309384331,0.6551230508689658,0.7993722110079005,0.0,1.4944979556839728,7.328943235189298,0.0,0.0,0.0,0.0,0.0
2005,1. Quintil,weiblich,1402,2.141623234080013,2.0197440052043407,2.2635024629556857,1.6638918135583716,1.313573939353312,3.262518335333035,0.0,0.0,0.0,0.0,0.0
2005,2. Quintil,maennlich,1576,0.47937309032081515,0.44410114773418097,0.5146450329074493,0.9312348485022649,0.0,0.1887242147321111,2.0450007991574957,-0.9250417359231196,0.0,0.0,0.0
2005,2. Quintil,weiblich,1894,1.866699590939829,1.767844916466598,1.96555426541306,0.0,0.0,5.460833851495089,5.0,0.0,0.0,0.0,0.0
2005,3. Quintil,maennlich,2037,0.5666238651820467,0.5328551351807819,0.6003925951833115,1.0,0.0,0.5008332053956492,1.748750191906526,-0.2479169865108769,0.0,0.0,0.0
2005,3. Quintil,weiblich,2284,1.976670327193767,1.8882928466267028,2.065047807760831,0.9609857305174672,0.0,0.0,2.402464326293668,-1.4414785957762009,0.0,0.0,0.0
2005,4. Quintil,maennlich,2380,0.3904673099407059,0.3647976291192654,0.4161369907621464,0.0,0.0,0.0,0.0,0.0,0.0,0.0,0.0
2005,4. Quintil,weiblich,2417,1.4799825394849604,1.4076677648484566,1.5522973141214642,0.0,0.4877947112194833,0.9745538173063786,12.0,0.0,0.0,0.0,0.0
2005,5. Quintil,maennlich,2755,0.21804419005739725,0.20479849854383958,0.23128988157095492,0.012882704536953673,0.2877834458184089,0.45857445342198044,0.0,0.0,0.0,0.0,0.0
2005,5. Quintil,weiblich,2624,1.196507472761454,1.1306558137367435,1.2623591317861644,0.0,0.0,1.2234335711734352,0.0,0.0,0.0,0.0,0.0
2006,1. Quintil,maennlich,1107,0.5407334984791674,0.48953703110260627,0.5919299658557285,0.0,0.0,0.0,0.0,0.0,0.0,0.0,0.0
2006,1. Quintil,weiblich,1599,1.7132123382991296,1.6209845325344894,1.8054401440637697,2.9777593201931483,0.6267592280688437,2.0580889221278156,4.357264917291147,0.0,0.0,0.0,0.0
2006,2. Quintil,maennlich,1648,0.6873966613542632,0.6358691545738184,0.7389241681347081,1.4717655474466742,0.27301465109780754,0.0,3.6794138686166855,-2.2076483211700113,0.0,0.0,0.0
2006,2. Quintil,weiblich,2031,2.0774991847312156,1.9758654838743062,2.179132885588125,0.0,0.0,3.5043795276558987,0.0,0.0,0.0,0.0,0.0
2006,3. Quintil,maennlich,2197,0.46627765407170013,0.4396626493057061,0.4928926588376942,0.0,0.0,0.0,0.0,0.0,0.0,0.0,0.0
2006,3. Quintil,weiblich,2447,2.0131915921123884,1.9264179569513602,2.0999652272734166,0.0,9.217904133964412,3.681723097639251,0.0,7.0,0.0,0.0,0.0
2006,4. Quintil,maennlich,2528,0.41871354282894796,0.39507648215235286,0.44235060350554306,0.0,0.0,0.0,2.0,0.0,0.0,0.0,0.0
2006,4. Quintil,weiblich,2556,1.6255427381106955,1.5495727777478556,1.7015126984735354,0.0,0.9934202883542222,0.0,8.0,0.0,0.0,0.0,0.0
2006,5. Quintil,maennlich,2970,0.24060733739568751,0.22770280225939343,0.2535118725319816,0.0,0.0,0.0,0.0,0.0,0.0,0.0,0.0
2006,5. Quintil,weiblich,2852,1.1279231438400303,1.0698474865080425,1.1859988011720182,0.0,0.0,0.0,6.0,0.0,0.0,0.0,0.0
2007,1. Quintil,maennlich,955,0.6048508411041151,0.5316348647368172,0.6780668174714131,0.0,0.0,1.388342847808022,0.0,1.0,0.0,0.0,0.0
2007,1. Quintil,weiblich,1335,1.9628576095044976,1.8374357806280655,2.0882794383809298,2.3087914482000245,0.0,4.656067726981129,0.0,8.0,0.0,0.0,0.0
2007,2. Quintil,maennlich,1485,0.6876273082761105,0.6373165617957368,0.7379380547564842,1.7454322797312303,0.0,0.0,4.363580699328075,-2.6181484195968454,0.0,0.0,0.0
2007,2. Quintil,weiblich,1857,1.9201700439884895,1.8217795162153978,2.018560571761581,0.0,7.949261112409575,0.0,14.0,0.0,0.0,0.0,0.0
2007,3. Quintil,maennlich,2059,0.576524910213088,0.5417336948091891,0.611316125616987,0.3338359932425754,0.0,0.0,0.8345899831064385,-0.5007539898638631,0.0,0.0,0.0
2007,3. Quintil,weiblich,2342,1.9931438686944296,1.9066523566196578,2.079635380769201,1.0838458646455127,0.0,0.0,2.7096146616137817,-1.625768796968269,0.0,0.0,0.0
2007,4. Quintil,maennlich,2409,0.3922198392001198,0.36751876335281974,0.4169209150474199,2.5597237493952285,0.11364973214471853,0.7622078920839255,5.255997535362183,-1.9340658938830289,0.0,0.0,0.0
2007,4. Quintil,weiblich,2390,1.5567592141097772,1.480663500387068,1.6328549278324864,0.20017290522704934,0.0,0.0,0.5004322630676233,-0.300259357840574,0.0,0.0,0.0
2007,5. Quintil,maennlich,2865,0.22096332211841385,0.20788225267988328,0.23404439155694443,1.2939981679648742,0.0,0.0,3.2349954199121855,-1.9409972519473113,0.0,0.0,0.0
2007,5. Quintil,weiblich,2812,1.1131947976702938,1.056117739235099,1.1702718561054886,0.0,0.0,0.0,0.0,0.0,0.0,0.0,0.0
2008,1. Quintil,maennlich,859,0.6313777296050401,0.5565142095943267,0.7062412496157535,0.0,0.0,0.0,0.0,0.0,0.0,0.0,0.0
2008,1. Quintil,weiblich,1230,1.7276808890281221,1.6129457213432832,1.842416056712961,0.0,3.564025413643666,0.0,0.0,0.0,0.0,0.0,0.0
2008,2. Quintil,maennlich,1318,0.48249418922508963,0.4418941755038897,0.5230942029462895,0.08410577483459074,0.3488644532119133,0.0,0.21026443708647685,-0.1261586622518861,0.0,0.0,0.0
2008,2. Quintil,weiblich,1645,1.9073334840298761,1.8015309913372899,2.0131359767224626,0.0,0.0,0.33106336894928445,0.0,0.8276584223732111,0.0,0.0,0.0
2008,3. Quintil,maennlich,1875,0.525404900353757,0.4971022191989017,0.5537075815086122,1.0,0.0,0.0,3.0,-1.5,0.0,0.0,0.0
2008,3. Quintil,weiblich,2114,1.8657119767749526,1.7757188811873441,1.955705072362561,2.940719555757874,1.3005907900377935,3.9245975076604425,1.4649026279040214,5.400414435514295,0.0,0.0,0.0
2008,4. Quintil,maennlich,2328,0.42184426834879035,0.39713865421685346,0.44654988248072724,2.5855768657967717,0.0,0.0,6.463942164491929,-3.8783652986951576,0.0,0.0,0.0
2008,4. Quintil,weiblich,2372,1.4376822757098349,1.364276102990348,1.5110884484293217,4.467276172657411,0.0,0.0,11.168190431643527,-6.700914258986117,0.0,0.0,0.0
2008,5. Quintil,maennlich,2824,0.25632879019079635,0.24244500976971628,0.2702125706118764,2.2261969864369213,1.2730891272898863,0.0,5.565492466092303,-3.339295479655382,0.0,0.0,0.0
2008,5. Quintil,weiblich,2748,1.1332028469695152,1.0744865920996338,1.1919191018393966,0.0,0.0,0.0,6.0,0.0,0.0,0.0,0.0
2009,1. Quintil,maennlich,772,0.5828433233501911,0.5063469446957813,0.6593397020046008,0.20857132753181012,0.0,0.0,0.5214283188295252,-0.31285699129771516,0.0,0.0,0.0
2009,1. Quintil,weiblich,1135,1.563656607532961,1.452903498722025,1.674409716343897,5.417309982286155,0.0,0.0,13.543274955715386,-8.125964973429232,0.0,0.0,0.0
2009,2. Quintil,maennlich,1181,0.46669625900707506,0.4260733544247063,0.5073191635894438,0.0,0.0,0.0,0.0,0.0,0.0,0.0,0.0
2009,2. Quintil,weiblich,1506,1.6957300477576467,1.5899422700199144,1.801517825495379,0.0,0.0,0.49307449494162386,0.0,1.2326862373540597,0.0,0.0,0.0
2009,3. Quintil,maennlich,1677,0.6234249798222224,0.5808918589544185,0.6659581006900264,2.32602225120727,0.0,1.5188446319802356,3.536788680047822,0.0,0.0,0.0,0.0
2009,3. Quintil,weiblich,1923,1.9295676091525666,1.8294662007145217,2.0296690175906114,0.0,0.0,1.7361130573923793,0.0,0.0,0.0,0.0,0.0
2009,4. Quintil,maennlich,2164,0.40702725493867253,0.3805971006420985,0.43345740923524656,0.0,0.0,0.9237061755791351,0.0,0.0,0.0,0.0,0.0
2009,4. Quintil,weiblich,2173,1.519179379197455,1.441645102392298,1.596713656002612,0.3746199795029028,0.0,0.0,16.0,-0.5619299692543542,0.0,0.0,0.0
2009,5. Quintil,maennlich,2804,0.2443571808661766,0.2308408259161257,0.2578735358162275,1.5224804680040447,0.4727264594886864,0.0,3.806201170010112,-2.2837207020060672,0.0,0.0,0.0
2009,5. Quintil,weiblich,2680,1.1425650115076997,1.0804515227935765,1.204678500221823,0.0,0.0,0.0,0.0,0.0,0.0,0.0,0.0
2010,1. Quintil,maennlich,1194,0.7089143949700804,0.6470551507111102,0.7707736392290505,2.302911115418519,0.0,0.0,5.757277788546298,-3.4543666731277787,0.0,0.0,0.0
2010,1. Quintil,weiblich,1996,1.8023070859230115,1.709459790215914,1.8951543816301089,1.789185511502513,0.0,0.0,10.0,-2.6837782672537696,0.0,0.0,0.0
2010,2. Quintil,maennlich,1736,0.49289242982365034,0.4571518936546826,0.5286329659926181,0.4748575906800012,0.0,1.3691466694925336,0.0,0.0,0.0,0.0,0.0
2010,2. Quintil,weiblich,2443,1.6083855782744791,1.5293567908680188,1.6874143656809395,4.908702816679472,0.0,0.0,12.271757041698681,-7.363054225019209,0.0,0.0,0.0
2010,3. Quintil,maennlich,2143,0.4977939825960782,0.47001684957745715,0.5255711156146993,0.0,0.0,0.0,1.0,0.0,0.0,0.0,0.0
2010,3. Quintil,weiblich,2613,1.633663791982522,1.5600738085101853,1.707253775454859,0.0,8.629229559791566,0.0,4.0,0.0,0.0,0.0,0.0
2010,4. Quintil,maennlich,2658,0.41433207582044457,0.3912731120262891,0.4373910396146,0.0,0.0,0.9249821025958803,1.0,0.0,0.0,0.0,0.0
2010,4. Quintil,weiblich,2837,1.3917069343995556,1.3293875326351388,1.4540263361639725,0.0,1.2011460589542726,0.0,4.0,0.0,0.0,0.0,0.0
2010,5. Quintil,maennlich,3177,0.28284327820071214,0.26834725312424484,0.29733930327717945,0.0,0.0,0.8126607027765584,0.0,0.0,0.0,0.0,0.0
2010,5. Quintil,weiblich,3168,1.0330528361576976,0.9800358937463763,1.0860697785690188,0.0,15.177234548300074,0.0,0.0,0.0,0.0,0.0,0.0
2011,1. Quintil,maennlich,1270,0.5961719671174651,0.538892426014488,0.6534515082204423,0.0,0.0,4.349810282443994,0.0,10.874525706109985,0.0,0.0,0.0
2011,1. Quintil,weiblich,2022,1.5783397753195205,1.4911158815180807,1.6655636691209603,0.0,0.0,10.828501502471495,0.0,4.0,0.0,0.0,0.0
2011,2. Quintil,maennlich,1962,0.7123781790042227,0.6591571013216202,0.7655992566868253,0.34644238299720165,0.5122075683491586,3.7008936247626676,4.0,1.0,0.0,0.0,0.0
2011,2. Quintil,weiblich,2881,1.7815188453002242,1.7054296137480336,1.8576080768524148,0.9066704494900368,0.8383163523546645,2.82809804206454,15.0,5.710239430926295,0.0,0.0,0.0
2011,3. Quintil,maennlich,2581,0.5491158641310016,0.5152129670207145,0.5830187612412886,7.89412607044424,1.211019602948032,1.3687374491734485,17.682209002350426,-8.419345482732737,0.0,0.0,0.0
2011,3. Quintil,weiblich,3211,1.5832352669582777,1.5161428659281482,1.6503276679884071,1.43473597395038,8.090606082337771,1.731213222304459,7.0,2.1759290948355776,0.0,0.0,0.0
2011,4. Quintil,maennlich,3179,0.43861077408650057,0.4158505081860235,0.46137103998697765,0.0,0.0,0.5584547665098564,3.0,0.0,0.0,0.0,0.0
2011,4. Quintil,weiblich,3487,1.4614300621292013,1.4023335007526265,1.5205266235057762,1.957856004855497,0.7846644023987546,0.0,4.894640012138742,-2.9367840072832454,0.0,0.0,0.0
2011,5. Quintil,maennlich,3856,0.2796416691205769,0.2645219916103853,0.29476134663076853,0.0,0.02669180144629728,0.0,0.0,0.0,0.0,0.0,0.0
2011,5. Quintil,weiblich,3921,1.0412343243876183,0.9932203611613624,1.0892482876138743,1.9959283926293026,2.0739022172842896,0.0,4.989820981573256,-2.993892588943954,0.0,0.0,0.0
2012,1. Quintil,maennlich,1157,0.5972503336138161,0.5425493554285791,0.6519513117990531,0.0,0.0,0.0,0.0,0.0,0.0,0.0,0.0
2012,1. Quintil,weiblich,1803,1.638448923857972,1.544810425592045,1.732087422123899,0.7588501677065997,0.0,0.0,1.8971254192664995,-1.1382752515598997,0.0,0.0,0.0
2012,2. Quintil,maennlich,1979,0.613818585777296,0.5740908704025703,0.6535463011520216,0.0,0.0,0.0,0.0,0.0,0.0,0.0,0.0
2012,2. Quintil,weiblich,2796,1.7191114240779601,1.6462970320343173,1.791925816121603,2.526870919134617,0.13771674662946812,0.0,6.317177297836542,-3.7903063787019255,0.0,0.0,0.0
2012,3. Quintil,maennlich,2544,0.5189293230011784,0.4909388024535918,0.5469198435487651,0.0,0.0,0.0,4.0,0.0,0.0,0.0,0.0
2012,3. Quintil,weiblich,3168,1.5540912441960173,1.486184866600957,1.6219976217910776,0.0,0.0,0.0,4.0,0.0,0.0,0.0,0.0
2012,4. Quintil,maennlich,3053,0.4544196498783061,0.4315030037812217,0.47733629597539046,0.0011216416094425646,1.5457985353760175,0.0,0.0028041040236064115,-0.001682462414163847,0.0,0.0,0.0
2012,4. Quintil,weiblich,3399,1.3460399648056622,1.2894946171583337,1.4025853124529908,2.460615290687634,0.4879140555051569,0.0,6.151538226719085,-3.690922936031451,0.0,0.0,0.0
2012,5. Quintil,maennlich,3819,0.33537927439599974,0.31935271020787775,0.3514058385841217,0.0,0.0,0.4402701721647153,0.0,0.0,0.0,0.0,0.0
2012,5. Quintil,weiblich,3915,1.0297307562943854,0.9831737672756246,1.0762877453131463,0.5600949188066938,0.0,0.0,1.4002372970167345,-0.8401423782100408,0.0,0.0,0.0
2013,1. Quintil,maennlich,938,0.5652823798905627,0.5085207878839244,0.6220439718972011,2.808079799594253,0.0,0.0,7.020199498985631,-4.212119699391379,0.0,0.0,0.0
2013,1. Quintil,weiblich,1524,1.5404499710660642,1.4368654652779365,1.644034476854192,0.3767172243367001,1.166859302894343,0.0,0.9417930608417502,-0.5650758365050501,0.0,0.0,0.0
2013,2. Quintil,maennlich,1600,0.5370811973798988,0.49210707029312417,0.5820553244666734,4.318424566087924,0.0,0.0,10.79606141521981,-6.477636849131887,0.0,0.0,0.0
2013,2. Quintil,weiblich,2391,1.4428968216249118,1.3662435611431492,1.5195500821066745,3.4822986417688018,0.0,3.3602372631600335,3.6653907096819545,0.0,0.0,0.0,0.0
2013,3. Quintil,maennlich,2351,0.47219969435071496,0.44360777741430785,0.5007916112871221,0.0,0.0,1.2486943386147873,0.0,0.0,0.0,0.0,0.0
2013,3. Quintil,weiblich,2949,1.4531528153091053,1.3841465835321265,1.5221590470860842,0.0,0.0,1.8956463069690201,5.0,0.0,0.0,0.0,0.0
2013,4. Quintil,maennlich,2948,0.42590343780096884,0.4018865836860897,0.449920291915848,0.0,0.9394137142716213,1.3304117218964884,0.0,0.0,0.0,0.0,0.0
2013,4. Quintil,weiblich,3311,1.3547289110235223,1.2980849876086042,1.4113728344384404,2.678368153760109,0.0,3.1224128891657528,2.012301050651643,0.0,0.0,0.0,0.0
2013,5. Quintil,maennlich,3786,0.2836485731575405,0.268150154980412,0.299146991334669,0.1333244617932161,0.0,2.81010669680995,0.0,0.0,0.0,0.0,0.0
2013,5. Quintil,weiblich,3882,0.9826497858672231,0.9369010077706775,1.0283985639637685,6.821064263859376,0.0,0.0,17.05266065964844,-10.231596395789063,0.0,0.0,0.0
2014,1. Quintil,maennlich,1110,0.5386769993682958,0.49009484276761056,0.5872591559689812,1.0,0.0,2.8385109628015615,1.0,0.0,0.0,0.0,0.0
2014,1. Quintil,weiblich,1723,1.6528147197073766,1.558124166454821,1.747505272959932,1.4027439135343351,0.7236812331208043,7.1996883867873,0.0,0.0,0.0,0.0,0.0
2014,2. Quintil,maennlich,1855,0.548046207413167,0.5096831787698136,0.5864092360565204,5.927606279027765,2.7708910982471386,0.3363675198862006,14.314464417740112,-8.050490618826146,0.0,0.0,0.0
2014,2. Quintil,weiblich,2503,1.6664849216492452,1.5880267960906016,1.7449430472078888,1.5036918799934522,2.0007046778134936,0.0,3.7592296999836305,-2.2555378199901783,0.0,0.0,0.0
2014,3. Quintil,maennlich,2432,0.5071530745516427,0.48121715213930133,0.533088996963984,0.0,0.0,0.5435204431610277,1.0,1.3588011079025692,0.0,0.0,0.0
2014,3. Quintil,weiblich,2915,1.4363291969875922,1.3722509244042527,1.5004074695709317,0.28308297994732873,0.0,0.0,12.0,-0.4246244699209931,0.0,0.0,0.0
2014,4. Quintil,maennlich,3046,0.4382571973133365,0.41705481702899855,0.4594595775976745,0.35220087730058913,2.9576259112427676,0.0,0.8805021932514728,-0.5283013159508837,0.0,0.0,0.0
2014,4. Quintil,weiblich,3444,1.2541761573983508,1.1993953396054466,1.3089569751912549,0.10656187894753255,1.398617529382548,0.18077740610055826,3.0,0.0,0.0,0.0,0.0
2014,5. Quintil,maennlich,3989,0.3490336520158439,0.3310476997164685,0.3670196043152193,0.0,0.9526535553765209,0.0,0.0,0.0,0.0,0.0,0.0
2014,5. Quintil,weiblich,4064,1.0099514546019885,0.9667393810214513,1.0531635281825258,0.16022770211681203,0.8447035662789473,0.0,0.4005692552920301,-0.24034155317521805,0.0,0.0,0.0
2015,1. Quintil,maennlich,1232,0.5302096542103737,0.47411480256350197,0.5863045058572455,0.7911498299247897,0.0,0.0,1.9778745748119742,-1.1867247448871845,0.0,0.0,0.0
2015,1. Quintil,weiblich,1665,1.79714093789661,1.6894860394912878,1.904795836301932,0.0,0.0,10.383808408282974,0.0,0.0,0.0,0.0,0.0
2015,2. Quintil,maennlich,1665,0.49696142320534675,0.4614404281464206,0.5324824182642729,1.0,2.6034239010390543,0.0,2.5,-1.5,0.0,0.0,0.0
2015,2. Quintil,weiblich,2295,1.7290385640891048,1.6466896164744258,1.8113875117037839,4.651333594854922,0.23173478123157754,23.274500134427868,0.0,7.0,0.0,0.0,0.0
2015,3. Quintil,maennlich,2260,0.4573986501390962,0.4293826919926561,0.4854146082855363,3.6226427573719198,2.0,0.4950118498635919,8.314089118634412,-4.1964345113989,0.0,0.0,0.0
2015,3. Quintil,weiblich,2848,1.4348893850007836,1.3685730917258412,1.501205678275726,0.0,0.2180498745935549,0.0,0.0,0.0,0.0,0.0,0.0
2015,4. Quintil,maennlich,3113,0.4820679405622003,0.4585004479323364,0.5056354331920642,0.0,1.894053180393411,0.14768541207814376,2.0,0.0,0.0,0.0,0.0
2015,4. Quintil,weiblich,3564,1.4518736410500224,1.3894296704841447,1.5143176116159,10.439092520399857,5.751708364575978,2.618090615080585,22.170595378378763,-9.113412242898324,0.0,0.0,0.0
2015,5. Quintil,maennlich,4042,0.333487776316754,0.3183594079967512,0.34861614463675683,0.0,0.0,3.85176323844433,0.0,0.0,0.0,0.0,0.0
2015,5. Quintil,weiblich,4100,1.2111798663566353,1.1589606515101996,1.263399081203071,0.3175988599948292,1.6855547548236933,5.010522986232819,0.0,0.0,0.0,0.0,0.0
2016,1. Quintil,maennlich,990,0.5731226422675307,0.5164012449113107,0.6298440396237508,0.0,0.0,0.37866973194201803,0.0,0.0,0.0,0.0,0.0
2016,1. Quintil,weiblich,1387,1.5901814456004744,1.4819872566597236,1.698375634541225,16.089591131383358,0.0,0.560691855358848,39.38294004542013,-22.73265705867792,0.0,0.0,0.0
2016,2. Quintil,maennlich,1337,0.6263938700324234,0.5812899998463267,0.6714977402185202,0.0,0.0,0.4104635636000321,2.0,0.0,0.0,0.0,0.0
2016,2. Quintil,weiblich,1872,2.0524010240152064,1.9518982470963346,2.1529038009340784,0.0,1.1346139472275263,0.49442473555348243,8.0,0.0,0.0,0.0,0.0
2016,3. Quintil,maennlich,1991,0.5063550424434652,0.47770595006246924,0.5350041348244611,0.0,3.4667041442113793,0.0,0.0,0.0,0.0,0.0,0.0
2016,3. Quintil,weiblich,2484,1.4640212287132166,1.3920600565150927,1.5359824009113405,0.0,4.494716081069768,0.0,0.0,0.0,0.0,0.0,0.0
2016,4. Quintil,maennlich,2824,0.5144696195563558,0.4923587783178845,0.5365804607948272,0.0,0.0,0.6027090664614699,2.0,1.5067726661536747,0.0,0.0,0.0
2016,4. Quintil,weiblich,3297,1.4774348742247192,1.4154014567698825,1.539468291679556,0.0,2.8952748545069924,0.0,3.0,0.0,0.0,0.0,0.0
2016,5. Quintil,maennlich,3982,0.3614087002386827,0.3456200198170842,0.37719738066028125,2.6260283731609473,0.34050998038691294,0.6155534125029379,5.641740814147962,-2.4001590284840764,0.0,0.0,0.0
2016,5. Quintil,weiblich,4124,1.1143728185145936,1.0685387271102098,1.1602069099189773,2.7155969432759406,0.0,1.0946522317962297,5.147014010495507,-1.3367648354233368,0.0,0.0,0.0
2017,1. Quintil,maennlich,1680,0.6609493441121864,0.6136912818783471,0.7082074063460257,0.0,0.0,0.0,0.0,0.0,0.0,0.0,0.0
2017,1. Quintil,weiblich,1672,1.9238791734609455,1.8189535496151492,2.0288047973067416,8.336314266186081,2.4341666451242934,0.0,20.840785665465205,-12.504471399279122,0.0,0.0,0.0
2017,2. Quintil,maennlich,1463,0.7062666427775135,0.6547124405426595,0.7578208450123675,0.22218452550857726,0.0,0.0,0.5554613137714431,-0.3332767882628659,0.0,0.0,0.0
2017,2. Quintil,weiblich,1974,2.065314183673876,1.96587484300483,2.164753524342922,1.7716479071333355,0.0,13.619440866431898,0.0,0.0,0.0,0.0,0.0
2017,3. Quintil,maennlich,2185,0.4782338612101405,0.4504206710051401,0.5060470514151408,0.26397365574925213,0.0,12.147346425420539,0.0,3.0,0.0,0.0,0.0
2017,3. Quintil,weiblich,2698,1.4872124898439698,1.4166756303249333,1.5577493493630064,0.0,0.8041273575431944,1.7170769695405022,0.0,4.292692423851255,0.0,0.0,0.0
2017,4. Quintil,maennlich,3059,0.5105836543640492,0.4889730516090898,0.5321942571190086,0.039974028859720186,2.4501060600395794,0.5665966891060321,0.0,0.0,0.0,0.0,0.0
2017,4. Quintil,weiblich,3565,1.4558205473190575,1.39605092210558,1.5155901725325351,9.809118010161137,0.0,8.623748901828304,11.58717167266039,4.0,0.0,0.0,0.0
2017,5. Quintil,maennlich,4898,0.35216481265049343,0.33774156768169705,0.3665880576192898,0.0,0.0607675854172528,0.0,0.0,0.0,0.0,0.0,0.0
2017,5. Quintil,weiblich,5033,1.1430273958385375,1.1002183244635224,1.1858364672135526,5.466638579581823,0.0,0.012594777159739556,13.64770428321495,-8.168470926473386,0.0,0.0,0.0
2018,1. Quintil,maennlich,2073,0.47632493006098525,0.4427782028173021,0.5098716573046683,1.8852162097059977,3.4445073202246617,0.26293779980328225,4.31863382456007,-2.1704798150507907,0.0,0.0,0.0
2018,1. Quintil,weiblich,1968,1.8038721941466174,1.7104032040228883,1.8973411842703465,2.958446124705227,3.3658512492686175,0.0,7.396115311763068,-4.437669187057841,0.0,0.0,0.0
2018,2. Quintil,maennlich,1502,0.5826716388369739,0.5402170771237453,0.6251262005502025,0.5904212738287025,1.4733618992477446,0.0,1.4760531845717562,-0.8856319107430537,0.0,0.0,0.0
2018,2. Quintil,weiblich,1875,1.9019863795088392,1.8015974982002052,2.002375260817473,0.0,2.643432341724594,0.0,0.0,0.0,0.0,0.0,0.0
2018,3. Quintil,maennlich,2024,0.5295466107032567,0.5023792634114712,0.5567139579950422,2.6038586124063645,2.0,0.0,6.509646531015911,-3.9057879186095468,0.0,0.0,0.0
2018,3. Quintil,weiblich,2527,1.5154541747942736,1.4418416250460053,1.5890667245425418,0.0,0.8627519639972812,0.0,6.0,0.0,0.0,0.0,0.0
2018,4. Quintil,maennlich,3126,0.4652612288458251,0.4455769932683129,0.4849454644233373,0.0,1.6640361214963548,0.0,0.0,0.0,0.0,0.0,0.0
2018,4. Quintil,weiblich,3715,1.429409246525503,1.3701856363732763,1.4886328566777298,0.0,0.0,1.9235339006993764,0.0,0.0,0.0,0.0,0.0
2018,5. Quintil,maennlich,4788,0.3754163084086175,0.36057144394315427,0.39026117287408074,1.246664813979789,0.0,0.0,3.1166620349494725,-1.8699972209696833,0.0,0.0,0.0
2018,5. Quintil,weiblich,4912,1.0924238330121463,1.0501980222983363,1.1346496437259563,1.9266026356967014,0.0,0.5286210533233665,4.023575009256704,-1.5683513202366361,0.0,0.0,0.0
2019,1. Quintil,maennlich,1750,0.39693476248421666,0.3647662791026776,0.4291032458657557,0.0,0.0,0.0,0.0,0.0,0.0,0.0,0.0
2019,1. Quintil,weiblich,1627,1.6681240975388756,1.570228891812845,1.766019303264906,0.9997848508081015,21.331018489130102,1.545668882259712,0.18095880363068584,2.364494929437128,0.0,0.0,0.0
2019,2. Quintil,maennlich,1422,0.480909057800275,0.4431907539998031,0.5186273616007469,0.0,0.0,0.0,3.0,0.0,0.0,0.0,0.0
2019,2. Quintil,weiblich,1655,1.5672320050375954,1.4717021149632763,1.6627618951119145,0.0,6.758000340613795,0.0,5.0,0.0,0.0,0.0,0.0
2019,3. Quintil,maennlich,1817,0.5332863613687999,0.5019770412816463,0.5645956814559535,0.0,0.0,0.0,0.0,0.0,0.0,0.0,0.0
2019,3. Quintil,weiblich,2184,1.718122205968737,1.6311367459105313,1.805107666026943,0.0,0.0,0.0,0.0,0.0,0.0,0.0,0.0
2019,4. Quintil,maennlich,2759,0.49829587533350495,0.47300462932187065,0.5235871213451393,0.4010937052439887,0.0,0.0,1.0027342631099718,-0.601640557865983,0.0,0.0,0.0
2019,4. Quintil,weiblich,3288,1.6209466547352698,1.55267472194083,1.6892185875297097,0.677095738087094,0.23349021198508127,17.678926457890697,0.0,0.0,0.0,0.0,0.0
2019,5. Quintil,maennlich,6230,0.4475143231087277,0.43148543425629465,0.4635432119611607,0.0,0.0,5.364707977243729,0.0,3.0,0.0,0.0,0.0
2019,5. Quintil,weiblich,5830,1.2322009849689965,1.190316843231567,1.2740851267064262,0.0,0.0,0.006875326731167817,0.0,0.01718831682791954,0.0,0.0,0.0
2020,1. Quintil,maennlich,2160,0.5164871815212906,0.47151456985634577,0.5614597931862354,0.0,0.0,0.0,0.0,0.0,0.0,0.0,0.0
2020,1. Quintil,weiblich,1802,1.4761969027911945,1.382813030875106,1.569580774707283,7.147973107534877,5.300173554824954,0.769069903533387,16.716327913537114,-8.79928490246885,0.0,0.0,0.0
2020,2. Quintil,maennlich,1586,0.660456034156774,0.6173579938886601,0.7035540744248879,1.3621453251369982,2.703211814657596,0.0,3.4053633128424954,-2.0432179877054972,0.0,0.0,0.0
2020,2. Quintil,weiblich,1642,1.693179132136734,1.5923387392102613,1.7940195250632067,1.074156726093901,0.0,0.0,2.6853918152347522,-1.6112350891408513,0.0,0.0,0.0
2020,3. Quintil,maennlich,1739,0.5632714140394435,0.526620017707901,0.5999228103709859,0.0,0.0,0.0,0.0,0.0,0.0,0.0,0.0
2020,3. Quintil,weiblich,1984,1.7056327724038254,1.6164469678540663,1.7948185769535845,7.671173522826641,0.0,4.887382615315347,11.846859884093583,0.0,0.0,0.0,0.0
2020,4. Quintil,maennlich,2828,0.5573207597255463,0.5330644224446248,0.5815770970064678,1.1359376866643518,0.0,0.0,2.8398442166608797,-1.7039065299965277,0.0,0.0,0.0
2020,4. Quintil,weiblich,3189,1.697506743221255,1.6274490294078219,1.767564457034688,1.203897118499868,2.1953608162031726,0.8328635929501655,1.7604474068244214,0.0,0.0,0.0,0.0
2020,5. Quintil,maennlich,6132,0.4516070969037402,0.4362658205650311,0.46694837324244926,0.0,1.0,0.0,0.0,0.0,0.0,0.0,0.0
2020,5. Quintil,weiblich,6025,1.2911984091294069,1.2484853096374529,1.3339115086213609,0.0,0.0,0.7104162735413869,2.0,0.0,0.0,0.0,0.0
2021,1. Quintil,maennlich,882,0.4682316880933632,0.3834873410434171,0.5529760351433093,0.829637666897599,0.892097384462388,0.0,2.0740941672439974,-1.2444565003463985,0.0,0.0,0.0
2021,1. Quintil,weiblich,822,1.9442751564122562,1.7694866035763122,2.1190637092482003,0.0,0.0,0.0,0.0,0.0,0.0,0.0,0.0
2021,2. Quintil,maennlich,814,0.518972594875336,0.4662132190321114,0.5717319707185606,0.634166045887563,0.911180228521945,1.4280340956039606,2.0,2.0,0.0,0.0,0.0
2021,2. Quintil,weiblich,927,1.7813054809497593,1.6454408186351723,1.9171701432643462,1.4363023536703898,3.8004756756418274,2.222075206989872,12.0,1.0,0.0,0.0,0.0
2021,3. Quintil,maennlich,993,0.5791550151959654,0.5349303525250731,0.6233796778668576,1.0927542041854643,0.0,0.14323247095409697,2.5170368040325153,-1.281050128892954,0.0,0.0,0.0
2021,3. Quintil,weiblich,1223,1.7145648327945275,1.6013294318866813,1.8278002337023738,0.0,1.293762615111068,6.887781552824062,7.0,0.0,0.0,0.0,0.0
2021,4. Quintil,maennlich,1634,0.5423052773834245,0.5097328382055106,0.5748777165613383,0.4033471882638169,0.20909834788338177,0.0,1.0083679706595423,-0.6050207823957253,0.0,0.0,0.0
2021,4. Quintil,weiblich,1937,1.9651760391389017,1.8638509052830254,2.0665011729947778,0.0,0.0,6.299055228649254,0.0,0.0,0.0,0.0,0.0
2021,5. Quintil,maennlich,4455,0.6001997474338044,0.5751333329164144,0.6252661619511944,0.0,0.0,0.770864053604849,0.0,1.9271601340121225,0.0,0.0,0.0
2021,5. Quintil,weiblich,4504,1.4594925580494214,1.406229889096268,1.5127552270025748,0.0,22.225190596158434,0.0,0.0,0.0,0.0,0.0,0.0
